0.323328250038603	4.70314369965304	39
0.315292422578755	4.69710309569724	39
0.307333136064291	4.69096199015377	39
0.299451647358817	4.68472135277439	39
0.291649201040766	4.6783821690281	39
0.28392702920686	4.67194543994548	39
0.27628635127755	4.66541218196068	39
0.268728373804455	4.65878342675087	39
0.261254290279832	4.65206022107335	39
0.253865280948112	4.64524362660022	39
0.246562512619525	4.63833471975077	39
0.239347138485846	4.63133459152148	39
0.232220297938294	4.62424434731376	39
0.225183116387609	4.61706510675936	39
0.218236705086335	4.60979800354357	39
0.211382160953343	4.60244418522624	39
0.204620566400609	4.59500481306054	39
0.197952989162299	4.58748106180957	39
0.19138048212615	4.57987411956086	39
0.184904083167215	4.57218518753879	39
0.178524814983966	4.56441547991485	39
0.1722436849368	4.55656622361594	39
0.166061684888964	4.54863865813062	39
0.159979791049931	4.5406340353134	39
0.15399896382124	4.53255361918699	39
0.148120147644843	4.52439868574278	39
0.142344270853965	4.51617052273929	39
0.136672245526505	4.50787042949885	39
0.131104967341017	4.49949971670239	39
0.125643315435262	4.49105970618251	39
0.12028815226739	4.4825517307147	39
0.115040323479746	4.47397713380692	39
0.109900657765328	4.46533726948742	39
0.104869966736935	4.45663350209093	39
0.099949044798997	4.44786720604322	39
0.0951386690221332	4.43903976564406	39
0.0904395990204427	4.43015257484862	39
0.085852576831552	4.42120703704734	39
0.081378326799439	4.41220456484436	39
0.0770175554600512	4.40314657983438	39
0.0727709514297347	4.39403451237825	39
0.0686391852964939	4.38486980137705	39
0.0646229095140983	4.37565389404488	39
0.0607227582990522	4.36638824568035	39
0.0569393475304442	4.35707431943674	39
0.0532732746526936	4.34771358609099	39
0.0497251185812061	4.33830752381139	39
0.0462954396109571	4.32885761792421	39
0.0429847793280139	4.31936536067916	39
0.0397936605240136	4.30983225101368	39
0.036722587113608	4.30025979431629	39
0.0337720440548896	4.29064950218889	39
0.0309424972728113	4.281002892208	39
0.0282343935856111	4.27132148768517	39
0.0256481606342543	4.2616068174264	39
0.0231842068149047	4.25186041549073	39
0.0208429212144334	4.24208382094803	39
0.0186246735489778	4.2322785776359	39
0.0165298141055589	4.22244623391593	39
0.0145586736867671	4.21258834242917	39
0.0127115635585251	4.20270645985096	39
0.0109887754009341	4.19280214664511	39
0.00939058126221581	4.18287696681751	39
0.00791723351575124	4.17293248766909	39
0.00656896482022917	4.16297027954839	39
0.00534598808290654	4.15299191560357	39
0.0042484964259869	4.14299897153396	39
0.00327666315612585	4.13299302534127	39
0.00243064173706231	4.1229756570804	39
0.00171056576538586	4.11294844860993	39
0.00111654894943969	4.1029129833423	39
0.000648685091365175	4.09287084599383	39
0.000307048072289207	4.0828236223344	39
9.16918406572709e-05	4.07277289893711	39
2.65040371516534e-06	4.06272026292769	39
3.99378221376256e-05	4.0526673017339	39
0.000203548207809323	4.04261560283486	39
0.000493455724753677	4.03256675351033	39
0.000909614593212815	4.02252234059013	39
0.00145195909687734	4.01248395020348	39
0.00212040359326315	4.0024531675286	39
0.00291484252723506	3.99243157654236	39
0.00383515044767635	3.98242075977014	39
0.0048811820272977	3.97242229803596	39
0.00605277208558674	3.96243777021284	39
0.00734973561489161	3.95246875297346	39
0.00877186780963624	3.94251682054122	39
0.0103189440986614	3.9325835444416	39
0.0119907201806864	3.92267049325405	39
0.0137869320628883	3.91277923236427	39
0.0157072961025884	3.90291132371703	39
0.0177515090520435	3.89306832556948	39
0.0199192481063315	3.88325179224514	39
0.0222101709543263	3.87346327388841	39
0.0246239158327534	3.86370431621983	39
0.0271601015833149	3.85397646029193	39
0.0298183277128808	3.84428124224593	39
0.0325981744567303	3.83462019306915	39
0.0354992028448369	3.82499483835326	39
0.0385209547711889	3.81540669805334	39
0.0416629530661277	3.8058572862479	39
0.0449247015716991	3.79634811089975	39
0.0483056852200031	3.78688067361793	39
0.0518053701145277	3.77745646942052	39
0.0554232036144584	3.76807698649862	39
0.0591586144219466	3.75874370598132	39
0.0630110126723232	3.7494581017018	39
0.0669797900272464	3.74022163996462	39
0.0710643197707641	3.73103577931416	39
0.0752639569082805	3.7219019703043	39
0.0795780382684077	3.71282165526937	39
0.0840058826076886	3.70379626809638	39
0.0885467907181728	3.69482723399858	39
0.0932000455378301	3.68591596929043	39
0.0979649122637819	3.67706388116393	39
0.102840638468336	3.66827236746641	39
0.107826454217804	3.65954281647981	39
0.112921572194081	3.65087660670141	39
0.118125187818975	3.64227510662621	39
0.123436479381255	3.63373967453077	39
0.128854608166414	3.62527165825878	39
0.134378718589108	3.61687239500815	39
0.140007938328264	3.60854321111994	39
0.145741378464828	3.60028542186883	39
0.151578133622139	3.59210033125546	39
0.157517282108896	3.58398923180054	39
0.163557886064704	3.5759534043407	39
0.169698991608173	3.56799411782623	39
0.175939628987549	3.56011262912076	39
0.182278812733844	3.55231018280271	39
0.18871554181646	3.5445880109688	39
0.195248799801258	3.53694733303949	39
0.201877555011065	3.52938935556639	39
0.208600760688592	3.52191527204177	39
0.215417355161723	3.51452626271005	39
0.222326262011171	3.50722349438146	39
0.229326390240454	3.50000812024779	39
0.236416634448176	3.49288127970023	39
0.243595875002585	3.48584409814955	39
0.250862978218372	3.47889768684828	39
0.258216796535696	3.47204314271528	39
0.265656168701398	3.46528154816255	39
0.273179919952372	3.45861397092424	39
0.280786862201077	3.45204146388809	39
0.288475794223151	3.44556506492916	39
0.296245501847094	3.43918579674591	39
0.304094758146002	3.43290466669874	39
0.312022323631315	3.4267226666509	39
0.320026946448543	3.42064077281187	39
0.328107362574952	3.41465994558318	39
0.336262296019162	3.40878112940678	39
0.344490459022649	3.4030052526159	39
0.352790552263091	3.39733322728845	39
0.361161265059546	3.39176594910296	39
0.369601275579429	3.3863042971972	39
0.378109251047238	3.38094913402933	39
0.38668384795502	3.37570130524169	39
0.395323712274522	3.37056163952727	39
0.404027479671013	3.36553094849887	39
0.412793775718721	3.36061002656094	39
0.421621216117882	3.35579965078407	39
0.430508406913323	3.35110058078238	39
0.439453944714596	3.34651355859349	39
0.44845641691758	3.34203930856138	39
0.457514401927555	3.33767853722199	39
0.466626469383686	3.33343193319167	39
0.475791180384889	3.32930016705843	39
0.485007087717057	3.32528389127604	39
0.494272736081587	3.32138374006099	39
0.503586662325194	3.31760032929238	39
0.512947395670952	3.31393425641463	39
0.522353457950554	3.31038610034315	39
0.531803363837725	3.3069564213729	39
0.541295621082781	3.30364576108995	39
0.550828730748264	3.30045464228595	39
0.560401187445646	3.29738356887555	39
0.570011479573049	3.29443302581683	39
0.579658089553938	3.29160347903475	39
0.589339494076771	3.28889537534755	39
0.599054164335544	3.28630914239619	39
0.608800566271206	3.28384518857684	39
0.618577160813908	3.28150390297637	39
0.628382404126038	3.27928565531092	39
0.638214747846011	3.2771907958675	39
0.648072639332772	3.27521965544871	39
0.657954521910981	3.27337254532046	39
0.667858835116824	3.27164975716287	39
0.677784014944431	3.27005156302416	39
0.687728494092851	3.26857821527769	39
0.697690702213546	3.26722994658217	39
0.707669066158368	3.26600696984485	39
0.717662010227979	3.26490947818793	39
0.727667956420666	3.26393764491807	39
0.737685324681534	3.263091623499	39
0.74771253315201	3.26237154752733	39
0.757747998419636	3.26177753071138	39
0.767790135768113	3.2613096668533	39
0.777837359427541	3.26096802983423	39
0.787888082824833	3.2607526736026	39
0.797940718834252	3.26066363216566	39
0.807993680028039	3.26070091958408	39
0.818045378927085	3.26086452996975	39
0.828094228251608	3.26115443748669	39
0.838138641171812	3.26157059635515	39
0.848177031558459	3.26211294085882	39
0.858207814233336	3.2627813853552	39
0.86822940521958	3.26357582428918	39
0.878240221991799	3.26449613220962	39
0.888238683725976	3.26554216378924	39
0.898223211549097	3.26671375384753	39
0.908192228788475	3.26801071737683	39
0.918144161220723	3.26943284957158	39
0.928077437320344	3.2709799258606	39
0.937990488507892	3.27265170194263	39
0.947881749397667	3.27444791382483	39
0.957749658044913	3.27636827786453	39
0.967592656192462	3.27841249081398	39
0.977409189516802	3.28058022986827	39
0.987197707873525	3.28287115271627	39
0.99695666554211	3.28528489759469	39
1.00668452147001	3.28782108334525	39
1.01637973951601	3.29047930947482	39
1.02604078869279	3.29325915621867	39
1.03992404266453	3.29737596324408	39
1.05166687694858	3.30083612478904	39
1.06341139757059	3.30427385717099	39
1.07515760453057	3.30768916038994	39
1.08690549782853	3.31108203444587	39
1.09865507746444	3.3144524793388	39
1.11040634343833	3.31780049506872	39
1.12215929575018	3.32112608163562	39
1.13391393440001	3.32442923903952	39
1.1456702593878	3.32770996728041	39
1.15742827071355	3.33096826635828	39
1.16918796837728	3.33420413627315	39
1.18094935237897	3.33741757702501	39
1.19271242271863	3.34060858861386	39
1.20447717939626	3.3437771710397	39
1.21624362241186	3.34692332430252	39
1.22801175176542	3.35004704840234	39
1.23978156745696	3.35314834333915	39
1.25155306948646	3.35622720911295	39
1.26332625785393	3.35928364572374	39
1.27510113255936	3.36231765317152	39
1.28687769360277	3.36532923145629	39
1.29865594098414	3.36831838057805	39
1.31043587470348	3.3712851005368	39
1.32221749476078	3.37422939133255	39
1.33400080115606	3.37715125296528	39
1.3457857938893	3.380050685435	39
1.35757247296051	3.38292768874171	39
1.36936083836969	3.38578226288541	39
1.38115089011684	3.38861440786611	39
1.39294262820195	3.39142412368379	39
1.40473605262504	3.39421141033846	39
1.41653116338609	3.39697626783013	39
1.4283279604851	3.39971869615878	39
1.44012644392209	3.40243869532443	39
1.45192661369704	3.40513626532706	39
1.46372846980996	3.40781140616669	39
1.47553201226085	3.4104641178433	39
1.48733724104971	3.41309440035691	39
1.49914415617654	3.4157022537075	39
1.51095275764133	3.41828767789509	39
1.52276304544409	3.42085067291967	39
1.53457501958482	3.42339123878123	39
1.54638868006351	3.42590937547979	39
1.55820402688018	3.42840508301534	39
1.57002106003481	3.43087836138788	39
1.58183977952741	3.4333292105974	39
1.59366018535798	3.43575763064392	39
1.60548227752651	3.43816362152743	39
1.61730605603302	3.44054718324793	39
1.62913152087749	3.44290831580542	39
1.64095867205993	3.4452470191999	39
1.65278750958033	3.44756329343137	39
1.66461803343871	3.44985713849983	39
1.67645024363505	3.45212855440528	39
1.68828414016936	3.45437754114772	39
1.70011972304164	3.45660409872715	39
1.71195699225188	3.45880822714357	39
1.7237959478001	3.46098992639698	39
1.73563658968628	3.46314919648739	39
1.74747891791043	3.46528603741478	39
1.75932293247255	3.46740044917916	39
1.77116863337263	3.46949243178053	39
1.78301602061069	3.4715619852189	39
1.79486509418671	3.47360910949425	39
1.80671585410069	3.47563380460659	39
1.81856830035265	3.47763607055593	39
1.83042243294258	3.47961590734225	39
1.84227825187047	3.48157331496557	39
1.85413575713633	3.48350829342587	39
1.86599494874016	3.48542084272317	39
1.87785582668195	3.48731096285745	39
1.88971839096172	3.48917865382873	39
1.90158264157945	3.49102391563699	39
1.91344857853515	3.49284674828225	39
1.92531620182881	3.4946471517645	39
1.93718551146045	3.49642512608373	39
1.94905650743005	3.49818067123996	39
1.96092918973762	3.49991378723318	39
1.97280355838316	3.50162447406339	39
1.98467961336667	3.50331273173058	39
1.99655735468814	3.50497856023477	39
2.00843678234758	3.50662195957595	39
2.02031789634499	3.50824292975412	39
2.03220069668037	3.50984147076928	39
2.04408518335371	3.51141758262143	39
2.05597135636503	3.51297126531057	39
2.06785921571431	3.5145025188367	39
2.07974876140156	3.51601134319982	39
2.09163999342677	3.51749773839993	39
2.10353291178996	3.51896170443703	39
2.11542751649111	3.52040324131112	39
2.12732380753023	3.52182234902221	39
2.13922178490732	3.52321902757028	39
2.15112144862238	3.52459327695534	39
2.1630227986754	3.52594509717739	39
2.17492583506639	3.52727448823644	39
2.18683055779535	3.52858145013247	39
2.19873696686228	3.52986598286549	39
2.21064506226717	3.53112808643551	39
2.22255484401004	3.53236776084251	39
2.23446631209087	3.53358500608651	39
2.24637946650967	3.53477982216749	39
2.25829430726643	3.53595220908547	39
2.27021083436117	3.53710216684043	39
2.28212904779387	3.53822969543239	39
2.29404894756454	3.53933479486133	39
2.30597053367318	3.54041746512727	39
2.31789380611978	3.5414777062302	39
2.32981876490436	3.54251551817011	39
2.3417454100269	3.54353090094702	39
2.35367374148741	3.54452385456092	39
2.36560375928588	3.54549437901181	39
2.37753546342233	3.54644247429968	39
2.38946885389674	3.54736814042455	39
2.40140393070912	3.54827137738641	39
2.41334069385947	3.54915218518526	39
2.42527914334779	3.5500105638211	39
2.43721927917407	3.55084651329393	39
2.44916110133832	3.55166003360375	39
2.46110460984054	3.55245112475056	39
2.47304980468073	3.55321978673436	39
2.48499668585889	3.55396601955515	39
2.49694525337501	3.55468982321293	39
2.5088955072291	3.5553911977077	39
2.52084744742116	3.55607014303946	39
2.53280107395118	3.55672665920822	39
2.54475638681918	3.55736074621396	39
2.55671338602514	3.55797240405669	39
2.56867207156907	3.55856163273642	39
2.58063244345097	3.55912843225313	39
2.59259450167084	3.55967280260683	39
2.60455824622867	3.56019474379752	39
2.61652367712447	3.56069425582521	39
2.62849079435824	3.56117133868988	39
2.64045959792998	3.56162599239155	39
2.65243008783968	3.5620582169302	39
2.66440226408736	3.56246801230585	39
2.676376126673	3.56285537851848	39
2.68835167559661	3.56322031556811	39
2.70032891085818	3.56356282345473	39
2.71230783245773	3.56388290217833	39
2.72428844039524	3.56418055173893	39
2.73627073467072	3.56445577213652	39
2.74825471528417	3.56470856337109	39
2.76024038223558	3.56493892544266	39
2.77222773552496	3.56514685835122	39
2.78421677515232	3.56533236209677	39
2.79620750111764	3.56549543667931	39
2.80819991342092	3.56563608209884	39
2.82019401206218	3.56575429835535	39
2.8321897970414	3.56585008544886	39
2.84418726835859	3.56592344337936	39
2.85618642601375	3.56597437214685	39
2.86818727000688	3.56600287175134	39
2.88018980033797	3.56600894219281	39
2.89219401700703	3.56599258347127	39
2.90419992001406	3.56595379558672	39
2.91620750935906	3.56589257853916	39
2.92821678504202	3.56580893232859	39
2.94022774706296	3.56570285695501	39
2.95224039542186	3.56557435241842	39
2.96425473011873	3.56542341871883	39
2.97627075115356	3.56525005585622	39
2.98828845852637	3.56505426383061	39
3.00030785223714	3.56483604264198	39
3.01232893228588	3.56459539229034	39
3.02435169867259	3.5643323127757	39
3.03637615139726	3.56404680409804	39
3.04840229045991	3.56373886625738	39
3.06043011586052	3.5634084992537	39
3.0724596275991	3.56305570308702	39
3.08449082567565	3.56268047775732	39
3.09652371009016	3.56228282326462	39
3.10855828084264	3.56186273960891	39
3.1205945379331	3.56142022679018	39
3.13263248136151	3.56095528480845	39
3.1446721111279	3.56046791366371	39
3.15671342723225	3.55995811335595	39
3.16875642967458	3.55942588388519	39
3.18080111845487	3.55887122525142	39
3.19284749357312	3.55829413745464	39
3.20489555502935	3.55769462049485	39
3.21694530282354	3.55707267437205	39
3.2289967369557	3.55642829908624	39
3.24104985742583	3.55576149463741	39
3.25310466423393	3.55507226102558	39
3.26516115738	3.55436059825075	39
3.27721933686403	3.5536265063129	39
3.28927920268603	3.55286998521204	39
3.301340754846	3.55209103494817	39
3.31340399334393	3.55128965552129	39
3.32546891817984	3.5504658469314	39
3.33753552935371	3.5496196091785	39
3.34960382686555	3.5487509422626	39
3.36167381071535	3.54785984618368	39
3.37374548090313	3.54694632094175	39
3.38581883742887	3.54601036653682	39
3.39789388029258	3.54505198296887	39
3.40997060949426	3.54407117023791	39
3.42204902503391	3.54306792834395	39
3.43412912691152	3.54204225728697	39
3.44621091512711	3.54099415706699	39
3.45829438968066	3.53992362768399	39
3.47037955057217	3.53883066913798	39
3.48246639780166	3.53771528142897	39
3.49455493136912	3.53657746455695	39
3.50664515127454	3.53541721852191	39
3.51873705751793	3.53423454332387	39
3.53083065009928	3.53302943896282	39
3.54292592901861	3.53180190543875	39
3.5550228942759	3.53055194275168	39
3.56712154587116	3.5292795509016	39
3.57922188380439	3.52798472988851	39
3.59132390807559	3.5266674797124	39
3.60342761868475	3.52532780037329	39
3.61553301563188	3.52396569187117	39
3.62764009891698	3.52258115420604	39
3.63974886854005	3.5211741873779	39
3.65185932450109	3.51974479138675	39
3.66397146680009	3.51829296623259	39
3.67608529543706	3.51681871191542	39
3.688200810412	3.51532202843524	39
3.70031801172491	3.51380291579205	39
3.71243689937578	3.51226137398586	39
3.72455747336462	3.51069740301665	39
3.73667973369143	3.50911100288443	39
3.74880368035621	3.5075021735892	39
3.76092931335896	3.50587091513096	39
3.77305663269967	3.50421722750972	39
3.78518563837835	3.50254111072546	39
3.797316330395	3.50084256477819	39
3.80944870874962	3.49912158966792	39
3.82158277344221	3.49737818539463	39
3.83371852447276	3.49561235195833	39
3.84585596184128	3.49382408935903	39
3.85799508554777	3.49201339759672	39
3.87013589559223	3.49018027667139	39
3.88227839197465	3.48832472658306	39
3.89442257469504	3.48644674733171	39
3.9065684437534	3.48454633891736	39
3.91871599914973	3.48262350134	39
3.93086524088403	3.48067823459962	39
3.94301616895629	3.47871053869624	39
3.95516878336652	3.47672041362985	39
3.96732308411472	3.47470785940044	39
3.97947907120089	3.47267287600803	39
3.99163674462502	3.47061546345261	39
4.00379610438713	3.46853562173418	39
4.0159571504872	3.46643335085274	39
4.02811988292524	3.46430865080829	39
4.04028430170124	3.46216152160083	39
4.05245040681522	3.45999196323036	39
4.06461819826716	3.45779997569687	39
4.07678767605707	3.45558555900038	39
4.08895884018494	3.45334871314089	39
4.10113169065079	3.45108943811838	39
4.1133062274546	3.44880773393286	39
4.12548245059638	3.44650360058433	39
4.13766036007613	3.44417703807279	39
4.14983995589385	3.44182804639824	39
4.16202123804954	3.43945662556069	39
4.17420420654319	3.43706277556012	39
4.18638886137481	3.43464649639654	39
4.1985752025444	3.43220778806996	39
4.21076323005195	3.42974665058036	39
4.22295294389748	3.42726308392775	39
4.23514434408097	3.42475708811214	39
4.24733743060243	3.42222866313351	39
4.25953220346186	3.41967780899188	39
4.27172866265925	3.41710452568723	39
4.28392680819461	3.41450881321958	39
4.29612664006794	3.41189067158891	39
4.30832815827924	3.40925010079524	39
4.32053136282851	3.40658710083856	39
4.33273625371574	3.40390167171886	39
4.34494283094095	3.40119381343616	39
4.35715109450412	3.39846352599045	39
4.36936104440525	3.39571080938172	39
4.38157268064436	3.39293566360999	39
4.39378600322143	3.39013808867525	39
4.40600101213647	3.3873180845775	39
4.41821770738949	3.38447565131674	39
4.43043608898046	3.38161078889296	39
4.44265615690941	3.37872349730619	39
4.45487791117632	3.3758137765564	39
4.4671013517812	3.37288162664359	39
4.47932647872405	3.36992704756779	39
4.49155329200486	3.36695003932897	39
4.50378179162365	3.36395060192714	39
4.5160119775804	3.3609287353623	39
4.52824384987512	3.35788443963445	39
4.54047740850781	3.35481771474359	39
4.55271265347846	3.35172856068972	39
4.56494958478709	3.34861697747284	39
4.57718820243368	3.34548296509296	39
4.58942850641824	3.34232652355006	39
4.60167049674076	3.33914765284415	39
4.61391417340126	3.33594635297524	39
4.62615953639972	3.33272262394331	39
4.63840658573615	3.32947646574838	39
4.65065532141055	3.32620787839043	39
4.66290574342292	3.32291686186947	39
4.67515785177325	3.31960341618551	39
4.68741164646155	3.31626754133853	39
4.69966712748782	3.31290923732855	39
4.71192429485206	3.30952850415555	39
4.72418314855426	3.30612534181955	39
4.73644368859444	3.30269975032054	39
4.74870591497258	3.29925172965852	39
4.76096982768868	3.29578127983348	39
4.77323542674276	3.29228840084544	39
4.78550271213481	3.28877309269439	39
4.79777168386482	3.28523535538033	39
4.8100423419328	3.28167518890325	39
4.82231468633875	3.27809259326317	39
4.83458871708266	3.27448756846008	39
4.84686443416455	3.27086011449398	39
4.8591418375844	3.26721023136487	39
4.87142092734222	3.26353791907275	39
4.883701703438	3.25984317761762	39
4.89598416587176	3.25612600699948	39
4.90826831464348	3.25238640721833	39
4.92055414975317	3.24862437827417	39
4.93284167120083	3.244839920167	39
4.94513087898646	3.24103303289683	39
4.95742177311005	3.23720371646364	39
4.96971435357161	3.23335197086744	39
4.98200862037114	3.22947779610823	39
4.99430457350864	3.22558119218601	39
5.00660221298411	3.22166215910079	39
5.01890153879754	3.21772069685255	39
5.03120255094894	3.21375680544131	39
5.04350524943831	3.20977048486705	39
5.05580963426565	3.20576173512978	39
5.06811570543095	3.20173055622951	39
5.08042346293422	3.19767694816622	39
5.09273290677546	3.19360091093993	39
5.10504403695467	3.18950244455062	39
5.11735685347185	3.18538154899831	39
5.12967135632699	3.18123822428299	39
5.1419875455201	3.17707247040465	39
5.15430542105118	3.17288428736331	39
5.16662498292023	3.16867367515896	39
5.17894623112724	3.16444063379159	39
5.19126916567223	3.16018516326122	39
5.20359378655518	3.15590726356784	39
5.2159200937761	3.15160693471145	39
5.22824808733498	3.14728417669204	39
5.24057776723184	3.14293898950964	39
5.25290913346666	3.13857137316421	39
5.26524218603945	3.13418132765578	39
5.27757692495021	3.12976885298434	39
5.28991335019893	3.12533394914989	39
5.30225146178563	3.12087661615243	39
5.31459125971029	3.11639685399196	39
5.32693274397292	3.11189466266848	39
5.33927591457351	3.107370042182	39
5.35162077151208	3.1028229925325	39
5.36396731478861	3.09825351371999	39
5.37631554440311	3.09366160574447	39
5.38866546035558	3.08904726860594	39
5.40101706264602	3.08441050230441	39
5.41337035127442	3.07975130683986	39
5.42572532624079	3.0750696822123	39
5.43808198754513	3.07036562842174	39
5.45044033518744	3.06563914546816	39
5.46280036916772	3.06089023335157	39
5.47516208948596	3.05611889207198	39
5.48752549614217	3.05132512162937	39
5.49989058913635	3.04650892202376	39
5.51225736846849	3.04167029325513	39
5.52462583413861	3.0368092353235	39
5.53699598614669	3.03192574822886	39
5.54936782449274	3.0270198319712	39
5.56174134917676	3.02209148655054	39
5.57411656019875	3.01714071196686	39
5.5864934575587	3.01216750822018	39
5.59887204125662	3.00717187531049	39
5.61125231129251	3.00215381323779	39
5.62363426766637	2.99711332200208	39
5.63601791037819	2.99205040160335	39
5.64840323942799	2.98696505204162	39
5.66079025481575	2.98185727331688	39
5.67317895654148	2.97672706542913	39
5.68556934460517	2.97157442837837	39
5.69796141900684	2.9663993621646	39
5.71035517974647	2.96120186678782	39
5.72275062682407	2.95598194224803	39
5.73514776023964	2.95073958854523	39
5.74754657999317	2.94547480567942	39
5.75994708608467	2.9401875936506	39
5.77234927851415	2.93487795245878	39
5.78475315728159	2.92954588210394	39
5.79715872238699	2.92419138258609	39
5.80956597383037	2.91881445390523	39
5.82197491161171	2.91341509606137	39
5.83438553573102	2.90799330905449	39
5.8467978461883	2.9025490928846	39
5.85921184298355	2.89708244755171	39
5.87162752611676	2.8915933730558	39
5.88404489558794	2.88608186939688	39
5.89646395139709	2.88054793657496	39
5.90888469354421	2.87499157459002	39
5.92130712202929	2.86941278344208	39
5.93373123685235	2.86381156313113	39
5.94615703801337	2.85818791365716	39
5.95858452551236	2.85254183502019	39
5.97101369934931	2.8468733272202	39
5.98344455952424	2.84118239025721	39
5.99587710603713	2.83546902413121	39
6.00831133888799	2.82973322884219	39
6.02074725807682	2.82397500439017	39
6.03318486360361	2.81819435077514	39
6.04562415546838	2.8123912679971	39
6.05806513367111	2.80656575605605	39
6.07050779821181	2.80071781495199	39
6.08295214909048	2.79484744468492	39
6.09539818630711	2.78895464525483	39
6.10784590986171	2.78303941666174	39
6.12029531975429	2.77710175890565	39
6.13274641598482	2.77114167198654	39
6.14519919855333	2.76515915590442	39
6.1576536674598	2.75915421065929	39
6.17010982270425	2.75312683625115	39
6.18256766428666	2.74707703268	39
6.19502719220703	2.74100479994584	39
6.20748840646538	2.73491013804867	39
6.21995130706169	2.7287930469885	39
6.23241589399597	2.72265352676531	39
6.24488216726822	2.71649157737911	39
6.25735012687844	2.71030719882991	39
6.26981977282662	2.70410039111769	39
6.28229110511278	2.69787115424246	39
6.2947641237369	2.69161948820423	39
6.30723882869899	2.68534539300298	39
6.31971521999904	2.67904886863873	39
6.33219329763707	2.67272991511146	39
6.34467306161306	2.66638853242119	39
6.35715451192702	2.6600247205679	39
6.36963764857895	2.65363847955161	39
6.38212247156884	2.64722980937231	39
6.3946089808967	2.64079871002999	39
6.40709717656253	2.63434518152467	39
6.41958705856633	2.62786922385634	39
6.4320786269081	2.62137083702499	39
6.44457188158784	2.61485002103064	39
6.45706682260554	2.60830677587328	39
6.46956344996121	2.60174110155291	39
6.48206176365484	2.59515299806953	39
6.49456176368645	2.58854246542314	39
6.50706345005602	2.58190950361374	39
6.51956682276357	2.57525411264133	39
6.53207188180908	2.56857629250591	39
6.54457862719255	2.56187604320747	39
6.557087058914	2.55515336474604	39
6.56959717697341	2.54840825712159	39
6.58210898137079	2.54164072033413	39
6.59462247210614	2.53485075438366	39
6.60713764917946	2.52803835927018	39
6.61965451259074	2.5212035349937	39
6.63217306233999	2.5143462815542	39
6.64469329842721	2.50746659895169	39
6.6572152208524	2.50056448718617	39
6.66973882961556	2.49363994625764	39
6.68226412471668	2.48669297616611	39
6.69479110615577	2.47972357691156	39
6.70731977393283	2.47273174849401	39
6.71985012804786	2.46571749091344	39
6.73238216850085	2.45868080416986	39
6.74491589529181	2.45162168826328	39
6.75745130842074	2.44454014319369	39
6.76998840788764	2.43743616896108	39
6.78252719369251	2.43030976556547	39
6.79506766583534	2.42316093300684	39
6.80760982431614	2.41598967128521	39
6.82015366913491	2.40879598040057	39
6.83269920029165	2.40157986035291	39
6.84524641778636	2.39434131114225	39
6.85779532161903	2.38708033276858	39
6.87034591178967	2.3797969252319	39
6.88289818829828	2.37249108853221	39
6.89545215114486	2.3651628226695	39
6.9080078003294	2.35781212764379	39
6.92056513585191	2.35043900345507	39
6.93312415771239	2.34304345010334	39
6.94568486591084	2.3356254675886	39
6.95824726044726	2.32818505591085	39
6.97081134132164	2.32072221507009	39
6.98337710853399	2.31323694506632	39
6.99594456208431	2.30572924589954	39
7.0085137019726	2.29819911756976	39
7.02108452819885	2.29064656007696	39
7.03365704076308	2.28307157342115	39
7.04623123966527	2.27547415760233	39
7.05880712490542	2.2678543126205	39
7.07138469648355	2.26021203847567	39
7.08396395439964	2.25254733516782	39
7.09654489865371	2.24486020269696	39
7.10912752924574	2.2371506410631	39
7.12171184617574	2.22941865026622	39
7.1342978494437	2.22166423030634	39
7.14688553904963	2.21388738118344	39
7.15947491499353	2.20608810289754	39
7.1720659772754	2.19826639544862	39
7.18465872589524	2.1904222588367	39
7.19725316085305	2.18255569306176	39
7.20984928214882	2.17466669812382	39
7.22244708978256	2.16675527402287	39
7.23504658375427	2.1588214207589	39
7.24764776406394	2.15086513833193	39
7.26025063071159	2.14288642674195	39
7.2728551836972	2.13488528598895	39
7.28546142302078	2.12686171607295	39
7.29806934868233	2.11881571699394	39
7.31067896068184	2.11074728875192	39
7.32329025901932	2.10265643134689	39
7.33590324369477	2.09454314477885	39
7.34851791470819	2.0864074290478	39
7.36113427205958	2.07824928415374	39
7.37375231574893	2.07006871009667	39
7.38637204577626	2.06186570687658	39
7.39899346214155	2.0536402744935	39
7.4116165648448	2.0453924129474	39
7.42424135388603	2.03712212223829	39
7.43686782926522	2.02882940236617	39
7.44949599098238	2.02051425333104	39
7.46212583903751	2.0121766751329	39
7.47475737343061	2.00381666777176	39
7.48739059416168	1.9954342312476	39
7.50002550123071	1.98702936556043	39
7.51266209463771	1.97860207071026	39
7.52530037438268	1.97015234669707	39
7.53794034046561	1.96168019352087	39
7.55058199288652	1.95318561118167	39
7.56322533164539	1.94466859967945	39
7.57587035674223	1.93612915901423	39
7.58851706817704	1.92756728918599	39
7.60116546594981	1.91898299019475	39
7.61381555006056	1.91037626204049	39
7.62646732050927	1.90174710472323	39
7.63912077729595	1.89309551824295	39
7.65177592042059	1.88442150259967	39
7.66443274988321	1.87572505779338	39
7.67709126568379	1.86700618382408	39
7.68975146782234	1.85826488069176	39
7.70241335629886	1.84950114839644	39
7.71507693111334	1.84071498693811	39
7.7277421922658	1.83190639631677	39
7.74040913975622	1.82307537653242	39
7.75307777358461	1.81422192758505	39
7.76574809375097	1.80534604947468	39
7.77842010025529	1.79644774220131	39
7.79109379309759	1.78752700576491	39
7.80376917227785	1.77858384016551	39
7.81644623779607	1.76961824540311	39
7.82912498965227	1.76063022147769	39
7.84180542784643	1.75161976838926	39
7.85448755237857	1.74258688613782	39
7.86717136324867	1.73353157472337	39
7.87985686045674	1.72445383414591	39
7.89254404400277	1.71535366440544	39
7.90523291388677	1.70623106550197	39
7.91792347010875	1.69708603743548	39
7.93061571266869	1.68791858020598	39
7.94330964156659	1.67872869381348	39
7.95600525680247	1.66951637825796	39
7.96870255837631	1.66028163353943	39
7.98140154628812	1.6510244596579	39
7.9941022205379	1.64174485661335	39
8.00680458112565	1.6324428244058	39
8.01950862805136	1.62311836303523	39
8.03221436131504	1.61377147250166	39
8.04492178091669	1.60440215280508	39
8.05763088685631	1.59501040394548	39
8.07034167913389	1.58559622592288	39
8.08305415774945	1.57615961873727	39
8.09576832270297	1.56670058238864	39
8.10848417399446	1.55721911687701	39
8.12120171162391	1.54771522220237	39
8.13392093559134	1.53818889836472	39
8.14664184589673	1.52864014536405	39
8.15936444254009	1.51906896320038	39
8.17208872552142	1.5094753518737	39
8.18481469484072	1.49985931138401	39
8.19754235049798	1.49022084173131	39
8.21027169249321	1.4805599429156	39
8.22300272082641	1.47087661493688	39
8.23573543549758	1.46117085779515	39
8.24846983650671	1.45144267149041	39
8.26120592385382	1.44169205602266	39
8.27394369753889	1.4319190113919	39
8.28668315756193	1.42212353759813	39
8.29942430392293	1.41230563464136	39
8.31216713662191	1.40246530252157	39
8.32491165565885	1.39260254123877	39
8.33765786103376	1.38271735079296	39
8.35040575274664	1.37280973118415	39
8.36315533079748	1.36287968241232	39
8.3759065951863	1.35292720447748	39
8.38865954591308	1.34295229737964	39
8.40141418297783	1.33295496111878	39
8.41417050638054	1.32293519569492	39
8.42692851612123	1.31289300110804	39
8.43968821219988	1.30282837735816	39
8.4524495946165	1.29274132444526	39
8.46521266337109	1.28263184236936	39
8.47797741846365	1.27249993113044	39
8.49074385989417	1.26234559072852	39
8.50351198766266	1.25216882116359	39
8.51628180176912	1.24196962243565	39
8.52905330221355	1.23174799454469	39
8.54182648899594	1.22150393749073	39
8.55460136211631	1.21123745127376	39
8.56737792157464	1.20094853589378	39
8.58015616737094	1.19063719135078	39
8.5929360995052	1.18030341764478	39
8.60571771797744	1.16994721477577	39
8.61850102278764	1.15956858274375	39
8.63128601393581	1.14916752154872	39
8.64407269142195	1.13874403119068	39
8.65686105524605	1.12829811166963	39
8.66965110540813	1.11782976298557	39
8.68244284190817	1.1073389851385	39
8.69523626474618	1.09682577812842	39
8.70803137392216	1.08629014195534	39
8.7208281694361	1.07573207661924	39
8.73362665128802	1.06515158212013	39
8.7464268194779	1.05454865845801	39
8.75922867400575	1.04392330563289	39
8.77203221487156	1.03327552364475	39
8.78483744207534	1.0226053124936	39
8.7976443556171	1.01191267217944	39
8.81045295549682	1.00119760270228	39
8.82326324171451	0.990460104062104	39
8.83607521427016	0.979700176258918	39
8.84888887316379	0.968917819292723	39
8.86170421839538	0.958113033163517	39
8.87452124996494	0.947285817871302	39
8.88733996787246	0.936436173416078	39
8.90016037211796	0.925564099797845	39
8.91298246270142	0.914669597016601	39
8.92580623962285	0.903752665072346	39
8.93863170288225	0.892813303965085	39
8.95145885247961	0.881851513694811	39
8.96428768841495	0.870867294261529	39
8.97711821068825	0.859860645665238	39
8.98995041929952	0.848831567905934	39
9.00278431424876	0.837780060983624	39
9.01561989553596	0.826706124898302	39
9.02845716316114	0.815609759649972	39
9.04129611712428	0.804490965238631	39
9.05413675742539	0.79334974166428	39
9.06697908406446	0.782186088926919	39
9.07982309704151	0.77100000702655	39
9.09266879635652	0.759791495963171	39
9.1055161820095	0.74856055573678	39
9.11836525400045	0.737307186347382	39
9.13121601232936	0.726031387794974	39
9.14406845699625	0.714733160079555	39
9.1569225880011	0.703412503201127	39
9.16977840534392	0.692069417159689	39
9.18263590902471	0.680703901955241	39
9.19549509904346	0.669315957587784	39
9.20835597540018	0.657905584057318	39
9.22121853809487	0.646472781363842	39
9.23408278712753	0.635017549507355	39
9.24694872249816	0.623539888487859	39
9.25981634420675	0.612039798305354	39
9.27268565225332	0.600517278959839	39
9.28555664663784	0.588972330451313	39
9.29842932736034	0.577404952779778	39
9.31130369442081	0.565815145945233	39
9.32417974781924	0.55420290994768	39
9.33705748755564	0.542568244787117	39
9.34993691363001	0.530911150463543	39
9.36281802604235	0.51923162697696	39
9.37570082479265	0.507529674327366	39
9.38858530988093	0.495805292514764	39
9.40147148130717	0.484058481539153	39
9.41435933907137	0.472289241400531	39
9.42724888317355	0.460497572098897	39
9.4401401136137	0.448683473634256	39
9.45303303039181	0.436846946006606	39
9.46592763350789	0.424987989215944	39
9.47882392296193	0.413106603262275	39
9.49172189875395	0.401202788145594	39
9.50462156088393	0.389276543865904	39
9.51752290935188	0.377327870423204	39
9.5304259441578	0.365356767817495	39
9.54333066530169	0.353363236048776	39
9.55623707278354	0.341347275117046	39
9.56914516660337	0.329308885022309	39
9.58205494676116	0.317248065764561	39
9.59496641325691	0.305164817343803	39
9.60787956609064	0.293059139760035	39
9.62079440526234	0.280931033013258	39
9.633710930772	0.26878049710347	39
9.64662914261963	0.256607532030674	39
9.65954904080522	0.244412137794868	39
9.67247062532879	0.232194314396053	39
9.68539389619032	0.219954061834226	39
9.69831885338982	0.207691380109391	39
9.71124549692729	0.195406269221546	39
9.72417382680272	0.183098729170691	39
9.73710384301613	0.170768759956827	39
9.7500355455675	0.158416361579952	39
9.76296893445684	0.146041534040068	39
9.77590400968415	0.133644277337175	39
9.78884077124942	0.121224591471272	39
9.80177921915267	0.108782476442358	39
9.81471935339388	0.0963179322504351	39
9.82766117397306	0.0838309588955024	39
9.84060468089021	0.0713215563775602	39
9.85354987414532	0.0587897246966094	39
9.8664967537384	0.0462354638526481	39
9.87944531966945	0.0336587738456755	39
9.89239557193847	0.0210596546756943	39
9.90534751054546	0.00843810634270437	39
9.91830113549041	-0.00420587115329507	39
9.93125644677333	-0.0168722778123067	39
9.94421344439422	-0.0295611136343261	39
9.95717212835308	-0.0422723786193551	39
9.9701324986499	-0.0550060727673944	39
9.9830945552847	-0.0677621960784429	39
9.99605829825746	-0.0805407485525027	39
10.0090237275682	-0.0933417301895707	39
10.0219908432169	-0.106165140989648	39
10.0349596452035	-0.119010980952735	39
10.0479301335282	-0.131879250078832	39
10.0609023081908	-0.14476994836794	39
10.0738761691913	-0.157683075820057	39
10.0868517165299	-0.170618632435183	39
10.0998289502064	-0.183576618213319	39
10.1128078702209	-0.196557033154464	39
10.1257884765733	-0.209559877258621	39
10.1387707692637	-0.222585150525786	39
10.1517547482921	-0.235632852955961	39
10.1647404136584	-0.248702984549146	39
10.1777277653627	-0.261795545305339	39
10.190716803405	-0.274910535224544	39
10.2037075277853	-0.288047954306758	39
10.2166999385035	-0.301207802551982	39
10.2296940355597	-0.314390079960214	39
10.2426898189538	-0.327594786531456	39
10.2556872886859	-0.34082192226571	39
10.268686444756	-0.354071487162972	39
10.2816872871641	-0.367343481223244	39
10.2946898159101	-0.380637904446525	39
10.3076940309941	-0.393954756832817	39
10.320699932416	-0.407294038382119	39
10.333707520176	-0.420655749094429	39
10.3467167942738	-0.434039888969749	39
10.3597277547097	-0.447446458008079	39
10.3727404014835	-0.460875456209418	39
10.3857547345953	-0.47432688357377	39
10.3987707540451	-0.487800740101128	39
10.4117884598328	-0.501297025791497	39
10.4248078519585	-0.514815740644876	39
10.4378289304222	-0.528356884661264	39
10.4508516952238	-0.541920457840663	39
10.4638761463634	-0.55550646018307	39
10.476902283841	-0.569114891688487	39
10.4899301076565	-0.582745752356914	39
10.50295961781	-0.59639904218835	39
10.5159908143015	-0.610074761182798	39
10.529023697131	-0.623772909340255	39
10.5420582662984	-0.63749348666072	39
10.5550945218038	-0.651236493144195	39
10.5681324636471	-0.665001928790681	39
10.5811720918284	-0.678789793600176	39
10.5942134063477	-0.692600087572681	39
10.6072564072049	-0.706432810708195	39
10.6203010944002	-0.72028796300672	39
10.6333474679333	-0.734165544468253	39
10.6463955278045	-0.748065555092798	39
10.6594452740136	-0.761987994880351	39
10.6724967065607	-0.775932863830913	39
10.6855498254458	-0.789900161944486	39
10.6986046306688	-0.803889889221067	39
10.7116611222298	-0.817902045660661	39
10.7247193001287	-0.831936631263263	39
10.7377791643657	-0.845993646028874	39
10.7508407149406	-0.860073089957495	39
10.7639039518534	-0.874174963049127	39
10.7769688751043	-0.888299265303767	39
10.7900354846931	-0.902445996721417	39
10.8031037806198	-0.916615157302077	39
10.8161737628846	-0.930806747045746	39
10.8292454314873	-0.945020765952426	39
10.8423187864279	-0.959257214022116	39
10.8553938277066	-0.973516091254814	39
10.8684705553232	-0.987797397650521	39
10.8815489692777	-1.00210113320924	39
10.8946290695703	-1.01642729793097	39
10.9077108562008	-1.03077589181571	39
10.9207943291693	-1.04514691486345	39
10.9338794884757	-1.05954036707421	39
10.9469663341201	-1.07395624844798	39
10.9600548661025	-1.08839455898475	39
10.9731450844229	-1.10285529868454	39
10.9862369890812	-1.11733846754733	39
10.9993305800775	-1.13184406557314	39
11.0124258574117	-1.14637209276195	39
11.0255228210839	-1.16092254911378	39
11.0386214710941	-1.17549543462862	39
11.0517218074423	-1.19009074930646	39
11.0648238301284	-1.20470849314731	39
11.0779275391525	-1.21934866615118	39
11.0910329345146	-1.23401126831805	39
11.1041400162146	-1.24869629964793	39
11.1172487842526	-1.26340376014083	39
11.1303592386285	-1.27813364979673	39
11.1434713793425	-1.29288596861564	39
11.1565852063944	-1.30766071659756	39
11.1697007197842	-1.3224578937425	39
11.1828179195121	-1.33727750005044	39
11.1959368055779	-1.35211953552139	39
11.2090573779816	-1.36698400015535	39
11.2221796367234	-1.38187089395232	39
11.2353035818031	-1.3967802169123	39
11.2484292132208	-1.41171196903529	39
11.2615565309764	-1.42666615032129	39
11.27468553507	-1.4416427607703	39
11.2878162255016	-1.45664180038232	39
11.3009486022711	-1.47166326915734	39
11.3140826653786	-1.48670716709538	39
11.3272184148241	-1.50177349419643	39
11.3403558506076	-1.51686225046049	39
11.353494972729	-1.53197343588756	39
11.3666357811884	-1.54710705047763	39
11.3797782759857	-1.56226309423072	39
11.392922457121	-1.57744156714682	39
11.4060683245943	-1.59264246922592	39
11.4192158784056	-1.60786580046804	39
11.4323651185548	-1.62311156087316	39
11.445516045042	-1.6383797504413	39
11.4586686578672	-1.65367036917244	39
11.4718229570303	-1.6689834170666	39
11.4849789425314	-1.68431889412376	39
11.4981366143704	-1.69967680034394	39
11.5112959725475	-1.71505713572712	39
11.5244570170625	-1.73045990027331	39
11.5376197479154	-1.74588509398252	39
11.5507841651064	-1.76133271685473	39
11.5639502686353	-1.77680276888995	39
11.5771180585021	-1.79229525008819	39
11.590287534707	-1.80781016044943	39
11.6034586972498	-1.82334749997368	39
11.6166315461306	-1.83890726866094	39
11.6298060813493	-1.85448946651121	39
11.642982302906	-1.87009409352449	39
11.6561602108007	-1.88572114970078	39
11.6693398050333	-1.90137063504008	39
11.6825210856039	-1.91704254954239	39
11.6957040525125	-1.93273689320771	39
11.7088887057591	-1.94845366603604	39
11.7220750453436	-1.96419286802738	39
11.7352630712661	-1.97995449918173	39
11.7484527835265	-1.99573855949909	39
11.7616441821249	-2.01154504897946	39
11.7748372670613	-2.02737396762283	39
11.7880320383357	-2.04322531542922	39
11.801228495948	-2.05909909239862	39
11.8144266398983	-2.07499529853103	39
11.8276264701865	-2.09091393382644	39
11.8408279868128	-2.10685499828487	39
11.854031189777	-2.1228184919063	39
11.8672360790791	-2.13880441469075	39
11.8804426547192	-2.15481276663821	39
11.8936509166973	-2.17084354774867	39
11.9068608650134	-2.18689675802214	39
11.9200724996674	-2.20297239745863	39
11.9332858206594	-2.21907046605812	39
11.9465008279894	-2.23519096382063	39
11.9597175216573	-2.25133389074614	39
11.9729359016633	-2.26749924683466	39
11.9861559680071	-2.2836870320862	39
11.999377720689	-2.29989724650074	39
12.0126011597088	-2.31612989007829	39
12.0258262850666	-2.33238496281885	39
12.0390530967623	-2.34866246472243	39
12.052281594796	-2.36496239578901	39
12.0655117791677	-2.3812847560186	39
12.0787436498773	-2.3976295454112	39
12.0919772069249	-2.41399676396681	39
12.1052124503105	-2.43038641168543	39
12.1184493800341	-2.44679848856706	39
12.1316879960956	-2.4632329946117	39
12.1449282984951	-2.47968992981935	39
12.1581702872325	-2.49616929419001	39
12.171413962308	-2.51267108772368	39
12.1846593237213	-2.52919531042036	39
12.1979063714727	-2.54574196228005	39
12.211155105562	-2.56231104330274	39
12.2244055259893	-2.57890255348845	39
12.2376576327546	-2.59551649283717	39
12.2509114258578	-2.61215286134889	39
12.264166905299	-2.62881165902363	39
12.2774240710782	-2.64549288586138	39
12.2906829231953	-2.66219654186213	39
12.3039434616504	-2.6789226270259	39
12.3172056864435	-2.69567114135267	39
12.3304695975745	-2.71244208484246	39
12.3437351950435	-2.72923545749526	39
12.3570024788505	-2.74605125931106	39
12.3702714489954	-2.76288949028987	39
12.3835421054783	-2.7797501504317	39
12.3968144482992	-2.79663323973653	39
12.4100884774581	-2.81353875820438	39
12.4233641929549	-2.83046670583523	39
12.4366415947896	-2.84741708262909	39
12.4499206829624	-2.86438988858597	39
12.4632014574731	-2.88138512370585	39
12.4764839183218	-2.89840278798874	39
12.4897680655084	-2.91544288143464	39
12.5030538990331	-2.93250540404355	39
12.5163414188956	-2.94959035581547	39
12.5296306250962	-2.9666977367504	39
12.5429215176347	-2.98382754684834	39
12.5562140965112	-3.00097978610929	39
12.5695083617257	-3.01815445453325	39
12.5828043132781	-3.03535155212022	39
12.5961019511685	-3.0525710788702	39
12.6094012753968	-3.06981303478319	39
12.6227022859632	-3.08707741985919	39
12.6360049828675	-3.1043642340982	39
12.6493093661097	-3.12167347750022	39
12.66261543569	-3.13900515006524	39
12.6759231916082	-3.15635925179328	39
12.6892326338643	-3.17373578268433	39
12.7025437624585	-3.19113474273838	39
12.7158565773906	-3.20855613195545	39
12.7291710786606	-3.22599995033553	39
12.7424872662687	-3.24346619787861	39
12.7558051402147	-3.26095487458471	39
12.7691247004987	-3.27846598045381	39
12.7824459471206	-3.29599951548593	39
12.7957688800805	-3.31355547968106	39
12.8090934993784	-3.33113387303919	39
12.8224198050142	-3.34873469556033	39
12.835747796988	-3.36635794724449	39
12.8490774752998	-3.38400362809165	39
12.8624088399496	-3.40167173810182	39
12.8757418909373	-3.41936227727501	39
12.889076628263	-3.4370752456112	39
12.9024130519266	-3.4548106431104	39
12.9157511619282	-3.47256846977261	39
12.9290909582678	-3.49034872559784	39
12.9424324409454	-3.50815141058607	39
12.9557756099609	-3.52597652473731	39
12.9691204653144	-3.54382406805156	39
12.9824670070059	-3.56169404052882	39
12.9958152350353	-3.57958644216909	39
13.0091651494027	-3.59750127297237	39
13.0225167501081	-3.61543853293866	39
13.0358700371514	-3.63339822206796	39
13.0492250105327	-3.65138034036027	39
13.062581670252	-3.66938488781559	39
13.0759400163092	-3.68741186443392	39
13.0893000487044	-3.70546127021525	39
13.1026617674376	-3.7235331051596	39
13.1160251725087	-3.74162736926696	39
13.1293902639178	-3.75974406253733	39
13.1427570416649	-3.7778831849707	39
13.1561255057499	-3.79604473656709	39
13.1694956561729	-3.81422871732648	39
13.1828674929339	-3.83243512724889	39
13.1962410160329	-3.85066396633431	39
13.2096162254698	-3.86891523458273	39
13.2229931212446	-3.88718893199417	39
13.2363717033575	-3.90548505856861	39
13.2497519718083	-3.92380361430607	39
13.2631339265971	-3.94214459920653	39
13.2765175677238	-3.96050801327001	39
13.2899028951886	-3.97889385649649	39
13.3032899089913	-3.99730212888598	39
13.3166786091319	-4.01573283043849	39
13.3300689956105	-4.034185961154	39
13.3434610684271	-4.05266152103252	39
13.3568548275817	-4.07115951007405	39
13.3702502730742	-4.0896799282786	39
13.3836474049047	-4.10822277564615	39
13.3970462230732	-4.12678805217671	39
13.4104467275796	-4.14537575787028	39
13.423848918424	-4.16398589272686	39
13.4372527956064	-4.18261845674645	39
13.4506583591267	-4.20127344992905	39
13.464065608985	-4.21995087227466	39
13.4774745451813	-4.23865072378328	39
13.4908851677155	-4.25737300445491	39
13.5042974765877	-4.27611771428955	39
13.5177114717979	-4.2948848532872	39
13.531127153346	-4.31367442144785	39
13.5445445212321	-4.33248641877152	39
13.5579635754562	-4.3513208452582	39
13.5713843160183	-4.37017770090789	39
13.5848067429183	-4.38905698572058	39
13.5982308561563	-4.40795869969629	39
13.6048637937546	-4.4171189630459	39
13.6116682096989	-4.42615257857207	39
13.6186416864125	-4.43505633667423	39
13.6257817462525	-4.44382707388951	39
13.6330858523894	-4.45246167401676	39
13.6405514097093	-4.46095706922365	39
13.6481757657351	-4.46931024113672	39
13.6559562115694	-4.47751822191377	39
13.663889982857	-4.4855780952983	39
13.6719742607665	-4.49348699765569	39
13.6802061729926	-4.50124211899059	39
13.6885827947761	-4.50884070394531	39
13.6971011499431	-4.51628005277879	39
13.7057582119626	-4.52355752232583	39
13.7145509050217	-4.53067052693614	39
13.7234761051184	-4.53761653939306	39
13.7325306411716	-4.54439309181143	39
13.7417112961477	-4.55099777651445	39
13.7510148082038	-4.55742824688909	39
13.7604378718464	-4.56368221821984	39
13.7699771391057	-4.56975746850048	39
13.7796292207256	-4.5756518392235	39
13.7893906873674	-4.58136323614706	39
13.7992580708285	-4.58688963003902	39
13.8092278652746	-4.59222905739794	39
13.8192965284851	-4.59737962115072	39
13.8294604831119	-4.60233949132656	39
13.8397161179504	-4.60710690570723	39
13.8500597892223	-4.61168017045309	39
13.8604878218705	-4.61605766070495	39
13.8709965108647	-4.62023782116136	39
13.8815821225177	-4.62421916663123	39
13.892240895812	-4.62800028256146	39
13.9029690437363	-4.63157982553957	39
13.9137627546306	-4.63495652377099	39
13.924618193541	-4.63812917753091	39
13.9355315035817	-4.64109665959055	39
13.9464988073055	-4.64385791561767	39
13.9575162080817	-4.64641196455115	39
13.9685797914802	-4.64875789894958	39
13.9796856266625	-4.65089488531361	39
13.9908297677783	-4.65282216438219	39
14.0020082553674	-4.65453905140222	39
14.0132171177662	-4.65604493637193	39
14.0244523725193	-4.65733928425756	39
14.0357100277943	-4.65842163518347	39
14.0469860837999	-4.65929160459553	39
14.0582765342069	-4.65994888339774	39
14.0695773675722	-4.66039323806208	39
14.0808845687634	-4.66062451071145	39
14.0921941203859	-4.66064261917579	39
14.1035020042097	-4.66044755702123	39
14.1148042025976	-4.66003939355244	39
14.1260966999324	-4.65941827378796	39
14.1373754840435	-4.65858441840866	39
14.1486365476325	-4.65753812367942	39
14.1598758896973	-4.65627976134374	39
14.1710895169532	-4.6548097784918	39
14.1822734452516	-4.65312869740148	39
14.1934237009963	-4.6512371153529	39
14.2045363225543	-4.64913570441616	39
14.2156073616643	-4.64682521121255	39
14.2266328848386	-4.6443064566493	39
14.2376089747614	-4.64158033562793	39
14.2485317316803	-4.63864781672624	39
14.2593972747917	-4.63550994185424	39
14.2702017436198	-4.63216782588393	39
14.2809412993884	-4.6286226562532	39
14.2916121263844	-4.62487569254394	39
14.3022104333139	-4.62092826603452	39
14.3127324546487	-4.61678177922677	39
14.3231744519649	-4.61243770534772	39
14.3335327152704	-4.60789758782613	39
14.3438035643238	-4.60316303974413	39
14.3539833499412	-4.59823574326413	39
14.3640684552932	-4.59311744903108	39
14.37405529719	-4.58780997555057	39
14.3839403273541	-4.58231520854265	39
14.3937200336815	-4.57663510027187	39
14.403390941489	-4.57077166885366	39
14.4129496147492	-4.56472699753727	39
14.4223926573109	-4.55850323396565	39
14.4317167141061	-4.55210258941236	39
14.4409184723418	-4.54552733799592	39
14.4499946626771	-4.53877981587187	39
14.4589420603848	-4.53186242040267	39
14.4677574864971	-4.52477760930601	39
14.4764378089352	-4.51752789978153	39
14.4849799436216	-4.51011586761649	39
14.4933808555768	-4.50254414627065	39
14.5016375599966	-4.49481542594054	39
14.5097471233134	-4.48693245260369	39
14.5177066642378	-4.47889802704299	39
14.5255133547828	-4.47071500385158	39
14.5331644212686	-4.46238629041865	39
14.5406571453076	-4.45391484589642	39
14.5479888647706	-4.44530368014878	39
14.5551569747326	-4.43655585268193	39
14.5621589283983	-4.4276744715573	39
14.5689922380069	-4.41866269228733	39
14.575654475716	-4.40952371671428	39
14.5821432744643	-4.40026079187265	39
14.5884563288125	-4.39087720883554	39
14.5945913957624	-4.38137630154531	39
14.600546295554	-4.37176144562908	39
14.6063189124397	-4.36203605719938	39
14.6119071954362	-4.35220359164041	39
14.6173091590532	-4.34226754238037	39
14.6225228839987	-4.33223143965024	39
14.6275465178612	-4.32209884922954	39
14.6323782757673	-4.3118733711794	39
14.6370164410166	-4.30155863856347	39
14.6414593656909	-4.29115831615714	39
14.6457054712404	-4.28067609914545	39
14.6497532490439	-4.27011571181017	39
14.6536012609452	-4.25948090620665	39
14.6572481397641	-4.24877546083069	39
14.6606925897819	-4.23800317927603	39
14.6639333872018	-4.22716788888304	39
14.666969380584	-4.21627343937879	39
14.6697994912545	-4.20532370150931	39
14.6724227136885	-4.19432256566434	39
14.6748381158674	-4.18327394049505	39
14.6770448396105	-4.17218175152536	39
14.6790421008792	-4.1610499397572	39
14.6808291900562	-4.14988246027027	39
14.6824054721972	-4.13868328081686	39
14.6837703872566	-4.12745638041212	39
14.6849234502867	-4.11620574792028	39
14.6858642516095	-4.10493538063752	39
14.6865924569629	-4.09364928287165	39
14.6871078076191	-4.08235146451947	39
14.6874101204762	-4.07104593964206	39
14.6874992881242	-4.05973672503855	39
14.687375278882	-4.04842783881906	39
14.6870381368096	-4.03712329897701	39
14.686487981692	-4.02582712196158	39
14.6857250089966	-4.01454332125066	39
14.684749489804	-4.00327590592493	39
14.6835617707116	-3.9920288792434	39
14.6821622737103	-3.9808062372211	39
14.6805514960347	-3.96961196720929	39
14.6787300099864	-3.95845004647881	39
14.6766984627308	-3.94732444080695	39
14.6744575760669	-3.93623910306843	39
14.6720081461712	-3.92519797183095	39
14.6693510433142	-3.91420496995588	39
14.6664872115522	-3.90326400320444	39
14.6634176683908	-3.89237895885002	39
14.6601435044241	-3.88155370429704	39
14.656665882947	-3.8707920857069	39
14.6529860395418	-3.86009792663145	39
14.6491052816395	-3.84947502665448	39
14.6450249880547	-3.83892716004178	39
14.6407466084964	-3.82845807440012	39
14.6362716630524	-3.81807148934578	39
14.6316017416496	-3.80777109518298	39
14.6267385034887	-3.79756055159272	39
14.6216836764553	-3.78744348633251	39
14.6164390565051	-3.77742349394748	39
14.6110065070268	-3.76750413449319	39
14.6053879581793	-3.75768893227084	39
14.5995854062063	-3.74798137457503	39
14.5936009127267	-3.7383849104548	39
14.5874366040028	-3.72890294948815	39
14.5810946701839	-3.71953886057066	39
14.5753419742558	-3.71135192383692	39
14.569407559037	-3.70298849419589	39
14.5635052742305	-3.69467034948443	39
14.5565696734642	-3.68489594981291	39
14.5497670165824	-3.67530891689601	39
14.5413586093779	-3.66345889936505	39
14.5347541510641	-3.65415120575861	39
14.527274801413	-3.64361053219625	39
14.5188552032097	-3.63174477348185	39
14.5094300267034	-3.61846186366207	39
14.4989343004154	-3.6036702422758	39
14.4873037419454	-3.58727932060364	39
14.4810430822217	-3.57845619363723	39
14.4744750887793	-3.56919994791733	39
14.4675920674342	-3.55949974078309	39
14.4603864290962	-3.54934487772927	39
14.4528507001063	-3.53872482697656	39
14.4449775325752	-3.5276292340419	39
14.43675971472	-3.5160479363087	39
14.428190181203	-3.50397097759723	39
14.4192620234684	-3.49138862273484	39
14.4099685000809	-3.47829137212629	39
14.4003030470627	-3.46466997632405	39
14.3902592882318	-3.45051545059857	39
14.3798310455394	-3.4358190895086	39
14.3690123494076	-3.42057248147148	39
14.3577974490674	-3.40476752333343	39
14.3461808228961	-3.38839643493985	39
14.3341571887554	-3.37145177370561	39
14.3217215143285	-3.35392644918536	39
14.3088690274587	-3.3358137376438	39
14.2955952264862	-3.31710729662601	39
14.2818958905865	-3.2978011795277	39
14.267767090108	-3.27788985016557	39
14.2532051969093	-3.25736819734754	39
14.2382068946974	-3.23623154944308	39
14.2227691893655	-3.21447568895351	39
14.20688941933	-3.19209686708228	39
14.190565265869	-3.16909181830526	39
14.1737947634599	-3.14545777494106	39
14.1565763101164	-3.12119248172126	39
14.1389086774075	-3.09629420990985	39
14.120791015594	-3.07076176454274	39
14.102222850067	-3.04459447940364	39
14.0832040754086	-3.01779220864856	39
14.0637349494039	-2.99035531836206	39
14.0438160870532	-2.96228467811341	39
14.0234484545845	-2.93358165251286	39
14.0026333634654	-2.90424809276785	39
13.9813724644155	-2.87428632823921	39
13.9596677414184	-2.84369915799742	39
13.9375215057343	-2.81248984237877	39
13.9149363899119	-2.78066209454163	39
13.8919153418006	-2.74822007202266	39
13.8684616185628	-2.71516836829301	39
13.8445787806862	-2.68151200431456	39
13.820270685996	-2.64725642009613	39
13.795541483667	-2.61240746624971	39
13.7703956082356	-2.57697139554666	39
13.7448377736127	-2.54095485447395	39
13.7188729670953	-2.50436487479037	39
13.6925064433788	-2.46720886508275	39
13.6657437185693	-2.42949460232218	39
13.6385905641962	-2.39123022342025	39
13.6110530012235	-2.35242421678521	39
13.583137294063	-2.31308541387828	39
13.5548499445858	-2.27322298076978	39
13.526197686135	-2.23284640969542	39
13.4971874775375	-2.19196551061246	39
13.4678264971165	-2.15059040275599	39
13.4381221367036	-2.1087315061951	39
13.4080819956511	-2.06639953338914	39
13.377713874844	-2.02360548074388	39
13.3470257707125	-1.98036062016782	39
13.3160258692441	-1.93667649062832	39
13.2847225399957	-1.89256488970788	39
13.253124330106	-1.84803786516032	39
13.2212399583074	-1.80310770646705	39
13.1890783089388	-1.75778693639321	39
13.1566484259571	-1.71208830254399	39
13.1239595069499	-1.66602476892075	39
13.0910208971476	-1.61960950747732	39
13.0578420834356	-1.57285588967619	39
13.0244326883665	-1.5257774780447	39
12.9908024641721	-1.4783880177313	39
12.9569612867761	-1.43070142806176	39
12.922919149806	-1.38273179409541	39
12.8886861586052	-1.33449335818127	39
12.8542725242455	-1.28600051151439	39
12.8196885575392	-1.23726778569202	39
12.7849446630512	-1.18830984426979	39
12.7500513331114	-1.13914147431799	39
12.7150191418267	-1.08977757797776	39
12.6798587390934	-1.04023316401732	39
12.6445808446095	-0.990523339388164	39
12.6091962418865	-0.940663300781318	39
12.5737157722621	-0.890668326183542	39
12.5381503289121	-0.840553766433555	39
12.5025108508626	-0.790335036778229	39
12.4668083170024	-0.74002760842885	39
12.4310537400953	-0.689647000117311	39
12.3952581607919	-0.639208769652343	39
12.3594326416423	-0.588728505475714	39
12.3235882611077	-0.538221818218488	39
12.2877361075734	-0.487704332257203	39
12.2518872733608	-0.437191677271339	39
12.2160528487476	-0.386699479814749	39
12.1802439159959	-0.336243354907253	39
12.1444715433835	-0.285838897630643	39
12.108746779235	-0.235501674724707	39
12.0730806459528	-0.185247216183321	39
12.0374841340476	-0.135091006850468	39
12.0019681961701	-0.0850484780163088	39
11.9665437411412	-0.0351349990131826	39
11.9312216279839	0.0146341311882683	39
11.8960126599532	0.0642436923831013	39
11.8609275785682	0.113678551536005	39
11.8259770576421	0.162923671185269	39
11.7911716973138	0.211964117846703	39
11.7565220180789	0.260785070417607	39
11.7220384548201	0.309371828580723	39
11.6877313508388	0.357709821208187	39
11.6536109518857	0.405784614765455	39
11.6196874001922	0.453581921715279	39
11.5859707285008	0.501087608921659	39
11.5524708540966	0.548287706053771	39
11.5191975728379	0.595168413989936	39
11.4861605531875	0.641716113221556	39
11.4533693302435	0.687917372257091	39
11.4208332997702	0.733758956025971	39
11.3885617122294	0.779227834282583	39
11.356563666811	0.824311190010189	39
11.3248481054643	0.868996427824907	39
11.2934238069287	0.913271182379636	39
11.262299380765	0.957123326768013	39
11.2314832613861	1.00054098092839	39
11.2009837020881	1.04351252004773	39
11.1708087690813	1.08602658296561	39
11.1409663355211	1.12807208057812	39
11.111464075539	1.16963820424191	39
11.0823094582738	1.210714434178	39
11.0535097419023	1.25129054787584	39
11.0250719676702	1.29135662849721	39
10.9970029539236	1.33090307328021	39
10.9693092901393	1.36992060194315	39
10.9419973309565	1.40840026508856	39
10.915073190207	1.4463334526071	39
10.8885427349469	1.48371190208154	39
10.8624115794871	1.52052770719069	39
10.8366850794246	1.55677332611334	39
10.8113683256732	1.59244158993225	39
10.7864661384946	1.62752571103808	39
10.7619830615295	1.66201929153331	39
10.7379233558285	1.69591633163623	39
10.7142909938829	1.7292112380849	39
10.691089653656	1.76189883254104	39
10.6683227126139	1.79397435999405	39
10.6459932417564	1.8254334971649	39
10.6241039996481	1.85627236091015	39
10.6026574264496	1.88648751662581	39
10.581655637948	1.91607598665138	39
10.5611004195882	1.94503525867374	39
10.5409932205038	1.97336329413112	39
10.5213351475482	2.00105853661706	39
10.5021269593254	2.02811992028434	39
10.483369060221	2.05454687824896	39
10.4650614944334	2.08033935099405	39
10.4472039400044	2.10549779477385	39
10.4297957028522	2.13002319001536	39
10.4128357115576	2.15391704865863	39
10.3963225186852	2.17718141229229	39
10.380254309775	2.19981883948837	39
10.3646289136422	2.22183239129209	39
10.349443812688	2.24322561669837	39
10.334696153209	2.26400253812825	39
10.3203827557081	2.28416763690542	39
10.3065001252038	2.30372583873264	39
10.2930444615409	2.32268249916826	39
10.2800116697005	2.34104338910266	39
10.2673973701098	2.35881468023473	39
10.2551969089526	2.37600293054837	39
10.2434053684791	2.39261506978891	39
10.2320175773163	2.40865838493963	39
10.2210281207779	2.42414050569822	39
10.2104313511743	2.43906938995324	39
10.2002213981233	2.45345330926061	39
10.1903921788593	2.46730083432008	39
10.1809374085441	2.48062082045167	39
10.1718506105769	2.49342239307222	39
10.1631251269042	2.50571493317177	39
10.1547541283301	2.5175080627901	39
10.1467306248262	2.52881163049318	39
10.1390474758419	2.53963569684964	39
10.1316974006145	2.54999051990725	39
10.1246729884792	2.55988654066938	39
10.1179667091793	2.56933436857149	39
10.1115709231764	2.57834476695761	39
10.10547789196	2.58692863855678	39
10.0996797883585	2.59509701095954	39
10.0889366738651	2.61023190570438	39
10.0792775808733	2.62383961725255	39
10.0706377518219	2.63601137994274	39
10.0629520003341	2.64683903163912	39
10.0561550411418	2.6564145489784	39
10.0501818200083	2.66482958261704	39
10.0426256526943	2.67547465162967	39
10.0365644364668	2.6840136383793	39
10.0304526295336	2.69262389079602	39
10.0245816525834	2.70089485951694	39
10.0187778343124	2.70907121388809	39
10.0128380567952	2.71743891218373	39
10.0067733841247	2.72597618863136	39
10.0003321998481	2.73502622847821	39
9.99432960749429	2.74344042229572	39
9.98695320023458	2.75375308440521	39
9.9799348085562	2.7635372140173	39
9.97395311047036	2.77185489736291	39
9.96730767920958	2.78107311186089	39
9.95995423112523	2.7912466391897	39
9.95184791996849	2.8024300109722	39
9.94294344611679	2.81467728786993	39
9.93654117722909	2.82345958763116	39
9.92975030149956	2.83275406904678	39
9.92255720032766	2.8425761194165	39
9.91494823747617	2.8529408875583	39
9.90690977345489	2.863863254718	39
9.89842817990433	2.87535780547878	39
9.88948985397947	2.88743879867072	39
9.88008123273347	2.90012013828033	39
9.87018880750138	2.91341534436012	39
9.85979913828388	2.92733752393807	39
9.84889886813096	2.94189934192724	39
9.83747473752572	2.95711299203526	39
9.825513598768	2.9729901676739	39
9.81932757679031	2.98118108779974	39
9.81300243035816	2.98954203286856	39
9.80653655386275	2.99807431089429	39
9.79992835138079	3.00677919316786	39
9.79317623712394	3.01565791334821	39
9.7862786358884	3.02471166655314	39
9.77923398350428	3.03394160845029	39
9.7720407272852	3.04334885434802	39
9.76469732647769	3.05293447828635	39
9.75720225271077	3.0626995121279	39
9.74955399044535	3.07264494464879	39
9.74175103742379	3.08277172062956	39
9.73379190511938	3.09308073994612	39
9.7256751191858	3.10357285666063	39
9.71739921990663	3.11424887811249	39
9.70896276264485	3.12510956400918	39
9.70036431829232	3.13615562551725	39
9.69160247371929	3.14738772435321	39
9.68267583222385	3.15880647187446	39
9.67358301398145	3.17041242817022	39
9.66432265649443	3.18220610115246	39
9.65489341504141	3.19418794564676	39
9.64529396312686	3.20635836248334	39
9.63552299293061	3.21871769758791	39
9.62557921575725	3.23126624107259	39
9.61546136248572	3.24400422632687	39
9.60516818401871	3.25693182910851	39
9.59469845173224	3.27004916663447	39
9.58405095792508	3.28335629667183	39
9.5732245162683	3.29685321662872	39
9.56221796225469	3.31053986264523	39
9.55103015364833	3.32441610868435	39
9.53965997093401	3.33848176562287	39
9.5281063177668	3.35273658034232	39
9.51636812142146	3.3671802348199	39
9.50444433324196	3.38181234521939	39
9.49233392909101	3.39663246098207	39
9.48003590979951	3.41164006391764	39
9.46754930161606	3.42683456729517	39
9.4548731566564	3.442215314934	39
9.442006553353	3.45778158029466	39
9.42894859690446	3.47353256556981	39
9.41569841972505	3.48946740077515	39
9.40225518189419	3.50558514284034	39
9.38861807160593	3.52188477469995	39
9.37478630561844	3.53836520438433	39
9.36075912970355	3.5550252641106	39
9.34653581909618	3.57186370937352	39
9.33211567894383	3.58887921803643	39
9.31749804475615	3.60607038942219	39
9.30268228285432	3.62343574340409	39
9.28766779082064	3.64097371949673	39
9.27245399794796	3.65868267594704	39
9.25704036568919	3.67656088882511	39
9.24142638810556	3.69460655111977	39
9.22561159223686	3.71281777212145	39
9.20959553814874	3.73119257799532	39
9.19337781877705	3.74972891310257	39
9.17695805975645	3.76842464137932	39
9.16033591924912	3.7872775477155	39
9.14351108777338	3.80628533933377	39
9.12648328803235	3.82544564716843	39
9.10925227474266	3.84475602724429	39
9.09181783446307	3.8642139620556	39
9.07417978542314	3.88381686194493	39
9.05633797735189	3.90356206648212	39
9.03829229130648	3.9234468458431	39
9.02004263950083	3.94346840218887	39
9.00158896513434	3.96362387104437	39
8.98293124222049	3.98391032267737	39
8.96406947541555	4.00432476347739	39
8.94500369984722	4.02486413733461	39
8.92573398094329	4.04552532701874	39
8.9062604142603	4.06630515555795	39
8.88658312531221	4.08720038761777	39
8.86670226939907	4.10820773087998	39
8.84661803143565	4.12932383742152	39
8.82633062578014	4.15054530509338	39
8.80584029606277	4.17186867889953	39
8.78514731501452	4.19329045237578	39
8.76425198429574	4.21480706896874	39
8.74315463432483	4.23641492341465	39
8.72185562410689	4.25811036311835	39
8.70035534106241	4.27988968953214	39
8.67865420085588	4.30174915953469	39
8.65675264722451	4.32368498680996	39
8.63465115180687	4.34569334322607	39
8.61235021397152	4.36777036021424	39
8.58985036064569	4.38991213014766	39
8.56715214614399	4.41211470772041	39
8.544256151997	4.43437411132636	39
8.52116298677997	4.45668632443807	39
8.49787328594146	4.47904729698566	39
8.47438771163203	4.5014529467358	39
8.45070695253288	4.52389916067051	39
8.42683172368452	4.54638179636612	39
8.40276276631543	4.56889668337217	39
8.3785008476707	4.59143962459028	39
8.35404676084073	4.61400639765309	39
8.32940132458989	4.63659275630315	39
8.30456538318513	4.65919443177179	39
8.27953980622469	4.68180713415809	39
8.25432548846675	4.70442655380771	39
8.22892334965809	4.72704836269184	39
8.20333433436274	4.74966821578607	39
8.17755941179067	4.77228175244933	39
8.15159957562641	4.79488459780276	39
8.12545584385774	4.8174723641086	39
8.09912925860437	4.84004065214916	39
8.07262088594656	4.86258505260564	39
8.04593181575378	4.88510114743708	39
8.01906316151342	4.90758451125925	39
7.99201606015941	4.93003071272355	39
7.9647916719009	4.95243531589593	39
7.9373911800509	4.97479388163575	39
7.90981579085497	4.99710196897474	39
7.88206673331986	5.01935513649583	39
7.85414525904218	5.04154894371213	39
7.82605264203707	5.06367895244579	39
7.79779017856683	5.08574072820689	39
7.76935918696963	5.10772984157237	39
7.74076100748812	5.12964186956491	39
7.71199700209815	5.15147239703186	39
7.68306855433736	5.17321701802413	39
7.6539770691339	5.19487133717505	39
7.62472397263505	5.21643097107936	39
7.59531071203595	5.23789154967203	39
7.56573875540817	5.25924871760719	39
7.53600959152841	5.28049813563705	39
7.50612472970721	5.30163548199079	39
7.47608569961752	5.32265645375345	39
7.44589405112345	5.34355676824485	39
7.41555135410885	5.36433216439848	39
7.38505919830605	5.3849784041404	39
7.35441919312447	5.40549127376816	39
7.32363296747928	5.42586658532967	39
7.2927021696201	5.44610017800216	39
7.26162846695963	5.46618791947101	39
7.2304135459023	5.4861257073087	39
7.19905911167299	5.5059094703537	39
7.16756688814562	5.52553517008936	39
7.13593861767186	5.54499880202283	39
7.10417606090976	5.56429639706396	39
7.07228099665245	5.58342402290419	39
7.04025522165676	5.60237778539546	39
7.0081005504719	5.62115382992912	39
6.97581881526813	5.6397483428148	39
6.94341186566541	5.65815755265937	39
6.91088156856206	5.67637773174577	39
6.87822980796343	5.69440519741197	39
6.84545848481056	5.71223631342986	39
6.81256951680882	5.72986749138411	39
6.77956483825663	5.74729519205115	39
6.74644639987402	5.764515926778	39
6.71321616863142	5.7815262588612	39
6.6798761275782	5.79832280492571	39
6.64642827567141	5.81490223630383	39
6.61287462760443	5.83126128041408	39
6.57921721363559	5.8473967221401	39
6.54545807941688	5.86330540520956	39
6.51159928582257	5.87898423357307	39
6.47764290877794	5.89443017278308	39
6.44359103908782	5.90964025137276	39
6.40944578226541	5.92461156223492	39
6.37520925836078	5.93934126400092	39
6.34088360178967	5.95382658241957	39
6.30647096116204	5.968064811736	39
6.27197349911083	5.98205331607061	39
6.23739339212054	5.99578953079792	39
6.20273283035593	6.00927096392556	39
6.16799401749068	6.02249519747303	39
6.13317917053605	6.03545988885075	39
6.09829051966954	6.04816277223887	39
6.06333030806354	6.06060165996621	39
6.02830079171401	6.07277444388914	39
5.99320423926912	6.0846790967705	39
5.95804293185796	6.09631367365849	39
5.92281916291913	6.10767631326559	39
5.88753523802944	6.11876523934744	39
5.85219347473259	6.12957876208174	39
5.8167962023678	6.1401152794472	39
5.78134576189848	6.15037327860236	39
5.7458445057409	6.16035133726457	39
5.71029479759283	6.17004812508886	39
5.67469901226222	6.17946240504682	39
5.63905953549589	6.18859303480553	39
5.60337876380811	6.19743896810648	39
5.56765910430934	6.20599925614442	39
5.53190297453485	6.2142730489463	39
5.49611280227342	6.22225959675017	39
5.4602910253951	6.22995825137501	39
5.42444009164219	6.23736846718692	39
5.38856245829162	6.24448980066224	39
5.35266059174887	6.2513219092006	39
5.31673696713747	6.25786454989208	39
5.28079406788876	6.26411757828446	39
5.24483438533139	6.27008094715035	39
5.20886041828103	6.2757547052544	39
5.17287467262995	6.28113899612051	39
5.13687966093666	6.28623405679897	39
5.10087790201553	6.29104021663371	39
5.06487192052641	6.29555789602945	39
5.02886424656424	6.29978760521889	39
4.99285741524871	6.3037299430299	39
4.95685396631386	6.30738559565274	39
4.92085644369769	6.31075533540719	39
4.88486739513181	6.31384001950981	39
4.84888937173105	6.31664058884106	39
4.81292492758308	6.31915806671256	39
4.77697661933806	6.32139355763419	39
4.74104700579822	6.32334824608137	39
4.7051386475075	6.32502339526218	39
4.66925410634119	6.32642034588462	39
4.63339594509556	6.32754051492371	39
4.59756672707744	6.32838539438874	39
4.56176901569387	6.32895655009046	39
4.52600537404173	6.32925562040823	39
4.49027836449737	6.32928431505726	39
4.45459054830619	6.32904441385575	39
4.4189444851723	6.3285377654921	39
4.38334273284816	6.32776628629211	39
4.34778784672415	6.32673195898617	39
4.31228237941823	6.3254368314764	39
4.27682888036556	6.32388301560392	39
4.24142989540813	6.32207268591597	39
4.20608796638435	6.32000807843312	39
4.17080563071871	6.31769148941648	39
4.13558542101139	6.31512527413487	39
4.10042986462786	6.31231184563202	39
4.06534148328857	6.30925367349372	39
4.03032279265849	6.30595328261506	39
3.99537630193678	6.30241325196761	39
3.96050451344643	6.29863621336659	39
3.92570992222383	6.29462485023805	39
3.89099501560844	6.29038189638609	39
3.85636227283239	6.28591013476005	39
3.8218141646101	6.28121239622165	39
3.78735315272794	6.27629155831225	39
3.7529816896338	6.27115054401996	39
3.71870221802675	6.26579232054691	39
3.68451717044665	6.26021989807639	39
3.65042896886378	6.25443632854003	39
3.61644002426846	6.24844470438502	39
3.58255273626068	6.24224815734131	39
3.54876949263968	6.23584985718873	39
3.51509266899367	6.22925301052426	39
3.48152462828934	6.22246085952918	39
3.44806772046156	6.21547668073626	39
3.41472428200297	6.20830378379694	39
3.38149663555364	6.20094551024854	39
3.34838708949063	6.19340523228146	39
3.31539793751767	6.18568635150631	39
3.28253145825476	6.17779229772117	39
3.2497899148278	6.16972652767873	39
3.2171755544582	6.1614925238535	39
3.18469060805252	6.15309379320902	39
3.1523372897921	6.14453386596498	39
3.12011779672264	6.13581629436449	39
3.08803430834387	6.12694465144121	39
3.05608898619916	6.11792252978657	39
3.02428397346515	6.10875354031696	39
2.99262139454134	6.0994413110409	39
2.96110335463974	6.08998948582622	39
2.92973193937451	6.08040172316731	39
2.89850921435155	6.07068169495224	39
2.86743722475813	6.06083308522996	39
2.83651799495254	6.05085958897754	39
2.80575352805367	6.0407649108673	39
2.77514580553068	6.03055276403404	39
2.74469678679258	6.02022686884219	39
2.7144084087779	6.00979095165303	39
2.68428258554425	5.99924874359188	39
2.65432120785802	5.98860397931527	39
2.62452614278394	5.97786039577814	39
2.59489923327473	5.96702173100102	39
2.56544229776072	5.95609172283723	39
2.53615712973949	5.94507410774008	39
2.50704549736545	5.93397261953	39
2.47810914303951	5.92279098816184	39
2.44934978299868	5.91153293849192	39
2.42076910690571	5.90020218904536	39
2.39236877743866	5.88880245078313	39
2.36415042988062	5.87733742586937	39
2.33611567170923	5.86581080643848	39
2.30826608218638	5.85422627336237	39
2.2806032119478	5.8425874950176	39
2.25312858259267	5.83089812605263	39
2.22584368627327	5.81916180615494	39
2.19874998528461	5.80738215881827	39
2.17184891165402	5.7955627901098	39
2.14514186673079	5.78370728743731	39
2.11863022077582	5.7718192183164	39
2.09231531255117	5.75990212913768	39
2.06619844890978	5.74795954393394	39
2.04028090438502	5.73599496314733	39
2.01456392078034	5.72401186239659	39
1.9890487067589	5.71201369124422	39
1.96373643743316	5.70000387196363	39
1.93862825395456	5.68798579830641	39
1.9137252631031	5.67596283426942	39
1.88902853687696	5.66393831286208	39
1.86453911208215	5.65191553487348	39
1.84025798992213	5.63989776763962	39
1.81618613558742	5.62788824381055	39
1.79232447784521	5.61589016011761	39
1.76867390862902	5.60390667614059	39
1.7452352826283	5.59194091307494	39
1.72200941687806	5.5799959524989	39
1.6989970903485	5.56807483514081	39
1.6761990435346	5.55618055964614	39
1.65361597804578	5.5443160813448	39
1.63124855619553	5.53248431101831	39
1.609097400591	5.52068811366694	39
1.58716309372262	5.50893030727693	39
1.56544617755378	5.4972136615877	39
1.54394715311039	5.48554089685898	39
1.52266648007053	5.47391468263807	39
1.50160457635407	5.46233763652699	39
1.48076181771231	5.45081232294966	39
1.46013853731758	5.4393412519191	39
1.43973502535286	5.42792687780464	39
1.41955152860144	5.41657159809908	39
1.3995882500365	5.40527775218589	39
1.37984534841075	5.3940476201064	39
1.36032293784608	5.38288342132698	39
1.34102108742312	5.37178731350626	39
1.32193982077642	5.36076139127287	39
1.30307911586974	5.34980768535216	39
1.28443890529953	5.33892816271475	39
1.26601907683776	5.32812472718875	39
1.24781947398644	5.3173992200941	39
1.22983989653199	5.3067534208771	39
1.21208010109966	5.29618904774473	39
1.19453980170799	5.28570775829909	39
1.1772186703232	5.27531115017185	39
1.16011633741361	5.26500076165862	39
1.14323239250408	5.25477807235339	39
1.12656638473045	5.24464450378295	39
1.1101178233939	5.23460142004127	39
1.09388617851543	5.22465012842397	39
1.07787088139027	5.21479188006268	39
1.06207132514228	5.2050278705595	39
1.04648686527841	5.19535924062137	39
1.03111682024308	5.18578707669455	39
1.01596047197263	5.17631241159895	39
1.00101706644973	5.16693622516263	39
0.986285814257833	5.15765944485617	39
0.971765891135541	5.14848294642707	39
0.957456438531076	5.13940755453421	39
0.943356564156681	5.13043404338222	39
0.929465342543047	5.12156313735596	39
0.915781815593738	5.11279551165484	39
0.902304993139605	5.10413179292733	39
0.889033853493219	5.0955725599053	39
0.875967344003285	5.0871183440385	39
0.863104381609072	5.07876963012893	39
0.850443853394829	5.07052685696526	39
0.837984617144207	5.06239041795728	39
0.825725501894689	5.05436066177026	39
0.813665308492004	5.04643789295942	39
0.801802810144557	5.0386223726043	39
0.790136752977843	5.0309143189432	39
0.778665856588875	5.02331390800762	39
0.767388814600608	5.0158212742566	39
0.756304295216356	5.00843651121121	39
0.745410941774217	5.00115967208894	39
0.734707373301497	4.99399077043808	39
0.724192185069132	4.98692978077221	39
0.713863949146106	4.97997663920455	39
0.70372121495388	4.97313124408238	39
0.693762509820809	4.96639345662152	39
0.683986339536568	4.95976310154066	39
0.674391188906574	4.95323996769582	39
0.664975522306404	4.94682380871475	39
0.655737784236225	4.94051434363139	39
0.64667639987521	4.93431125752022	39
0.637789775635963	4.9282142021307	39
0.629076299718943	4.92222279652171	39
0.620534342666882	4.91633662769593	39
0.612162257919213	4.91055525123427	39
0.595921036904798	4.89930494442464	39
0.580339143193163	4.88846771641253	39
0.565402845131978	4.87803894537188	39
0.551098190640634	4.86801356763221	39
0.537411024951764	4.85838609797987	39
0.524327008352755	4.84915064995933	39
0.51183163392727	4.84030095617447	39
0.499910245296764	4.83183038858986	39
0.488548054362004	4.82373197883208	39
0.477730159044582	4.81599843849098	39
0.467441561028437	4.80862217942095	39
0.457667183501368	4.80159533404227	39
0.448391888896556	4.79490977564234	39
0.439600496634081	4.78855713867698	39
0.431277800862435	4.78252883907174	39
0.419639286160156	4.77407526171811	39
0.408969827475519	4.76630127204506	39
0.399218327857145	4.75917575396134	39
0.390334011498424	4.7526669989425	39
0.382266558462159	4.7467428601938	39
0.37269478062456	4.73969733652774	39
0.364371071057272	4.73355629921745	39
0.355549777704383	4.72703482508027	39
0.34700664704581	4.72070772542629	39
0.338514586993144	4.71441058634184	39
0.330020886248048	4.70810911043371	39
