0.356473006998937	4.77129877745091	44.5
0.348141611721397	4.76567283114431	44.5
0.339881570121475	4.75994263639344	44.5
0.331694186555493	4.75410909806247	44.5
0.323580753906227	4.74817313733474	44.5
0.315542553378746	4.74213569156725	44.5
0.307580854298096	4.73599771414268	44.5
0.299696913908856	4.72976017431882	44.5
0.291891977176606	4.72342405707551	44.5
0.284167276591336	4.71699036295912	44.5
0.276524031972815	4.71046010792452	44.5
0.268963450277971	4.7038343231747	44.5
0.261486725410299	4.69711405499787	44.5
0.254095038031329	4.69030036460228	44.5
0.246789555374185	4.68339432794864	44.5
0.239571431059266	4.67639703558017	44.5
0.232441804912077	4.66930959245048	44.5
0.225401802783235	4.66213311774898	44.5
0.218452536370688	4.65486874472422	44.5
0.21159510304416	4.64751762050492	44.5
0.204830585671867	4.64008090591881	44.5
0.198160052449519	4.63255977530932	44.5
0.19158455673164	4.62495541635018	44.5
0.185105136865228	4.61726902985781	44.5
0.178722816025793	4.60950182960174	44.5
0.17243860205578	4.60165504211293	44.5
0.166253487305426	4.5937299064901	44.5
0.160168448476048	4.58572767420402	44.5
0.154184446465819	4.57764960889994	44.5
0.148302426218025	4.56949698619802	44.5
0.142523316571848	4.56127109349189	44.5
0.136848030115696	4.55297322974536	44.5
0.131277463043091	4.54460470528731	44.5
0.125812495011149	4.53616684160476	44.5
0.120453989001674	4.52766097113421	44.5
0.115202791184882	4.5190884370512	44.5
0.110059730785784	4.51045059305825	44.5
0.105025619953236	4.50174880317105	44.5
0.100101253631696	4.4929844415031	44.5
0.0952874094356916	4.48415889204871	44.5
0.0905848475270246	4.47527354846444	44.5
0.0859943104947343	4.46632981384905	44.5
0.0815165232378333	4.45732910052191	44.5
0.0771521928508379	4.4482728298	44.5
0.0729020085121088	4.43916243177345	44.5
0.0687666413750232	4.42999934507972	44.5
0.0647467444619904	4.42078501667641	44.5
0.060842952561333	4.4115209016128	44.5
0.0570558821270468	4.40220846280006	44.5
0.053386131181454	4.39284917078022	44.5
0.0498342792207701	4.38344450349398	44.5
0.0464008871235942	4.37399594604735	44.5
0.0430864970623397	4.36450499047705	44.5
0.0398916324176187	4.35497313551502	44.5
0.0368167976955946	4.34540188635163	44.5
0.0338624784483147	4.3357927543981	44.5
0.0310291411970358	4.32614725704773	44.5
0.0283172333585548	4.31646691743639	44.5
0.025727183174557	4.30675326420191	44.5
0.0232593996439912	4.29700783124274	44.5
0.0209142724584842	4.28723215747572	44.5
0.0186921719408043	4.27742778659306	44.5
0.0165934489863827	4.26759626681859	44.5
0.0146184350079029	4.25773915066323	44.5
0.0127674418829673	4.24785799467991	44.5
0.0110407619048478	4.23795435921769	44.5
0.00943866773632906	4.22802980817542	44.5
0.00796141236665249	4.21808590875476	44.5
0.0066092290715658	4.20812423121271	44.5
0.00538233137648636	4.19814634861362	44.5
0.00428091302278277	4.18815383658083	44.5
0.00330514793718106	4.17814827304782	44.5
0.00245519020429996	4.16813123800906	44.5
0.00173117404231826	4.15810431327051	44.5
0.00113321378178111	4.14806908219982	44.5
0.000661403847545428	4.13802712947631	44.5
0.00031581874386899	4.12798004084071	44.5
9.65130426462402e-05	4.1179294028448	44.5
3.52137478931702e-06	4.10787680260083	44.5
3.68584247608661e-05	4.09782382753091	44.5
0.000196518928253897	4.08777206511634	44.5
0.00048247767302434	4.07772310264693	44.5
0.000894689502871304	4.06767852697034	44.5
0.00143308932476849	4.05763992424152	44.5
0.00209759211914251	4.0476088796722	44.5
0.00288809295329906	4.03758697728061	44.5
0.00380446699799275	4.02757579964131	44.5
0.00484656954713891	4.01757692763531	44.5
0.00601423604066442	4.0075919402004	44.5
0.00730728209049425	3.99762241408185	44.5
0.00872550350966728	3.98766992358341	44.5
0.0102686763445813	3.9777360403187	44.5
0.0119365569103562	3.96782233296304	44.5
0.0137288818293164	3.95793036700575	44.5
0.0156453680725798	3.94806170450292	44.5
0.0176857130047517	3.93821790383076	44.5
0.0198495944317152	3.92840051943952	44.5
0.0221366706515083	3.91861110160799	44.5
0.0245465805082832	3.90885119619874	44.5
0.027078943449337	3.89912234441396	44.5
0.0297333595852056	3.88942608255214	44.5
0.0325094097528097	3.87976394176542	44.5
0.035406655581647	3.87013744781785	44.5
0.0384246395630152	3.86054812084441	44.5
0.041562885122258	3.85099747511099	44.5
0.044820896694022	3.84148701877527	44.5
0.0481981598005119	3.83201825364856	44.5
0.0516941411327327	3.82259267495862	44.5
0.0553082886347054	3.81321177111361	44.5
0.0590400315906427	3.80387702346699	44.5
0.0628887807150725	3.79458990608361	44.5
0.0668539282458918	3.78535188550699	44.5
0.0709348480403398	3.77616442052764	44.5
0.0751308956738737	3.76702896195281	44.5
0.0794414085419298	3.7579469523773	44.5
0.0838657059645574	3.7489198259557	44.5
0.0884030892939053	3.73994900817593	44.5
0.0930528420245466	3.73103591563409	44.5
0.0978142299066238	3.72218195581084	44.5
0.102686501061794	3.71338852684906	44.5
0.107668886101962	3.70465701733313	44.5
0.112760598250771	3.6959888060696	44.5
0.117960833467848	3.68738526186954	44.5
0.123268770575769	3.6788477433323	44.5
0.128683571389734	3.67037759863103	44.5
0.134204380849922	3.66197616529977	44.5
0.139830327156523	3.65364477002223	44.5
0.145560521907395	3.64538472842231	44.5
0.151394060238361	3.63719734485632	44.5
0.157330020966094	3.62908391220706	44.5
0.163367466733584	3.62104571167958	44.5
0.169505444158154	3.61308401259893	44.5
0.175742983982017	3.60520007220969	44.5
0.182079101225326	3.59739513547744	44.5
0.188512795341717	3.58967043489217	44.5
0.195043050376309	3.58202719027365	44.5
0.20166883512613	3.5744666085788	44.5
0.208389103302959	3.56698988371113	44.5
0.215202793698548	3.55959819633216	44.5
0.222108830352196	3.55229271367502	44.5
0.229106122720658	3.5450745893601	44.5
0.236193565850355	3.53794496321291	44.5
0.243370040551855	3.53090496108407	44.5
0.250634413576611	3.52395569467152	44.5
0.257985537795912	3.51709826134499	44.5
0.265422252382025	3.5103337439727	44.5
0.27294338299151	3.50366321075035	44.5
0.280547741950654	3.49708771503247	44.5
0.288234128443026	3.49060829516606	44.5
0.296001328699094	3.48422597432662	44.5
0.3038481161879	3.47794176035661	44.5
0.311773251810734	3.47175664560626	44.5
0.319775484096811	3.46567160677688	44.5
0.327853549400888	3.45968760476665	44.5
0.336006172102811	3.45380558451886	44.5
0.344232064808945	3.44802647487268	44.5
0.352529928555476	3.44235118841653	44.5
0.360898453013525	3.43678062134392	44.5
0.36933631669607	3.43131565331198	44.5
0.377842187166621	3.42595714730251	44.5
0.386414721249626	3.42070594948571	44.5
0.395052565242579	3.41556288908662	44.5
0.40375435512978	3.41052877825407	44.5
0.412518716797731	3.40560441193253	44.5
0.421344266252126	3.40079056773652	44.5
0.430229609836395	3.39608800582786	44.5
0.439173344451786	3.39149746879557	44.5
0.448174057778923	3.38701968153867	44.5
0.457230328500832	3.38265535115167	44.5
0.466340726527383	3.37840516681294	44.5
0.475503813221117	3.37426979967585	44.5
0.484718141624422	3.37024990276282	44.5
0.493982256688028	3.36634611086216	44.5
0.503294695500773	3.36255904042788	44.5
0.512653987520616	3.35888928948229	44.5
0.522058654806849	3.3553374375216	44.5
0.531507212253487	3.35190404542443	44.5
0.540998167823777	3.34858965536317	44.5
0.550530022785812	3.34539479071845	44.5
0.560101271949198	3.34231995599643	44.5
0.569710403902736	3.33936563674915	44.5
0.579355901253101	3.33653229949787	44.5
0.589036240864444	3.33382039165939	44.5
0.598749894098925	3.33123034147539	44.5
0.608495327058092	3.32876255794482	44.5
0.61827100082511	3.32641743075932	44.5
0.628075371707768	3.32419533024164	44.5
0.637906891482246	3.32209660728721	44.5
0.647764007637601	3.32012159330873	44.5
0.657645163620927	3.3182706001838	44.5
0.667548799083146	3.31654392020568	44.5
0.677473350125413	3.31494182603716	44.5
0.68741724954607	3.31346457066748	44.5
0.697378927088123	3.3121123873724	44.5
0.70735680968721	3.31088548967732	44.5
0.717349321720002	3.30978407132361	44.5
0.727354885253012	3.30880830623801	44.5
0.737371920291769	3.30795834850513	44.5
0.747398845030319	3.30723433234315	44.5
0.757434076101011	3.30663637208261	44.5
0.767476028824527	3.30616456214838	44.5
0.777523117460121	3.3058189770447	44.5
0.787573755456028	3.30559967134348	44.5
0.797626355699999	3.30550667967562	44.5
0.80767933076992	3.30554001672559	44.5
0.817731093184492	3.30569967722909	44.5
0.827780055653904	3.30598563597386	44.5
0.837824631330492	3.3063978478037	44.5
0.847863234059316	3.3069362476256	44.5
0.857894278628633	3.30760075041997	44.5
0.867916181020223	3.30839125125413	44.5
0.877927358659521	3.30930762529882	44.5
0.887926230665524	3.31034972784797	44.5
0.897911218100432	3.3115173943415	44.5
0.907880744218979	3.31281044039133	44.5
0.91783323471742	3.3142286618105	44.5
0.927767117982133	3.31577183464541	44.5
0.937680825337794	3.31743971521119	44.5
0.947572791295086	3.31923204013015	44.5
0.957441453797915	3.32114852637341	44.5
0.967285254470071	3.32318887130558	44.5
0.977102638861313	3.32535275273255	44.5
0.986892056692841	3.32763982895234	44.5
0.999854648437637	3.33077864261145	44.5
1.01064948236499	3.33337197490399	44.5
1.02144803113722	3.33594475919653	44.5
1.03225029475432	3.33849699548907	44.5
1.0430562732163	3.3410286837816	44.5
1.05386596652314	3.34353982407412	44.5
1.06467937467486	3.34603041636664	44.5
1.07549649767144	3.34850046065914	44.5
1.0863173355129	3.35094995695165	44.5
1.09714188819923	3.35337890524414	44.5
1.10797015573043	3.35578730553663	44.5
1.11880213810651	3.35817515782912	44.5
1.12963783532745	3.36054246212159	44.5
1.14047724739327	3.36288921841406	44.5
1.15132037430395	3.36521542670653	44.5
1.16216721605951	3.36752108699899	44.5
1.17301777265994	3.36980619929144	44.5
1.18387204410524	3.37207076358388	44.5
1.19473003039542	3.37431477987632	44.5
1.20559173153046	3.37653824816875	44.5
1.21645714751038	3.37874116846118	44.5
1.22732627833516	3.3809235407536	44.5
1.23819912400482	3.38308536504601	44.5
1.24907568451935	3.38522664133842	44.5
1.25995595987876	3.38734736963082	44.5
1.27083995008303	3.38944754992322	44.5
1.28172765513218	3.3915271822156	44.5
1.29261907502619	3.39358626650798	44.5
1.30351420976508	3.39562480280036	44.5
1.31441305934884	3.39764279109273	44.5
1.32531562377747	3.39964023138509	44.5
1.33622190305097	3.40161712367745	44.5
1.34713189716935	3.4035734679698	44.5
1.35804560613259	3.40550926426214	44.5
1.36896302994071	3.40742451255448	44.5
1.3798841685937	3.40931921284681	44.5
1.39080902209156	3.41119336513913	44.5
1.40173759043429	3.41304696943145	44.5
1.41266987362189	3.41488002572376	44.5
1.42360587165437	3.41669253401606	44.5
1.43454558453171	3.41848449430836	44.5
1.44548901225393	3.42025590660065	44.5
1.45643615482102	3.42200677089294	44.5
1.46738701223298	3.42373708718522	44.5
1.47834158448981	3.42544685547749	44.5
1.48929987159151	3.42713607576976	44.5
1.50026187353809	3.42880474806201	44.5
1.51122759032954	3.43045287235427	44.5
1.52219702196585	3.43208044864652	44.5
1.53317016844704	3.43368747693876	44.5
1.5441470297731	3.43527395723099	44.5
1.55512760594404	3.43683988952322	44.5
1.56611189695984	3.43838527381544	44.5
1.57709990282051	3.43991011010766	44.5
1.58809162352606	3.44141439839987	44.5
1.59908705907648	3.44289813869207	44.5
1.61008620947177	3.44436133098426	44.5
1.62108907471193	3.44580397527645	44.5
1.63209565479696	3.44722607156864	44.5
1.64310594972687	3.44862761986081	44.5
1.65411995950164	3.45000862015298	44.5
1.66513768412129	3.45136907244515	44.5
1.67615912358581	3.4527089767373	44.5
1.6871842778952	3.45402833302946	44.5
1.69821314704946	3.4553271413216	44.5
1.70924573104859	3.45660540161374	44.5
1.7202820298926	3.45786311390587	44.5
1.73132204358147	3.459100278198	44.5
1.74236577211522	3.46031689449012	44.5
1.75341321549384	3.46151296278223	44.5
1.76446437371733	3.46268848307434	44.5
1.77551924678569	3.46384345536644	44.5
1.78657783469893	3.46497787965853	44.5
1.79764013745703	3.46609175595062	44.5
1.80870615506001	3.4671850842427	44.5
1.81977588750785	3.46825786453477	44.5
1.83084933480057	3.46931009682684	44.5
1.84192649693816	3.4703417811189	44.5
1.85300737392063	3.47135291741096	44.5
1.86409196574796	3.47234350570301	44.5
1.87518027242017	3.47331354599505	44.5
1.88627229393724	3.47426303828709	44.5
1.89736803029919	3.47519198257912	44.5
1.90846748150601	3.47610037887114	44.5
1.9195706475577	3.47698822716316	44.5
1.93067752845426	3.47785552745517	44.5
1.9417881241957	3.47870227974717	44.5
1.95290243478201	3.47952848403917	44.5
1.96402046021318	3.48033414033116	44.5
1.97514220048923	3.48111924862315	44.5
1.98626765561015	3.48188380891513	44.5
1.99739682557594	3.4826278212071	44.5
2.00852971038661	3.48335128549906	44.5
2.01966631004214	3.48405420179103	44.5
2.03080662454255	3.48473657008298	44.5
2.04195065388782	3.48539839037492	44.5
2.05309839807797	3.48603966266687	44.5
2.06424985711299	3.4866603869588	44.5
2.07540503099289	3.48726056325073	44.5
2.08656391971765	3.48784019154265	44.5
2.09772652328728	3.48839927183456	44.5
2.10889284170179	3.48893780412647	44.5
2.12006287496117	3.48945578841837	44.5
2.13123662306542	3.48995322471027	44.5
2.14241408601454	3.49043011300216	44.5
2.15359526380853	3.49088645329404	44.5
2.1647801564474	3.49132224558592	44.5
2.17596876393113	3.49173748987779	44.5
2.18716108625974	3.49213218616965	44.5
2.19835712343322	3.49250633446151	44.5
2.20955687545157	3.49285993475336	44.5
2.22076034231479	3.49319298704521	44.5
2.23196752402288	3.49350549133704	44.5
2.24317842057585	3.49379744762888	44.5
2.25439303197368	3.4940688559207	44.5
2.26561135821639	3.49431971621252	44.5
2.27683339930397	3.49455002850433	44.5
2.28805915523642	3.49475979279614	44.5
2.29928862601374	3.49494900908794	44.5
2.31052181163593	3.49511767737973	44.5
2.321758712103	3.49526579767152	44.5
2.33299932741493	3.4953933699633	44.5
2.34424365757174	3.49550039425508	44.5
2.35549170257342	3.49558687054684	44.5
2.36674346241997	3.49565279883861	44.5
2.37799893711139	3.49569817913036	44.5
2.38925812664769	3.49572301142211	44.5
2.40052103102885	3.49572729571385	44.5
2.41178765025489	3.49571103200559	44.5
2.4230579843258	3.49567422029732	44.5
2.43433203324158	3.49561686058904	44.5
2.44560979700223	3.49553895288076	44.5
2.45689127560775	3.49544049717247	44.5
2.46817646905815	3.49532149346417	44.5
2.47946537735341	3.49518194175587	44.5
2.49075800049355	3.49502184204756	44.5
2.50205433847856	3.49484119433925	44.5
2.51335439130844	3.49463999863092	44.5
2.52465815898319	3.4944182549226	44.5
2.53596564150281	3.49417596321426	44.5
2.54727683886731	3.49391312350592	44.5
2.55859175107667	3.49362973579757	44.5
2.56991037813091	3.49332580008922	44.5
2.58123272003002	3.49300131638086	44.5
2.592558776774	3.4926562846725	44.5
2.60388854836285	3.49229070496412	44.5
2.61522203479657	3.49190457725574	44.5
2.62655923607517	3.49149790154736	44.5
2.63790015219864	3.49107067783897	44.5
2.64924478316697	3.49062290613057	44.5
2.66059312898018	3.49015458642216	44.5
2.67194518963826	3.48966571871375	44.5
2.68330096514122	3.48915630300534	44.5
2.69466045548904	3.48862633929691	44.5
2.70602366068174	3.48807582758848	44.5
2.7173905807193	3.48750476788005	44.5
2.72876121560174	3.4869131601716	44.5
2.74013556532905	3.48630100446315	44.5
2.75151362990123	3.4856683007547	44.5
2.76289540931828	3.48501504904624	44.5
2.77428090358021	3.48434124933777	44.5
2.785670112687	3.48364690162929	44.5
2.79706303663867	3.48293200592081	44.5
2.80845967543521	3.48219656221232	44.5
2.81986002907662	3.48144057050383	44.5
2.8312640975629	3.48066403079533	44.5
2.84267188089406	3.47986694308682	44.5
2.85408337907008	3.47904930737831	44.5
2.86549859209098	3.47821112366979	44.5
2.87691751995674	3.47735239196126	44.5
2.88834016266738	3.47647311225273	44.5
2.89976652022289	3.47557328454419	44.5
2.91119659262328	3.47465290883565	44.5
2.92263037986853	3.4737119851271	44.5
2.93406788195865	3.47275051341854	44.5
2.94550909889365	3.47176849370997	44.5
2.95695403067352	3.4707659260014	44.5
2.96840267729826	3.46974281029283	44.5
2.97985503876787	3.46869914658424	44.5
2.99131111508235	3.46763493487565	44.5
3.00277090624171	3.46655017516706	44.5
3.01423441224593	3.46544486745845	44.5
3.02570163309503	3.46431901174985	44.5
3.037172568789	3.46317260804123	44.5
3.04864721932784	3.46200565633261	44.5
3.06012558471155	3.46081815662398	44.5
3.07160766494013	3.45961010891535	44.5
3.08309346001358	3.45838151320671	44.5
3.09458296993191	3.45713236949806	44.5
3.10607619469511	3.4558626777894	44.5
3.11757313430318	3.45457243808074	44.5
3.12907378875612	3.45326165037208	44.5
3.14057815805393	3.45193031466341	44.5
3.15208624219661	3.45057843095472	44.5
3.16359804118417	3.44920599924604	44.5
3.17511355501659	3.44781301953735	44.5
3.18663278369389	3.44639949182865	44.5
3.19815572721606	3.44496541611995	44.5
3.2096823855831	3.44351079241123	44.5
3.22121275879501	3.44203562070252	44.5
3.2327468468518	3.44053990099379	44.5
3.24428464975345	3.43902363328506	44.5
3.25582616749998	3.43748681757633	44.5
3.26737140009138	3.43592945386758	44.5
3.27892034752765	3.43435154215883	44.5
3.29047300980879	3.43275308245008	44.5
3.3020293869348	3.43113407474131	44.5
3.31358947890568	3.42949451903254	44.5
3.32515328572144	3.42783441532377	44.5
3.33672080738207	3.42615376361499	44.5
3.34829204388757	3.4244525639062	44.5
3.35986699523793	3.42273081619741	44.5
3.37144566143318	3.42098852048861	44.5
3.38302804247329	3.4192256767798	44.5
3.39461413835827	3.41744228507099	44.5
3.40620394908813	3.41563834536217	44.5
3.41779747466286	3.41381385765334	44.5
3.42939471508246	3.41196882194451	44.5
3.44099567034693	3.41010323823567	44.5
3.45260034045627	3.40821710652682	44.5
3.46420872541048	3.40631042681797	44.5
3.47582082520957	3.40438319910911	44.5
3.48743663985352	3.40243542340025	44.5
3.49905616934235	3.40046709969138	44.5
3.51067941367605	3.3984782279825	44.5
3.52230637285462	3.39646880827362	44.5
3.53393704687806	3.39443884056473	44.5
3.54557143574638	3.39238832485583	44.5
3.55720953945956	3.39031726114692	44.5
3.56885135801762	3.38822564943802	44.5
3.58049689142055	3.3861134897291	44.5
3.59214613966835	3.38398078202018	44.5
3.60379910276102	3.38182752631125	44.5
3.61545578069856	3.37965372260232	44.5
3.62711617348098	3.37745937089337	44.5
3.63878028110826	3.37524447118443	44.5
3.65044810358042	3.37300902347547	44.5
3.66211964089745	3.37075302776651	44.5
3.67379489305935	3.36847648405755	44.5
3.68547386006612	3.36617939234857	44.5
3.69715654191776	3.3638617526396	44.5
3.70884293861428	3.36152356493061	44.5
3.72053305015566	3.35916482922162	44.5
3.73222687654192	3.35678554551262	44.5
3.74392441777305	3.35438571380361	44.5
3.75562567384905	3.3519653340946	44.5
3.76733064476992	3.34952440638558	44.5
3.77903933053567	3.34706293067656	44.5
3.79075173114628	3.34458090696753	44.5
3.80246784660177	3.34207833525849	44.5
3.81418767690213	3.33955521554945	44.5
3.82591122204736	3.3370115478404	44.5
3.83763848203746	3.33444733213134	44.5
3.84936945687243	3.33186256842228	44.5
3.86110414655227	3.32925725671321	44.5
3.87284255107699	3.32663139700413	44.5
3.88458467044657	3.32398498929505	44.5
3.89633050466103	3.32131803358596	44.5
3.90808005372036	3.31863052987687	44.5
3.91983331762456	3.31592247816777	44.5
3.93159029637364	3.31319387845866	44.5
3.94335098996758	3.31044473074955	44.5
3.9551153984064	3.30767503504043	44.5
3.96688352169008	3.3048847913313	44.5
3.97865535981864	3.30207399962217	44.5
3.99043091279207	3.29924265991303	44.5
4.00221018061038	3.29639077220388	44.5
4.01399316327355	3.29351833649473	44.5
4.02577986078159	3.29062535278557	44.5
4.03757027313451	3.28771182107641	44.5
4.0493644003323	3.28477774136724	44.5
4.06116224237496	3.28182311365806	44.5
4.07296379926249	3.27884793794888	44.5
4.08476907099489	3.27585221423969	44.5
4.09657805757216	3.27283594253049	44.5
4.10839075899431	3.26979912282129	44.5
4.12020717526133	3.26674175511208	44.5
4.13202730637321	3.26366383940286	44.5
4.14385115232997	3.26056537569364	44.5
4.1556787131316	3.25744636398441	44.5
4.16750998877811	3.25430680427517	44.5
4.17934497926948	3.25114669656593	44.5
4.19118368460573	3.24796604085669	44.5
4.20302610478684	3.24476483714743	44.5
4.21487223981283	3.24154308543817	44.5
4.22672208968369	3.2383007857289	44.5
4.23857565439942	3.23503793801963	44.5
4.25043293396003	3.23175454231035	44.5
4.2622939283655	3.22845059860106	44.5
4.27415863761585	3.22512610689177	44.5
4.28602706171106	3.22178106718247	44.5
4.29789920065115	3.21841547947316	44.5
4.30977505443611	3.21502934376386	44.5
4.32165462306595	3.21162266005454	44.5
4.33353790654065	3.20819542834521	44.5
4.34542490486022	3.20474764863588	44.5
4.35731561802467	3.20127932092654	44.5
4.36921004603399	3.1977904452172	44.5
4.38110818888818	3.19428102150785	44.5
4.39301004658724	3.19075104979849	44.5
4.40491561913117	3.18720053008913	44.5
4.41682490651997	3.18362946237976	44.5
4.42873790875365	3.18003784667039	44.5
4.4406546258322	3.176425682961	44.5
4.45257505775561	3.17279297125162	44.5
4.46449920452391	3.16913971154222	44.5
4.47642706613707	3.16546590383282	44.5
4.4883586425951	3.16177154812341	44.5
4.500293933898	3.158056644414	44.5
4.51223294004578	3.15432119270458	44.5
4.52417566103843	3.15056519299515	44.5
4.53612209687594	3.14678864528572	44.5
4.54807224755834	3.14299154957628	44.5
4.5600261130856	3.13917390586683	44.5
4.57198369345773	3.13533571415738	44.5
4.58394498867473	3.13147697444792	44.5
4.59590999873661	3.12759768673846	44.5
4.60787872364336	3.12369785102899	44.5
4.61985116339498	3.11977746731951	44.5
4.63182731799147	3.11583653561002	44.5
4.64380718743283	3.11187505590053	44.5
4.65579077171906	3.10789302819103	44.5
4.66777807085017	3.10389045248153	44.5
4.67976908482614	3.09986732877202	44.5
4.69176381364699	3.09582365706251	44.5
4.70376225731271	3.09175943735298	44.5
4.7157644158233	3.08767466964345	44.5
4.72777028917877	3.08356935393392	44.5
4.7397798773791	3.07944349022438	44.5
4.7517931804243	3.07529707851483	44.5
4.76381019831438	3.07113011880527	44.5
4.77583093104933	3.06694261109571	44.5
4.78785537862915	3.06273455538615	44.5
4.79988354105384	3.05850595167657	44.5
4.8119154183234	3.05425679996699	44.5
4.82395101043784	3.04998710025741	44.5
4.83599031739714	3.04569685254781	44.5
4.84803333920132	3.04138605683821	44.5
4.86008007585037	3.03705471312861	44.5
4.87213052734429	3.032702821419	44.5
4.88418469368308	3.02833038170938	44.5
4.89624257486675	3.02393739399975	44.5
4.90830417089528	3.01952385829012	44.5
4.92036948176869	3.01508977458048	44.5
4.93243850748696	3.01063514287084	44.5
4.94451124805011	3.00615996316119	44.5
4.95658770345813	3.00166423545153	44.5
4.96866787371103	2.99714795974187	44.5
4.98075175880879	2.9926111360322	44.5
4.99283935875143	2.98805376432252	44.5
5.00493067353893	2.98347584461284	44.5
5.01702570317131	2.97887737690315	44.5
5.02912444764856	2.97425836119346	44.5
5.04122690697068	2.96961879748376	44.5
5.05333308113767	2.96495868577405	44.5
5.06544297014954	2.96027802606433	44.5
5.07755657400627	2.95557681835461	44.5
5.08967389270788	2.95085506264489	44.5
5.10179492625436	2.94611275893515	44.5
5.11391967464571	2.94134990722541	44.5
5.12604813788193	2.93656650751567	44.5
5.13818031596302	2.93176255980591	44.5
5.15031620888899	2.92693806409616	44.5
5.16245581665982	2.92209302038639	44.5
5.17459913927553	2.91722742867662	44.5
5.18674617673611	2.91234128896684	44.5
5.19889692904156	2.90743460125706	44.5
5.21105139619188	2.90250736554727	44.5
5.22320957818708	2.89755958183747	44.5
5.23537147502714	2.89259125012766	44.5
5.24753708671208	2.88760237041785	44.5
5.25970641324188	2.88259294270804	44.5
5.27187945461657	2.87756296699821	44.5
5.28405621083612	2.87251244328839	44.5
5.29623668190054	2.86744137157855	44.5
5.30842086780983	2.86234975186871	44.5
5.320608768564	2.85723758415886	44.5
5.33280038416303	2.852104868449	44.5
5.34499571460694	2.84695160473914	44.5
5.35719475989572	2.84177779302927	44.5
5.36939752002937	2.8365834333194	44.5
5.38160399500789	2.83136852560952	44.5
5.39381418483129	2.82613306989963	44.5
5.40602808949956	2.82087706618974	44.5
5.41824570901269	2.81560051447984	44.5
5.4304670433707	2.81030341476994	44.5
5.44269209257358	2.80498576706002	44.5
5.45492085662133	2.7996475713501	44.5
5.46715333551396	2.79428882764018	44.5
5.47938952925145	2.78890953593025	44.5
5.49162943783382	2.78350969622031	44.5
5.50387306126105	2.77808930851037	44.5
5.51612039953316	2.77264837280042	44.5
5.52837145265014	2.76718688909046	44.5
5.540626220612	2.76170485738049	44.5
5.55288470341872	2.75620227767053	44.5
5.56514690107031	2.75067914996055	44.5
5.57741281356678	2.74513547425057	44.5
5.58968244090812	2.73957125054058	44.5
5.60195578309433	2.73398647883058	44.5
5.61423284012541	2.72838115912058	44.5
5.62651361200136	2.72275529141057	44.5
5.63879809872219	2.71710887570056	44.5
5.65108630028788	2.71144191199054	44.5
5.66337821669845	2.70575440028051	44.5
5.67567384795389	2.70004634057048	44.5
5.6879731940542	2.69431773286043	44.5
5.70027625499938	2.68856857715039	44.5
5.71258303078943	2.68279887344034	44.5
5.72489352142435	2.67700862173028	44.5
5.73720772690415	2.67119782202021	44.5
5.74952564722882	2.66536647431014	44.5
5.76184728239836	2.65951457860006	44.5
5.77417263241277	2.65364213488998	44.5
5.78650169727205	2.64774914317988	44.5
5.7988344769762	2.64183560346979	44.5
5.81117097152523	2.63590151575968	44.5
5.82351118091912	2.62994688004957	44.5
5.83585510515789	2.62397169633946	44.5
5.84820274424153	2.61797596462933	44.5
5.86055409817004	2.6119596849192	44.5
5.87290916694342	2.60592285720907	44.5
5.88526795056168	2.59986548149892	44.5
5.8976304490248	2.59378755778878	44.5
5.9099966623328	2.58768908607862	44.5
5.92236659048567	2.58157006636846	44.5
5.93474023348341	2.57543049865829	44.5
5.94711759132602	2.56927038294812	44.5
5.9594986640135	2.56308971923794	44.5
5.97188345154585	2.55688850752775	44.5
5.98427195392308	2.55066674781756	44.5
5.99666417114518	2.54442444010736	44.5
6.00906010321214	2.53816158439715	44.5
6.02145975012398	2.53187818068694	44.5
6.0338631118807	2.52557422897672	44.5
6.04627018848228	2.51924972926649	44.5
6.05868097992873	2.51290468155626	44.5
6.07109548622006	2.50653908584602	44.5
6.08351370735626	2.50015294213578	44.5
6.09593564333733	2.49374625042553	44.5
6.10836129416327	2.48731901071527	44.5
6.12079065983408	2.48087122300501	44.5
6.13322374034976	2.47440288729474	44.5
6.14566053571032	2.46791400358446	44.5
6.15810104591574	2.46140457187418	44.5
6.17054527096604	2.45487459216389	44.5
6.18299321086121	2.44832406445359	44.5
6.19544486560125	2.44175298874329	44.5
6.20790023518616	2.43516136503298	44.5
6.22035931961595	2.42854919332267	44.5
6.2328221188906	2.42191647361235	44.5
6.24528863301013	2.41526320590202	44.5
6.25775886197453	2.40858939019169	44.5
6.2702328057838	2.40189502648134	44.5
6.28271046443794	2.395180114771	44.5
6.29519183793695	2.38844465506065	44.5
6.30767692628083	2.38168864735028	44.5
6.32016572946959	2.37491209163992	44.5
6.33265824750322	2.36811498792955	44.5
6.34515448038172	2.36129733621917	44.5
6.35765442810509	2.35445913650878	44.5
6.37015809067333	2.34760038879839	44.5
6.38266546808644	2.34072109308799	44.5
6.39517656034443	2.33382124937759	44.5
6.40769136744728	2.32690085766718	44.5
6.42020988939501	2.31995991795676	44.5
6.43273212618761	2.31299843024634	44.5
6.44525807782508	2.30601639453591	44.5
6.45778774430742	2.29901381082547	44.5
6.47032112563463	2.29199067911503	44.5
6.48285822180672	2.28494699940458	44.5
6.49539903282368	2.27788277169412	44.5
6.5079435586855	2.27079799598366	44.5
6.5204917993922	2.2636926722732	44.5
6.53304375494377	2.25656680056272	44.5
6.54559942534022	2.24942038085224	44.5
6.55815881058153	2.24225341314175	44.5
6.57072191066772	2.23506589743126	44.5
6.58328872559877	2.22785783372076	44.5
6.5958592553747	2.22062922201025	44.5
6.6084334999955	2.21338006229974	44.5
6.62101145946117	2.20611035458922	44.5
6.63359313377171	2.1988200988787	44.5
6.64617852292713	2.19150929516816	44.5
6.65876762692741	2.18417794345762	44.5
6.67136044577257	2.17682604374708	44.5
6.6839569794626	2.16945359603653	44.5
6.6965572279975	2.16206060032597	44.5
6.70916119137727	2.15464705661541	44.5
6.72176886960192	2.14721296490483	44.5
6.73438026267143	2.13975832519426	44.5
6.74699537058582	2.13228313748368	44.5
6.75961419334507	2.12478740177309	44.5
6.7722367309492	2.11727111806249	44.5
6.7848629833982	2.10973428635189	44.5
6.79749295069208	2.10217690664128	44.5
6.81012663283082	2.09459897893066	44.5
6.82276402981444	2.08700050322004	44.5
6.83540514164292	2.07938147950942	44.5
6.84804996831628	2.07174190779878	44.5
6.86069850983451	2.06408178808814	44.5
6.87335076619761	2.05640112037749	44.5
6.88600673740558	2.04869990466684	44.5
6.89866642345843	2.04097814095618	44.5
6.91132982435614	2.03323582924551	44.5
6.92399694009873	2.02547296953484	44.5
6.93666777068619	2.01768956182416	44.5
6.94934231611852	2.00988560611348	44.5
6.96202057639572	2.00206110240278	44.5
6.97470255151779	1.99421605069208	44.5
6.98738824148474	1.98635045098138	44.5
7.00007764629655	1.97846430327067	44.5
7.01277076595324	1.97055760755995	44.5
7.0254676004548	1.96263036384923	44.5
7.03816814980123	1.9546825721385	44.5
7.05087241399253	1.94671423242776	44.5
7.0635803930287	1.93872534471702	44.5
7.07629208690975	1.93071590900627	44.5
7.08900749563567	1.92268592529552	44.5
7.10172661920646	1.91463539358475	44.5
7.11444945762211	1.90656431387398	44.5
7.12717601088264	1.89847268616321	44.5
7.13990627898805	1.89036051045243	44.5
7.15264026193832	1.88222778674164	44.5
7.16537795973347	1.87407451503085	44.5
7.17811937237348	1.86590069532005	44.5
7.19086449985837	1.85770632760924	44.5
7.20361334218813	1.84949141189843	44.5
7.21636589936276	1.84125594818761	44.5
7.22912217138227	1.83299993647678	44.5
7.24188215824664	1.82472337676595	44.5
7.25464585995588	1.81642626905511	44.5
7.26741327651	1.80810861334427	44.5
7.28018440790899	1.79977040963341	44.5
7.29295925415285	1.79141165792256	44.5
7.30573781524158	1.78303235821169	44.5
7.31852009117518	1.77463251050082	44.5
7.33130608195366	1.76621211478994	44.5
7.34409578757701	1.75777117107906	44.5
7.35688920804522	1.74930967936817	44.5
7.36968634335831	1.74082763965728	44.5
7.38248719351627	1.73232505194637	44.5
7.3952917585191	1.72380191623546	44.5
7.40810003836681	1.71525823252455	44.5
7.42091203305938	1.70669400081363	44.5
7.43372774259683	1.6981092211027	44.5
7.44654716697915	1.68950389339176	44.5
7.45937030620634	1.68087801768082	44.5
7.4721971602784	1.67223159396988	44.5
7.48502772919533	1.66356462225892	44.5
7.49786201295713	1.65487710254796	44.5
7.51070001156381	1.646169034837	44.5
7.52354172501536	1.63744041912602	44.5
7.53638715331178	1.62869125541504	44.5
7.54923629645307	1.61992154370406	44.5
7.56208915443923	1.61113128399306	44.5
7.57494572727026	1.60232047628207	44.5
7.58780601494616	1.59348912057106	44.5
7.60067001746694	1.58463721686005	44.5
7.61353773483259	1.57576476514903	44.5
7.6264091670431	1.56687176543801	44.5
7.63928431409849	1.55795821772698	44.5
7.65216317599876	1.54902412201594	44.5
7.66504575274389	1.5400694783049	44.5
7.67793204433389	1.53109428659385	44.5
7.69082205076877	1.52209854688279	44.5
7.70371577204852	1.51308225917173	44.5
7.71661320817314	1.50404542346066	44.5
7.72951435914263	1.49498803974959	44.5
7.74241922495699	1.48591010803851	44.5
7.75532780561622	1.47681162832742	44.5
7.76824010112033	1.46769260061632	44.5
7.78115611146931	1.45855302490522	44.5
7.79407583666315	1.44939290119412	44.5
7.80699927670187	1.440212229483	44.5
7.81992643158546	1.43101100977188	44.5
7.83285730131393	1.42178924206076	44.5
7.84579188588726	1.41254692634962	44.5
7.85873018530547	1.40328406263848	44.5
7.87167219956854	1.39400065092734	44.5
7.88461792867649	1.38469669121619	44.5
7.89756737262931	1.37537218350503	44.5
7.910520531427	1.36602712779387	44.5
7.92347740506957	1.35666152408269	44.5
7.936437993557	1.34727537237152	44.5
7.94940229688931	1.33786867266033	44.5
7.96237031506648	1.32844142494914	44.5
7.97534204808853	1.31899362923795	44.5
7.98831749595545	1.30952528552674	44.5
8.00129665866725	1.30003639381553	44.5
8.01427953622391	1.29052695410432	44.5
8.02726612862544	1.2809969663931	44.5
8.04025643587185	1.27144643068187	44.5
8.05325045796313	1.26187534697063	44.5
8.06624819489928	1.25228371525939	44.5
8.0792496466803	1.24267153554814	44.5
8.09225481330619	1.23303880783689	44.5
8.10526369477695	1.22338553212563	44.5
8.11827629109259	1.21371170841436	44.5
8.1312926022531	1.20401733670309	44.5
8.14431262825847	1.19430241699181	44.5
8.15733636910872	1.18456694928052	44.5
8.17036382480385	1.17481093356923	44.5
8.18339499534384	1.16503436985793	44.5
8.1964298807287	1.15523725814663	44.5
8.20946848095844	1.14541959843532	44.5
8.22251079603304	1.135581390724	44.5
8.23555682595252	1.12572263501267	44.5
8.24860657071687	1.11584333130134	44.5
8.26166003032609	1.10594347959001	44.5
8.27471720478019	1.09602307987866	44.5
8.28777809407915	1.08608213216731	44.5
8.30084269822299	1.07612063645596	44.5
8.3139110172117	1.0661385927446	44.5
8.32698305104527	1.05613600103323	44.5
8.34005879972373	1.04611286132185	44.5
8.35313826324705	1.03606917361047	44.5
8.36622144161524	1.02600493789908	44.5
8.37930833482831	1.01592015418769	44.5
8.39239894288624	1.00581482247629	44.5
8.40549326578905	0.995688942764877	44.5
8.41859130353673	0.985542515053465	44.5
8.43169305612928	0.975375539342044	44.5
8.4447985235667	0.965188015630617	44.5
8.457907705849	0.954979943919184	44.5
8.47102060297616	0.944751324207746	44.5
8.4841372149482	0.934502156496301	44.5
8.49725754176511	0.924232440784847	44.5
8.51038158342689	0.913942177073388	44.5
8.52350933993354	0.903631365361925	44.5
8.53664081128506	0.893300005650453	44.5
8.54977599748146	0.882948097938976	44.5
8.56291489852272	0.872575642227491	44.5
8.57605751440886	0.862182638516002	44.5
8.58920384513987	0.851769086804504	44.5
8.60235389071575	0.841334987093001	44.5
8.6155076511365	0.830880339381492	44.5
8.62866512640212	0.820405143669976	44.5
8.64182631651262	0.809909399958452	44.5
8.65499122146798	0.799393108246925	44.5
8.66815984126822	0.788856268535389	44.5
8.68133217591333	0.778298880823849	44.5
8.69450822540331	0.767720945112299	44.5
8.70768798973816	0.757122461400746	44.5
8.72087146891789	0.746503429689185	44.5
8.73405866294248	0.735863849977618	44.5
8.74724957181195	0.725203722266046	44.5
8.76044419552629	0.714523046554465	44.5
8.7736425340855	0.703821822842879	44.5
8.78684458748958	0.693100051131286	44.5
8.80005035573853	0.682357731419687	44.5
8.81325983883235	0.671594863708082	44.5
8.82647303677105	0.660811447996469	44.5
8.83968994955462	0.650007484284852	44.5
8.85291057718305	0.639182972573227	44.5
8.86613491965636	0.628337912861597	44.5
8.87936297697455	0.617472305149958	44.5
8.8925947491376	0.606586149438315	44.5
8.90583023614552	0.595679445726665	44.5
8.91906943799832	0.584752194015009	44.5
8.93231235469599	0.573804394303346	44.5
8.94555898623853	0.562836046591675	44.5
8.95880933262594	0.55184715088	44.5
8.97206339385822	0.540837707168319	44.5
8.98532116993537	0.529807715456631	44.5
8.9985826608574	0.518757175744936	44.5
9.01184786662429	0.507686088033234	44.5
9.02511678723606	0.496594452321526	44.5
9.0383894226927	0.485482268609813	44.5
9.05166577299421	0.474349536898093	44.5
9.06494583814059	0.463196257186365	44.5
9.07822961813185	0.452022429474631	44.5
9.09151711296797	0.440828053762892	44.5
9.10480832264897	0.429613130051147	44.5
9.11810324717484	0.418377658339395	44.5
9.13140188654558	0.407121638627636	44.5
9.14470424076119	0.39584507091587	44.5
9.15801030982167	0.384547955204099	44.5
9.17132009372702	0.373230291492321	44.5
9.18463359247725	0.361892079780537	44.5
9.19795080607235	0.350533320068747	44.5
9.21127173451232	0.339154012356949	44.5
9.22459637779716	0.327754156645146	44.5
9.23792473592687	0.316333752933336	44.5
9.25125680890145	0.30489280122152	44.5
9.26459259672091	0.293431301509697	44.5
9.27793209938523	0.281949253797868	44.5
9.29127531689443	0.270446658086033	44.5
9.3046222492485	0.258923514374191	44.5
9.31797289644744	0.247379822662343	44.5
9.33132725849125	0.235815582950488	44.5
9.34468533537993	0.224230795238626	44.5
9.35804712711349	0.21262545952676	44.5
9.37141263369191	0.200999575814887	44.5
9.38478185511521	0.189353144103007	44.5
9.39815479138338	0.17768616439112	44.5
9.41153144249643	0.165998636679227	44.5
9.42491180845434	0.154290560967327	44.5
9.43829588925712	0.142561937255422	44.5
9.45168368490478	0.13081276554351	44.5
9.4650751953973	0.119043045831591	44.5
9.4784704207347	0.107252778119666	44.5
9.49186936091697	0.0954419624077358	44.5
9.50527201594411	0.083610598695798	44.5
9.51867838581612	0.0717586869838547	44.5
9.53208847053301	0.0598862272719041	44.5
9.54550227009477	0.0479932195599453	44.5
9.55891978450139	0.0360796638479828	44.5
9.57234101375289	0.0241455601360139	44.5
9.58576595784926	0.0121909084240377	44.5
9.5991946167905	0.000215708712056006	44.5
9.61262699057662	-0.011780038999933	44.5
9.6260630792076	-0.0237963347119283	44.5
9.63950288268346	-0.0358331784239292	44.5
9.65294640100418	-0.0478905701359364	44.5
9.66639363416978	-0.059968509847951	44.5
9.67984458218025	-0.0720669975599728	44.5
9.6932992450356	-0.0841860332719997	44.5
9.70675762273581	-0.096325616984033	44.5
9.72021971528089	-0.108485748696073	44.5
9.73368552267085	-0.12066642840812	44.5
9.74715504490568	-0.132867656120172	44.5
9.76062828198538	-0.145089431832231	44.5
9.77410523390995	-0.157331755544296	44.5
9.78758590067939	-0.169594627256368	44.5
9.80107028229371	-0.181878046968447	44.5
9.81455837875289	-0.194182014680531	44.5
9.82805019005695	-0.206506530392621	44.5
9.84154571620588	-0.218851594104719	44.5
9.85504495719968	-0.231217205816822	44.5
9.86854791303835	-0.243603365528934	44.5
9.88205458372189	-0.256010073241049	44.5
9.89556496925031	-0.268437328953172	44.5
9.90907906962359	-0.280885132665301	44.5
9.92259688484175	-0.293353484377437	44.5
9.93611841490478	-0.30584238408958	44.5
9.94964365981268	-0.318351831801728	44.5
9.96317261956545	-0.330881827513882	44.5
9.97670529416309	-0.343432371226043	44.5
9.99024168360561	-0.35600346293821	44.5
10.003781787893	-0.368595102650386	44.5
10.0173256070253	-0.381207290362565	44.5
10.0308731410024	-0.393840026074753	44.5
10.0444243898244	-0.406493309786946	44.5
10.0579793534913	-0.419167141499145	44.5
10.071538032003	-0.431861521211351	44.5
10.0851004253596	-0.444576448923564	44.5
10.0986665335611	-0.457311924635782	44.5
10.1122363566075	-0.470067948348007	44.5
10.1258098944987	-0.482844520060238	44.5
10.1393871472348	-0.495641639772477	44.5
10.1529681148158	-0.508459307484721	44.5
10.1665527972416	-0.521297523196971	44.5
10.1801411945123	-0.534156286909229	44.5
10.1937333066279	-0.547035598621491	44.5
10.2073291335884	-0.559935458333763	44.5
10.2209286753937	-0.572855866046038	44.5
10.2345319320439	-0.585796821758321	44.5
10.248138903539	-0.59875832547061	44.5
10.2617495898789	-0.611740377182905	44.5
10.2753639910637	-0.624742976895207	44.5
10.2889821070934	-0.637766124607515	44.5
10.302603937968	-0.65080982031983	44.5
10.3162294836874	-0.66387406403215	44.5
10.3298587442517	-0.676958855744477	44.5
10.3434917196609	-0.690064195456812	44.5
10.3571284099149	-0.703190083169152	44.5
10.3707688150138	-0.716336518881498	44.5
10.3844129349576	-0.729503502593851	44.5
10.3980607697463	-0.74269103430621	44.5
10.4117123193798	-0.755899114018576	44.5
10.4253675838582	-0.769127741730948	44.5
10.4390265631815	-0.782376917443326	44.5
10.4526892573496	-0.795646641155711	44.5
10.4663556663627	-0.808936912868102	44.5
10.4800257902206	-0.822247732580501	44.5
10.4936996289233	-0.835579100292904	44.5
10.5073771824709	-0.848931016005314	44.5
10.5210584508634	-0.862303479717731	44.5
10.5347434341008	-0.875696491430154	44.5
10.5484321321831	-0.889110051142584	44.5
10.5621245451102	-0.90254415885502	44.5
10.5758206728822	-0.915998814567462	44.5
10.589520515499	-0.929474018279911	44.5
10.6032240729608	-0.942969769992367	44.5
10.6169313452674	-0.956486069704828	44.5
10.6306423324188	-0.970022917417296	44.5
10.6443570344152	-0.98358031312977	44.5
10.6580754512564	-0.99715825684225	44.5
10.6717975829425	-1.01075674855474	44.5
10.6855234294735	-1.02437578826723	44.5
10.6992529908493	-1.03801537597973	44.5
10.71298626707	-1.05167551169224	44.5
10.7267232581356	-1.06535619540475	44.5
10.740463964046	-1.07905742711727	44.5
10.7542083848013	-1.09277920682979	44.5
10.7679565204015	-1.10652153454233	44.5
10.7817083708466	-1.12028441025486	44.5
10.7954639361365	-1.13406783396741	44.5
10.8092232162713	-1.14787180567996	44.5
10.822986211251	-1.16169632539252	44.5
10.8367529210755	-1.17554139310508	44.5
10.850523345745	-1.18940700881765	44.5
10.8642974852592	-1.20329317253023	44.5
10.8780753396184	-1.21719988424281	44.5
10.8918569088224	-1.2311271439554	44.5
10.9056421928713	-1.24507495166799	44.5
10.9194311917651	-1.2590433073806	44.5
10.9332239055038	-1.2730322110932	44.5
10.9470203340873	-1.28704166280582	44.5
10.9608204775157	-1.30107166251844	44.5
10.9746243357889	-1.31512221023107	44.5
10.9884319089071	-1.3291933059437	44.5
11.0022431968701	-1.34328494965634	44.5
11.016058199678	-1.35739714136899	44.5
11.0298769173307	-1.37152988108164	44.5
11.0436993498283	-1.3856831687943	44.5
11.0575254971708	-1.39985700450697	44.5
11.0713553593582	-1.41405138821964	44.5
11.0851889363904	-1.42826631993232	44.5
11.0990262282675	-1.442501799645	44.5
11.1128672349895	-1.4567578273577	44.5
11.1267119565563	-1.47103440307039	44.5
11.1405603929681	-1.4853315267831	44.5
11.1544125442247	-1.49964919849581	44.5
11.1682684103261	-1.51398741820853	44.5
11.1821279912724	-1.52834618592125	44.5
11.1959912870637	-1.54272550163398	44.5
11.2098582976997	-1.55712536534672	44.5
11.2237290231807	-1.57154577705946	44.5
11.2376034635065	-1.58598673677221	44.5
11.2514816186772	-1.60044824448496	44.5
11.2653634886928	-1.61493030019773	44.5
11.2792490735532	-1.62943290391049	44.5
11.2931383732585	-1.64395605562327	44.5
11.3070313878087	-1.65849975533605	44.5
11.3209281172037	-1.67306400304884	44.5
11.3348285614436	-1.68764879876163	44.5
11.3487327205284	-1.70225414247443	44.5
11.3626405944581	-1.71688003418724	44.5
11.3765521832326	-1.73152647390005	44.5
11.390467486852	-1.74619346161287	44.5
11.4043865053163	-1.76088099732569	44.5
11.4183092386255	-1.77558908103853	44.5
11.4322356867795	-1.79031771275136	44.5
11.4461658497784	-1.80506689246421	44.5
11.4600997276221	-1.81983662017706	44.5
11.4740373203108	-1.83462689588992	44.5
11.4879786278443	-1.84943771960278	44.5
11.5019236502227	-1.86426909131565	44.5
11.5158723874459	-1.87912101102853	44.5
11.529824839514	-1.89399347874141	44.5
11.543781006427	-1.9088864944543	44.5
11.5577408881849	-1.9238000581672	44.5
11.5717044847876	-1.9387341698801	44.5
11.5856717962352	-1.95368882959301	44.5
11.5996428225277	-1.96866403730592	44.5
11.6136175636651	-1.98365979301885	44.5
11.6275960196473	-1.99867609673177	44.5
11.6415781904744	-2.01371294844471	44.5
11.6555640761463	-2.02877034815765	44.5
11.6695536766632	-2.0438482958706	44.5
11.6835469920249	-2.05894679158355	44.5
11.6975440222315	-2.07406583529651	44.5
11.7115447672829	-2.08920542700948	44.5
11.7255492271792	-2.10436556672245	44.5
11.7395574019204	-2.11954625443543	44.5
11.7535692915065	-2.13474749014841	44.5
11.7675848959374	-2.1499692738614	44.5
11.7816042152132	-2.1652116055744	44.5
11.7956272493339	-2.18047448528741	44.5
11.8096539982995	-2.19575791300042	44.5
11.8236844621099	-2.21106188871343	44.5
11.8377186407652	-2.22638641242646	44.5
11.8517565342654	-2.24173148413949	44.5
11.8657981426104	-2.25709710385253	44.5
11.8798434658003	-2.27248327156557	44.5
11.8938925038351	-2.28788998727862	44.5
11.9079452567147	-2.30331725099167	44.5
11.9220017244393	-2.31876506270474	44.5
11.9360619070086	-2.3342334224178	44.5
11.9501258044229	-2.34972233013088	44.5
11.964193416682	-2.36523178584396	44.5
11.9782647437861	-2.38076178955705	44.5
11.9923397857349	-2.39631234127014	44.5
12.0064185425287	-2.41188344098324	44.5
12.0205010141673	-2.42747508869635	44.5
12.0345872006508	-2.44308728440946	44.5
12.0486771019792	-2.45872002812258	44.5
12.0627707181524	-2.47437331983571	44.5
12.0768680491705	-2.49004715954884	44.5
12.0909690950335	-2.50574154726198	44.5
12.1050738557414	-2.52145648297512	44.5
12.1191823312941	-2.53719196668828	44.5
12.1332945216917	-2.55294799840143	44.5
12.1474104269341	-2.5687245781146	44.5
12.1615300470215	-2.58452170582777	44.5
12.1756533819537	-2.60033938154094	44.5
12.1897804317308	-2.61617760525413	44.5
12.2039111963527	-2.63203637696732	44.5
12.2180456758195	-2.64791569668051	44.5
12.2321838701312	-2.66381556439372	44.5
12.2463257792878	-2.67973598010693	44.5
12.2604714032892	-2.69567694382014	44.5
12.2746207421356	-2.71163845553336	44.5
12.2887737958267	-2.72762051524659	44.5
12.3029305643628	-2.74362312295983	44.5
12.3170910477437	-2.75964627867307	44.5
12.3312552459695	-2.77568998238631	44.5
12.3454231590402	-2.79175423409957	44.5
12.3595947869557	-2.80783903381283	44.5
12.3737701297161	-2.82394438152609	44.5
12.3879491873214	-2.84007027723937	44.5
12.4021319597716	-2.85621672095265	44.5
12.4163184470666	-2.87238371266593	44.5
12.4305086492065	-2.88857125237922	44.5
12.4447025661913	-2.90477934009252	44.5
12.4589001980209	-2.92100797580583	44.5
12.4731015446954	-2.93725715951914	44.5
12.4873066062148	-2.95352689123246	44.5
12.501515382579	-2.96981717094578	44.5
12.5157278737882	-2.98612799865911	44.5
12.5299440798422	-3.00245937437245	44.5
12.544164000741	-3.01881129808579	44.5
12.5583876364848	-3.03518376979914	44.5
12.5726149870734	-3.0515767895125	44.5
12.5868460525069	-3.06799035722586	44.5
12.6010808327852	-3.08442447293923	44.5
12.6153193279084	-3.1008791366526	44.5
12.6295615378765	-3.11735434836598	44.5
12.6438074626895	-3.13385010807937	44.5
12.6580571023473	-3.15036641579277	44.5
12.6723104568501	-3.16690327150617	44.5
12.6865675261976	-3.18346067521957	44.5
12.7008283103901	-3.20003862693299	44.5
12.7150928094274	-3.21663712664641	44.5
12.7293610233096	-3.23325617435983	44.5
12.7436329520367	-3.24989577007327	44.5
12.7579085956086	-3.26655591378671	44.5
12.7721879540254	-3.28323660550015	44.5
12.7864710272871	-3.2999378452136	44.5
12.8007578153937	-3.31665963292706	44.5
12.8150483183451	-3.33340196864053	44.5
12.8293425361414	-3.350164852354	44.5
12.8436404687826	-3.36694828406747	44.5
12.8579421162686	-3.38375226378096	44.5
12.8722474785995	-3.40057679149445	44.5
12.8865565557753	-3.41742186720794	44.5
12.900869347796	-3.43428749092145	44.5
12.9151858546615	-3.45117366263496	44.5
12.9295060763719	-3.46808038234847	44.5
12.9438300129272	-3.48500765006199	44.5
12.9581576643273	-3.50195546577552	44.5
12.9724890305723	-3.51892382948906	44.5
12.9868241116622	-3.5359127412026	44.5
13.001162907597	-3.55292220091615	44.5
13.0155054183766	-3.5699522086297	44.5
13.0298516440011	-3.58700276434326	44.5
13.0442015844705	-3.60407386805683	44.5
13.0585552397847	-3.6211655197704	44.5
13.0729126099438	-3.63827771948398	44.5
13.0872736949478	-3.65541046719757	44.5
13.1016384947967	-3.67256376291116	44.5
13.1160070094904	-3.68973760662476	44.5
13.130379239029	-3.70693199833836	44.5
13.1447551834124	-3.72414693805197	44.5
13.1591348426408	-3.74138242576559	44.5
13.173518216714	-3.75863846147922	44.5
13.1879053056321	-3.77591504519285	44.5
13.202296109395	-3.79321217690648	44.5
13.2166906280029	-3.81052985662013	44.5
13.2310888614556	-3.82786808433378	44.5
13.2454908097531	-3.84522686004743	44.5
13.2598964728956	-3.8626061837611	44.5
13.2743058508829	-3.88000605547476	44.5
13.2887189437151	-3.89742647518844	44.5
13.3031357513921	-3.91486744290212	44.5
13.3175562739141	-3.93232895861581	44.5
13.3319805112809	-3.9498110223295	44.5
13.3464084634925	-3.96731363404321	44.5
13.3608401305491	-3.98483679375691	44.5
13.3752755124505	-4.00238050147063	44.5
13.3897146091968	-4.01994475718435	44.5
13.4041574207879	-4.03752956089807	44.5
13.418603947224	-4.05513491261181	44.5
13.4330541885049	-4.07276081232555	44.5
13.4475081446307	-4.09040726003929	44.5
13.4619658156013	-4.10807425575304	44.5
13.4764272014168	-4.1257617994668	44.5
13.4908923020772	-4.14346989118057	44.5
13.5053611175825	-4.16119853089434	44.5
13.5198336479326	-4.17894771860812	44.5
13.5343098931276	-4.1967174543219	44.5
13.5487898531675	-4.21450773803569	44.5
13.5632735280522	-4.23231856974949	44.5
13.5777609177818	-4.25014994946329	44.5
13.5922520223563	-4.2680018771771	44.5
13.6067468417757	-4.28587435289092	44.5
13.6212453760399	-4.30376737660474	44.5
13.628445996475	-4.31248846318652	44.5
13.6358097166117	-4.32107228002785	44.5
13.6433339201554	-4.32951577733948	44.5
13.6510159337922	-4.33781595518702	44.5
13.6588530281394	-4.34596986455679	44.5
13.6668424187147	-4.35397460840363	44.5
13.6749812669256	-4.36182734268016	44.5
13.683266681078	-4.36952527734729	44.5
13.6916957174039	-4.37706567736548	44.5
13.7002653811068	-4.38444586366651	44.5
13.7089726274258	-4.39166321410534	44.5
13.7178143627179	-4.39871516439171	44.5
13.7267874455567	-4.40559920900126	44.5
13.7358886878485	-4.41231290206574	44.5
13.7451148559652	-4.41885385824195	44.5
13.7544626718933	-4.42521975355932	44.5
13.7639288143983	-4.43140832624555	44.5
13.7735099202048	-4.43741737753023	44.5
13.7832025851916	-4.44324477242606	44.5
13.7930033656009	-4.44888844048738	44.5
13.8029087792621	-4.45434637654579	44.5
13.8129153068289	-4.4596166414226	44.5
13.8230193930298	-4.46469736261781	44.5
13.8332174479309	-4.46958673497535	44.5
13.843505848212	-4.47428302132451	44.5
13.8538809384534	-4.47878455309712	44.5
13.864339032435	-4.48308973092038	44.5
13.8748764144458	-4.48719702518509	44.5
13.885489340604	-4.49110497658916	44.5
13.8961740401877	-4.49481219665607	44.5
13.9069267169739	-4.49831736822819	44.5
13.9177435505877	-4.50161924593474	44.5
13.9286206978596	-4.50471665663429	44.5
13.9395542941911	-4.50760849983158	44.5
13.9505404549274	-4.51029374806848	44.5
13.9615752767379	-4.51277144728908	44.5
13.972654839003	-4.51504071717865	44.5
13.9837752052069	-4.5171007514764	44.5
13.9949324243365	-4.51895081826195	44.5
14.006122532285	-4.52059026021538	44.5
14.0173415532603	-4.52201849485078	44.5
14.0285855011977	-4.52323501472318	44.5
14.0398503811759	-4.52423938760886	44.5
14.0511321908368	-4.52503125665892	44.5
14.0624269218071	-4.52561034052605	44.5
14.0737305611228	-4.52597643346452	44.5
14.0850390926545	-4.52612940540324	44.5
14.0963484985348	-4.52606920199201	44.5
14.1076547605858	-4.52579584462082	44.5
14.1189538617463	-4.52530943041225	44.5
14.1302417874995	-4.52461013218694	44.5
14.1415145272991	-4.52369819840222	44.5
14.1527680759944	-4.52257395306383	44.5
14.163998435253	-4.52123779561078	44.5
14.1752016149819	-4.51969020077346	44.5
14.1863736347445	-4.51793171840492	44.5
14.1975105251755	-4.51596297328561	44.5
14.2086083293908	-4.51378466490126	44.5
14.2196631043933	-4.51139756719449	44.5
14.2306709224741	-4.50880252828975	44.5
14.2416278726079	-4.50600047019199	44.5
14.2525300618424	-4.50299238845912	44.5
14.2633736166818	-4.49977935184825	44.5
14.2741546844627	-4.496362501936	44.5
14.2848694347229	-4.49274305271287	44.5
14.2955140605627	-4.48892229015192	44.5
14.3060847799973	-4.48490157175192	44.5
14.3165778373004	-4.48068232605495	44.5
14.3269895043387	-4.47626605213893	44.5
14.3373160818965	-4.47165431908495	44.5
14.3475539009899	-4.4668487654198	44.5
14.3576993241705	-4.46185109853382	44.5
14.3677487468179	-4.45666309407426	44.5
14.3776985984199	-4.45128659531439	44.5
14.3875453438417	-4.44572351249863	44.5
14.3972854845816	-4.43997582216381	44.5
14.4069155600139	-4.43404556643694	44.5
14.4164321486186	-4.42793485230964	44.5
14.4258318691972	-4.42164585088955	44.5
14.4351113820737	-4.41518079662891	44.5
14.4442673902813	-4.40854198653073	44.5
14.4532966407339	-4.40173177933263	44.5
14.4621959253819	-4.39475259466879	44.5
14.4709620823517	-4.38760691221029	44.5
14.4795919970696	-4.38029727078409	44.5
14.4880826033679	-4.37282626747097	44.5
14.4964308845747	-4.36519655668284	44.5
14.5046338745853	-4.35741084921962	44.5
14.5126886589166	-4.34947191130609	44.5
14.5205923757419	-4.34138256360909	44.5
14.5283422169083	-4.33314568023534	44.5
14.5359354289342	-4.32476418771029	44.5
14.5433693139874	-4.31624106393831	44.5
14.5506412308441	-4.3075793371447	44.5
14.5577485958267	-4.29878208479974	44.5
14.5646888837224	-4.2898524325253	44.5
14.5714596286799	-4.28079355298433	44.5
14.5780584250858	-4.27160866475357	44.5
14.5844829284191	-4.2623010311801	44.5
14.5907308560844	-4.25287395922179	44.5
14.5967999882226	-4.24333079827242	44.5
14.6026881685002	-4.23367493897164	44.5
14.6083933048746	-4.22390981200028	44.5
14.6139133703381	-4.21403888686146	44.5
14.6192464036377	-4.20406567064788	44.5
14.6243905099721	-4.19399370679576	44.5
14.6293438616647	-4.18382657382591	44.5
14.6341046988133	-4.17356788407226	44.5
14.6386713299152	-4.16322128239843	44.5
14.643042132468	-4.15279044490272	44.5
14.6472155535465	-4.14227907761204	44.5
14.6511901103539	-4.13169091516513	44.5
14.6549643907492	-4.12102971948569	44.5
14.6585370537484	-4.11029927844578	44.5
14.6619068300016	-4.09950340452	44.5
14.6650725222432	-4.08864593343097	44.5
14.6680330057177	-4.07773072278645	44.5
14.6707872285797	-4.06676165070882	44.5
14.6733342122667	-4.05574261445715	44.5
14.6756730518476	-4.04467752904255	44.5
14.6778029163438	-4.03357032583719	44.5
14.6797230490247	-4.02242495117748	44.5
14.6814327676762	-4.01124536496196	44.5
14.6829314648434	-4.00003553924438	44.5
14.6842186080464	-3.98879945682244	44.5
14.6852937399693	-3.97754110982273	44.5
14.6861564786228	-3.96626449828232	44.5
14.68680651748	-3.95497362872761	44.5
14.6872436255853	-3.94367251275078	44.5
14.6874676476361	-3.93236516558452	44.5
14.6874785040386	-3.92105560467545	44.5
14.6872761909354	-3.90974784825669	44.5
14.6868607802075	-3.89844591392028	44.5
14.6862324194483	-3.88715381718965	44.5
14.6853913319115	-3.87587557009301	44.5
14.6843378164313	-3.86461517973786	44.5
14.6830722473168	-3.85337664688725	44.5
14.6815950742188	-3.84216396453841	44.5
14.6799068219698	-3.83098111650398	44.5
14.6780080903977	-3.81983207599662	44.5
14.6758995541129	-3.80872080421734	44.5
14.6735819622682	-3.79765124894808	44.5
14.6710561382931	-3.78662734314914	44.5
14.6683229796007	-3.77565300356174	44.5
14.6653834572693	-3.76473212931648	44.5
14.6622386156971	-3.75386860054799	44.5
14.6588895722316	-3.74306627701631	44.5
14.6553375167717	-3.73232899673556	44.5
14.6515837113459	-3.72166057461028	44.5
14.6476294896635	-3.71106480108006	44.5
14.6434762566405	-3.70054544077279	44.5
14.6391254879009	-3.69010623116709	44.5
14.634578729252	-3.67975088126442	44.5
14.6298375961356	-3.66948307027131	44.5
14.6249037730538	-3.6593064462921	44.5
14.6197790129702	-3.64922462503284	44.5
14.6144651366879	-3.63924118851661	44.5
14.6089640322017	-3.62935968381087	44.5
14.6032776540279	-3.61958362176719	44.5
14.5974080225095	-3.60991647577387	44.5
14.5913572230988	-3.60036168052184	44.5
14.5851274056158	-3.59092263078437	44.5
14.5787207834851	-3.58160268021087	44.5
14.5721396329491	-3.57240514013542	44.5
14.5653862922592	-3.5633332784002	44.5
14.5584631608451	-3.55439031819449	44.5
14.5521671880343	-3.54654084323022	44.5
14.5454798757217	-3.53828122686542	44.5
14.5386651013652	-3.52986418277804	44.5
14.5321272729934	-3.52178920405258	44.5
14.5236086474281	-3.51126771796508	44.5
14.5157098188162	-3.50151176051772	44.5
14.5063480788661	-3.48994894973674	44.5
14.4992178978637	-3.48114237421382	44.5
14.4913226791195	-3.47139089772443	44.5
14.482616193428	-3.46063742393503	44.5
14.4730523079164	-3.44882497577269	44.5
14.4625851519987	-3.43589690041503	44.5
14.4511692833304	-3.42179707428001	44.5
14.4387598537621	-3.40647010801583	44.5
14.4321687419095	-3.39832938937567	44.5
14.4253127752944	-3.38986155149078	44.5
14.4181865889172	-3.38105996847897	44.5
14.4107848860318	-3.37191809878307	44.5
14.403102443332	-3.36242949157678	44.5
14.3951341161372	-3.35258779317071	44.5
14.3868748435788	-3.34238675341821	44.5
14.3783196537859	-3.33182023212138	44.5
14.3694636690719	-3.32088220543695	44.5
14.3603021111201	-3.30956677228226	44.5
14.3508303061698	-3.29786816074114	44.5
14.3410436902029	-3.2857807344699	44.5
14.3309378141292	-3.27329899910321	44.5
14.320508348973	-3.26041760866008	44.5
14.309751091059	-3.24713137194976	44.5
14.2986619671984	-3.23343525897767	44.5
14.2872370398751	-3.21932440735138	44.5
14.2754725124314	-3.20479412868648	44.5
14.2633647342544	-3.18983991501255	44.5
14.250910205962	-3.1744574451791	44.5
14.238105584589	-3.15864259126147	44.5
14.2249476887729	-3.1423914249668	44.5
14.2114335039405	-3.12570022403993	44.5
14.1975601874934	-3.10856547866936	44.5
14.1833250739944	-3.09098389789316	44.5
14.1687256803535	-3.07295241600492	44.5
14.1537597110142	-3.05446819895968	44.5
14.1384250631389	-3.03552865077986	44.5
14.1227198317957	-3.01613141996119	44.5
14.1066423151443	-2.99627440587865	44.5
14.0901910196216	-2.9759557651924	44.5
14.0733646651284	-2.9551739182537	44.5
14.056162190215	-2.93392755551076	44.5
14.0385827570477	-2.91221564364321	44.5
14.0206257536357	-2.89003742831221	44.5
14.00229079183	-2.86739243168692	44.5
13.9835777043343	-2.84428044875064	44.5
13.9644865417015	-2.82070154358869	44.5
13.94501756933	-2.79665604567638	44.5
13.9251712644599	-2.77214454616688	44.5
13.9049483131692	-2.74716789417916	44.5
13.8843496073706	-2.72172719308587	44.5
13.8633762418071	-2.69582379680131	44.5
13.8420295110491	-2.66945930606931	44.5
13.8203109064899	-2.64263556475115	44.5
13.7982221133429	-2.61535465611348	44.5
13.775765007637	-2.58761889911622	44.5
13.7529416532136	-2.5594308447005	44.5
13.7297542987226	-2.53079327207657	44.5
13.7062053746188	-2.50170918501169	44.5
13.6822974901581	-2.47218180811808	44.5
13.6580334303941	-2.4422145831408	44.5
13.6334161531741	-2.4118111652457	44.5
13.6084487861354	-2.38097541930732	44.5
13.5831346237021	-2.34971141619681	44.5
13.5574771240806	-2.31802342906981	44.5
13.5314799062568	-2.28591592965442	44.5
13.5051467469917	-2.2533935845391	44.5
13.4784815778182	-2.22046125146054	44.5
13.451488482037	-2.18712397559166	44.5
13.4241716917132	-2.15338698582943	44.5
13.3965355846728	-2.11925569108285	44.5
13.3685846814982	-2.08473567656087	44.5
13.3403236425257	-2.04983270006023	44.5
13.3117572648407	-2.01455268825348	44.5
13.2828904792746	-1.97890173297682	44.5
13.2537283474012	-1.94288608751802	44.5
13.2242760585326	-1.90651216290439	44.5
13.1945389267158	-1.86978652419064	44.5
13.164522387729	-1.83271588674681	44.5
13.1342319960777	-1.79530711254619	44.5
13.1036734219915	-1.75756720645325	44.5
13.0728524484196	-1.71950331251152	44.5
13.041774968028	-1.68112271023152	44.5
13.0104469801952	-1.64243281087872	44.5
12.9788745880088	-1.60344115376138	44.5
12.9470639952617	-1.5641554025185	44.5
12.9150215034486	-1.52458334140774	44.5
12.8827535087618	-1.48473287159335	44.5
12.8502664990883	-1.44461200743405	44.5
12.8175670510055	-1.40422887277097	44.5
12.7846618267775	-1.36359169721554	44.5
12.751557571352	-1.32270881243745	44.5
12.718261109356	-1.28158864845251	44.5
12.6847793420922	-1.2402397299106	44.5
12.6511192445359	-1.19867067238361	44.5
12.6172878623304	-1.15689017865327	44.5
12.5832923087841	-1.11490703499916	44.5
12.5491397618663	-1.07273010748656	44.5
12.5148374612038	-1.03036833825441	44.5
12.4803927050771	-0.987830741803196	44.5
12.4458128474167	-0.945126401282861	44.5
12.4111052947995	-0.902264464780744	44.5
12.376277503445	-0.859254141609493	44.5
12.3413369762118	-0.816104698594954	44.5
12.3062912595936	-0.772825456364115	44.5
12.2711479407158	-0.729425785633016	44.5
12.2359146443318	-0.68591510349464	44.5
12.200599029819	-0.642302869706862	44.5
12.1652087881755	-0.598598582980349	44.5
12.1297516390162	-0.55481177726646	44.5
12.0942353275693	-0.510952018045197	44.5
12.0586676216722	-0.46702889861309	44.5
12.0230563087684	-0.423052036371113	44.5
11.9874091929032	-0.379031069112627	44.5
11.9517340917206	-0.334975651311274	44.5
11.9160388334591	-0.290895450408867	44.5
11.8803312539485	-0.246800143103369	44.5
11.8446191936056	-0.202699411636761	44.5
11.8089104944315	-0.158602940083729	44.5
11.7732129970115	-0.114520410646764	44.5
11.7375345375184	-0.0704614999584772	44.5
11.7018829447176	-0.0264358753852072	44.5
11.6662660369707	0.0175468086694464	44.5
11.6306916192405	0.0614769144610614	44.5
11.5951674800954	0.105344824600795	44.5
11.5597013887131	0.149140945751839	44.5
11.5243010918859	0.192855712325863	44.5
11.4889743110245	0.236479590179418	44.5
11.4537287391623	0.280003080310395	44.5
11.4185720379604	0.323416722554446	44.5
11.3835118347114	0.36671109928142	44.5
11.348555719344	0.409876839091806	44.5
11.3137112414275	0.452904620513155	44.5
11.278985907176	0.495785175696512	44.5
11.2443871764528	0.538509294112849	44.5
11.209922459775	0.581067826249524	44.5
11.1755991153176	0.62345168730667	44.5
11.1414244459181	0.665651860893663	44.5
11.1074056960809	0.707659402725554	44.5
11.0735500489815	0.749465444319473	44.5
11.0398646234709	0.791061196691106	44.5
11.0063564710802	0.832437954051083	44.5
10.973032573025	0.873587097501443	44.5
10.9398998372094	0.914500098732068	44.5
10.9069650952308	0.955168523717091	44.5
10.8742350993841	0.995584036411342	44.5
10.841716519666	1.03573840244681	44.5
10.8094159407798	1.07562349282903	44.5
10.7773398591391	1.11523128763354	44.5
10.745494679873	1.15455387970231	44.5
10.7138867138298	1.19358347834018	44.5
10.6825221745818	1.23231241301129	44.5
10.6514071754293	1.27073313703553	44.5
10.6205477264056	1.30883823128492	44.5
10.5899497312808	1.34662040788012	44.5
10.5596189845665	1.38407251388681	44.5
10.5295611685199	1.42118753501212	44.5
10.4997818501487	1.45795859930111	44.5
10.4702864782149	1.49437898083316	44.5
10.4410803802398	1.53044210341841	44.5
10.4121687595076	1.56614154429423	44.5
10.3835566920706	1.60147103782159	44.5
10.3552491237531	1.63642447918156	44.5
10.327250867156	1.67099592807169	44.5
10.2995665986609	1.70517961240248	44.5
10.2722008554349	1.73896993199378	44.5
10.2451580324347	1.77236146227126	44.5
10.218442379411	1.80534895796283	44.5
10.1920579979132	1.83792735679503	44.5
10.1660088382932	1.87009178318957	44.5
10.1402986967104	1.90183755195964	44.5
10.1149312121357	1.93316017200641	44.5
10.0899098633561	1.96405535001548	44.5
10.0652379659789	1.99451899415325	44.5
10.0409186694362	2.02454721776341	44.5
10.0169549539893	2.05413634306336	44.5
9.99334962773307	2.08328290484062	44.5
9.97010532360029	2.1119836541493	44.5
9.94722449636611	2.14023556200648	44.5
9.92470941965241	2.16803582308871	44.5
9.90256218293215	2.19538185942841	44.5
9.88078468853382	2.22227132411028	44.5
9.85937864864578	2.24870210496777	44.5
9.83834558232068	2.27467232827951	44.5
9.81768681247983	2.30018036246572	44.5
9.79740346291759	2.32522482178467	44.5
9.77749645530575	2.34980457002909	44.5
9.75796650619797	2.37391872422263	44.5
9.73881412403408	2.39756665831625	44.5
9.72003960614454	2.42074800688472	44.5
9.70164303575479	2.44346266882298	44.5
9.68362427898966	2.46571081104263	44.5
9.66598298187776	2.48749287216834	44.5
9.64871856736084	2.50880956622809	44.5
9.63183023297257	2.52966188551725	44.5
9.61531695238376	2.55005109869001	44.5
9.59917748020565	2.56997874482927	44.5
9.58341035716344	2.58944662705959	44.5
9.5680139152706	2.60845680615902	44.5
9.55298628300318	2.62701159417109	44.5
9.5383253904741	2.64511354801673	44.5
9.52402897460751	2.66276546310619	44.5
9.51009458431299	2.67997036695099	44.5
9.49651958565996	2.69673151277586	44.5
9.48330116705193	2.71305237313063	44.5
9.4704363444008	2.7289366335022	44.5
9.45792196630121	2.74438818592647	44.5
9.44575471920477	2.75941112260023	44.5
9.43393113259445	2.77400972949316	44.5
9.42244758415884	2.7881884799597	44.5
9.41130030496643	2.80195202835103	44.5
9.40048538463998	2.81530520362696	44.5
9.38999877653075	2.82825300296789	44.5
9.37983630289287	2.84080058538672	44.5
9.36999366005762	2.85295326534083	44.5
9.36046642360771	2.86471650634394	44.5
9.35125005355163	2.87609591457809	44.5
9.3423398994979	2.88709723250557	44.5
9.33373120582944	2.89772633248083	44.5
9.32541911687783	2.90798921036244	44.5
9.3173986820976	2.91789197912499	44.5
9.30966486124061	2.92744086247105	44.5
9.30221252953026	2.93664218844309	44.5
9.29503648283586	2.9455023830354	44.5
9.28813144284691	2.95402796380604	44.5
9.2814920622474	2.96222553348878	44.5
9.27511292989014	2.97010177360501	44.5
9.26311347720342	2.98491734683318	44.5
9.25208871560881	2.99852946866762	44.5
9.24199358578472	3.01099377605109	44.5
9.23278250384366	3.02236655327386	44.5
9.22440952691	3.0327045275555	44.5
9.21682851869771	3.04206466462679	44.5
9.2099933150881	3.05050396431142	44.5
9.20103828902382	3.06156056138707	44.5
9.19350395033154	3.07086305589545	44.5
9.1854075364374	3.08085952558252	44.5
9.1779356491944	3.09008489874482	44.5
9.17129561071608	3.09828320218057	44.5
9.16497894871073	3.10608223847456	44.5
9.15828217860828	3.11435029212696	44.5
9.15128663329974	3.12297852120791	44.5
9.14496076435144	3.13076375995537	44.5
9.13814765157036	3.13912725941111	44.5
9.13152589132564	3.14723385745435	44.5
9.12373243541617	3.15674721161654	44.5
9.11704375710024	3.16488856411995	44.5
9.10957261846294	3.17395738289515	44.5
9.10126475843513	3.1840118056012	44.5
9.09206533606474	3.19510942461101	44.5
9.08540979867283	3.20311546552032	44.5
9.07831701231585	3.21162695807779	44.5
9.0707705027521	3.22066020313449	44.5
9.0627537867292	3.23023120821006	44.5
9.05425039309084	3.24035565036849	44.5
9.04524388388363	3.25104883909401	44.5
9.0357178754639	3.26232567916699	44.5
9.02565605960452	3.2742006335398	44.5
9.0150422246017	3.28668768621264	44.5
9.00386027638181	3.29980030510949	44.5
8.99209425960822	3.31355140495389	44.5
8.97972837878806	3.3279533101449	44.5
8.96674701937908	3.3430177176329	44.5
8.96002071033227	3.35080183433127	44.5
8.95313476889645	3.35875565979551	44.5
8.94608730354532	3.36688046314265	44.5
8.93887643801954	3.37517746731341	44.5
8.93150031198626	3.38364784791206	44.5
8.92395708169879	3.39229273204629	44.5
8.91624492065612	3.40111319716709	44.5
8.90836202026251	3.41011026990862	44.5
8.90030659048714	3.4192849249281	44.5
8.89207686052364	3.42863808374562	44.5
8.8836710794497	3.4381706135841	44.5
8.87508751688663	3.44788332620907	44.5
8.86632446365901	3.45777697676861	44.5
8.85738023245422	3.46785226263319	44.5
8.84825315848204	3.47810982223553	44.5
8.83894160013425	3.48855023391052	44.5
8.82944393964423	3.49917401473502	44.5
8.8197585837465	3.5099816193678	44.5
8.80988396433638	3.52097343888935	44.5
8.79981853912949	3.53214979964182	44.5
8.78956079232141	3.54351096206881	44.5
8.77910923524725	3.55505711955531	44.5
8.76846240704122	3.56678839726753	44.5
8.75761887529623	3.5787048509928	44.5
8.74657723672347	3.59080646597941	44.5
8.73533611781201	3.6030931557765	44.5
8.72389417548839	3.61556476107394	44.5
8.71225009777619	3.62822104854216	44.5
8.70040260445563	3.64106170967209	44.5
8.68835044772316	3.65408635961495	44.5
8.67609241285103	3.66729453602219	44.5
8.66362731884692	3.68068569788533	44.5
8.65095401911348	3.6942592243758	44.5
8.63807140210793	3.7080144136849	44.5
8.62497839200167	3.72195048186357	44.5
8.61167394933985	3.73606656166233	44.5
8.59815707170097	3.75036170137111	44.5
8.58442679435644	3.76483486365915	44.5
8.5704821909302	3.77948492441487	44.5
8.55632237405829	3.7943106715857	44.5
8.54194649604846	3.80931080401801	44.5
8.52735374953972	3.82448393029694	44.5
8.51254336816195	3.83982856758627	44.5
8.4975146271955	3.85534314046834	44.5
8.48226684423075	3.87102597978386	44.5
8.46679937982774	3.8868753214718	44.5
8.45111163817569	3.90288930540927	44.5
8.43520306774172	3.91906597428572	44.5
8.41907316168898	3.93540327319915	44.5
8.40272145778377	3.95189905085409	44.5
8.38614753812702	3.96855106130971	44.5
8.36935102888033	3.98535696574486	44.5
8.35233159999214	4.00231433422309	44.5
8.33508896492374	4.01942064745776	44.5
8.31762288037541	4.03667329857702	44.5
8.2999331460125	4.05406959488891	44.5
8.28201960419147	4.07160675964634	44.5
8.26388213968606	4.08928193381221	44.5
8.24552067941332	4.1070921778244	44.5
8.22693519215969	4.12503447336084	44.5
8.20812568830714	4.14310572510454	44.5
8.18909221955921	4.16130276250866	44.5
8.16983487866713	4.17962234156153	44.5
8.15035379915589	4.1980611465517	44.5
8.13064915505034	4.21661579183298	44.5
8.11072116060125	4.23528282358953	44.5
8.09057007001145	4.25405872160084	44.5
8.07019617716185	4.27293990100681	44.5
8.0495998153376	4.2919227140728	44.5
8.02878135695414	4.31100345195465	44.5
8.00774121328326	4.33017834646377	44.5
7.98647983417925	4.34944357183211	44.5
7.96499770780495	4.3687952464773	44.5
7.94329536035785	4.3882294347676	44.5
7.92137335579617	4.40774214878704	44.5
7.89923229556495	4.42732935010037	44.5
7.87687281832214	4.44698695151818	44.5
7.8542955996647	4.46671081886191	44.5
7.83150135185466	4.4864967727289	44.5
7.80849082354523	4.50634059025745	44.5
7.7852647995069	4.52623800689182	44.5
7.76182410035348	4.54618471814735	44.5
7.73816958226824	4.56617638137542	44.5
7.71430213672999	4.58620861752858	44.5
7.69022269023911	4.60627701292553	44.5
7.66593220404373	4.62637712101618	44.5
7.64143167386575	4.64650446414673	44.5
7.61672212962695	4.66665453532466	44.5
7.59180463517508	4.68682279998382	44.5
7.56668028800996	4.70700469774947	44.5
7.54135021900951	4.72719564420328	44.5
7.51581559215593	4.74739103264844	44.5
7.49007760426173	4.76758623587467	44.5
7.46413748469581	4.78777660792326	44.5
7.43799649510958	4.80795748585213	44.5
7.41165592916302	4.82812419150086	44.5
7.38511711225081	4.84827203325578	44.5
7.35838140122837	4.86839630781493	44.5
7.33145018413797	4.88849230195319	44.5
7.30432487993482	4.90855529428728	44.5
7.27700693821315	4.92858055704083	44.5
7.24949783893232	4.94856335780938	44.5
7.22179909214286	4.9684989613255	44.5
7.19391223771263	4.98838263122375	44.5
7.16583884505284	5.00820963180578	44.5
7.13758051284417	5.02797522980538	44.5
7.10913886876284	5.04767469615349	44.5
7.08051556920675	5.06730330774326	44.5
7.0517122990215	5.08685634919511	44.5
7.0227307712265	5.10632911462174	44.5
6.9935727267411	5.12571690939324	44.5
6.96423993411062	5.14501505190204	44.5
6.93473418923245	5.16421887532805	44.5
6.90505731508219	5.18332372940364	44.5
6.87521116143967	5.20232498217872	44.5
6.84519760461506	5.22121802178578	44.5
6.81501854717499	5.2399982582049	44.5
6.7846759176686	5.25866112502886	44.5
6.75417167035363	5.27720208122813	44.5
6.72350778492253	5.29561661291592	44.5
6.69268626622856	5.31390023511328	44.5
6.6617091440118	5.33204849351408	44.5
6.63057847262535	5.35005696625006	44.5
6.59929633076132	5.36792126565594	44.5
6.56786482117699	5.38563704003438	44.5
6.53628607042084	5.40319997542109	44.5
6.50456222855869	5.42060579734984	44.5
6.47269546889976	5.43785027261753	44.5
6.44068798772274	5.45492921104921	44.5
6.40854200400191	5.47183846726311	44.5
6.37625975913325	5.48857394243577	44.5
6.34384351666045	5.50513158606698	44.5
6.31129556200107	5.52150739774489	44.5
6.2786182021726	5.53769742891103	44.5
6.24581376551854	5.55369778462537	44.5
6.21288460143452	5.56950462533134	44.5
6.17983308009433	5.58511416862093	44.5
6.14666159217609	5.60052269099965	44.5
6.11337254858826	5.61572652965166	44.5
6.07996838019577	5.63072208420475	44.5
6.04645153754612	5.64550581849544	44.5
6.01282449059541	5.66007426233398	44.5
5.97908972843448	5.67442401326942	44.5
5.945249759015	5.68855173835466	44.5
5.91130710887553	5.70245417591145	44.5
5.87726432286761	5.7161281372955	44.5
5.84312396388187	5.72957050866149	44.5
5.80888861257411	5.74277825272811	44.5
5.77456086709137	5.75574841054312	44.5
5.74014334279804	5.7684781032484	44.5
5.70563867200195	5.78096453384496	44.5
5.67104950368042	5.79320498895803	44.5
5.63637850320641	5.80519684060207	44.5
5.60162835207454	5.81693754794586	44.5
5.56680174762725	5.82842465907749	44.5
5.53190140278083	5.83965581276943	44.5
5.49693004575153	5.85062874024359	44.5
5.46189041978164	5.86134126693633	44.5
5.42678528286561	5.87179131426357	44.5
5.39161740747608	5.88197690138573	44.5
5.35638958029003	5.89189614697289	44.5
5.32110460191483	5.90154727096975	44.5
5.28576528661432	5.91092859636074	44.5
5.25037446203494	5.92003855093499	44.5
5.2149349689318	5.92887566905144	44.5
5.17944966089472	5.93743859340387	44.5
5.14392140407441	5.94572607678592	44.5
5.10835307690847	5.95373698385617	44.5
5.07274756984753	5.96147029290316	44.5
5.03710778508134	5.96892509761045	44.5
5.00143663626482	5.97610060882163	44.5
4.96573704824017	5.98299615625935	44.5
4.93001195668279	5.9896111893668	44.5
4.89426430758908	5.99594527632913	44.5
4.85849705671367	6.00199810251112	44.5
4.82271316900517	6.00776946887899	44.5
4.78691561804195	6.01325929042213	44.5
4.75110738546797	6.01846759457494	44.5
4.71529146042853	6.02339451963852	44.5
4.67947083900608	6.02804031320253	44.5
4.64364852365598	6.03240533056688	44.5
4.60782752264233	6.03649003316359	44.5
4.57201084947371	6.04029498697851	44.5
4.53620152233902	6.0438208609731	44.5
4.50040256354322	6.04706842550622	44.5
4.46461699894314	6.0500385507559	44.5
4.42884785738328	6.05273220514112	44.5
4.39309817013156	6.05515045374355	44.5
4.35737097031516	6.05729445672939	44.5
4.32166929235624	6.05916546777108	44.5
4.28599617140782	6.06076483246912	44.5
4.25035464278947	6.06209398677381	44.5
4.21474774142316	6.06315445540706	44.5
4.17917850126903	6.06394785028413	44.5
4.1436499547612	6.06447586893544	44.5
4.10816513224349	6.06474029292831	44.5
4.07272706140529	6.06474298628874	44.5
4.0373387667173	6.06448589392324	44.5
4.00200326886734	6.06397104004053	44.5
3.96672358419612	6.06320052657333	44.5
3.93150272413304	6.06217653160018	44.5
3.89634369463195	6.06090130776718	44.5
3.86124949560702	6.05937718070975	44.5
3.82622312036839	6.05760654747445	44.5
3.79126755505811	6.05559187494072	44.5
3.75638577808582	6.05333569824266	44.5
3.72158075956457	6.05084061919081	44.5
3.68685546074663	6.04810930469392	44.5
3.65221283345923	6.04514448518074	44.5
3.61765581954041	6.04194895302178	44.5
3.58318735027475	6.03852556095109	44.5
3.5488103458292	6.03487722048802	44.5
3.51452771468883	6.03100690035901	44.5
3.48034235309267	6.0269176249194	44.5
3.44625714446942	6.0226124725751	44.5
3.41227495887334	6.01809457420449	44.5
3.37839865241992	6.01336711158011	44.5
3.34463106672178	6.00843331579048	44.5
3.31097502832439	6.00329646566183	44.5
3.27743334814186	5.99795988617992	44.5
3.24400882089278	5.9924269469118	44.5
3.21070422453592	5.98670106042756	44.5
3.17752231970612	5.98078568072215	44.5
3.14446584914999	5.97468430163712	44.5
3.11153753716176	5.9684004552824	44.5
3.07874008901902	5.96193771045809	44.5
3.04607619041855	5.95529967107622	44.5
3.01354850691208	5.94848997458253	44.5
2.98115968334207	5.94151229037824	44.5
2.94891234327755	5.93437031824184	44.5
2.91680908844985	5.92706778675085	44.5
2.8848524981884	5.91960845170359	44.5
2.85304512885654	5.91199609454098	44.5
2.82138951328731	5.90423452076829	44.5
2.78988816021918	5.89632755837693	44.5
2.75854355373194	5.88827905626618	44.5
2.72735815268237	5.88009288266507	44.5
2.69633439014013	5.87177292355404	44.5
2.66547467282349	5.86332308108678	44.5
2.63478138053512	5.85474727201196	44.5
2.60425686559791	5.84604942609508	44.5
2.57390345229074	5.83723348454017	44.5
2.54372343628424	5.82830339841158	44.5
2.51371908407662	5.81926312705578	44.5
2.48389263242946	5.81011663652314	44.5
2.45424628780345	5.80086789798965	44.5
2.42478222579423	5.79152088617875	44.5
2.39550259056813	5.78207957778309	44.5
2.36640949429801	5.77254794988629	44.5
2.337505016599	5.76292997838474	44.5
2.30879120396433	5.75322963640933	44.5
2.28027006920109	5.7434508927473	44.5
2.251943590866	5.73359771026392	44.5
2.22381371270127	5.72367404432436	44.5
2.19588234307029	5.71368384121538	44.5
2.16815135439351	5.70363103656719	44.5
2.14062258258416	5.69351955377512	44.5
2.11329782648407	5.68335330242151	44.5
2.08617884729946	5.67313617669739	44.5
2.05926736803672	5.66287205382431	44.5
2.03256507293818	5.6525647924761	44.5
2.00607360691794	5.64221823120063	44.5
1.97979457499761	5.63183618684162	44.5
1.95372954174213	5.62142245296037	44.5
1.92788003069557	5.61098079825756	44.5
1.90224752381686	5.60051496499504	44.5
1.87683346091565	5.59002866741756	44.5
1.85163923908803	5.5795255901746	44.5
1.82666621215238	5.5690093867421	44.5
1.8019156900851	5.55848367784425	44.5
1.77738893845646	5.54795204987527	44.5
1.75308717786633	5.53741805332119	44.5
1.72901158337999	5.5268852011816	44.5
1.70516328396393	5.51635696739145	44.5
1.68154336192163	5.50583678524281	44.5
1.65815285232934	5.49532804580665	44.5
1.63499274247187	5.48483409635463	44.5
1.6120639712784	5.47435823878083	44.5
1.58936742875822	5.46390372802359	44.5
1.56690395543656	5.45347377048721	44.5
1.54467434179038	5.44307152246381	44.5
1.52267932768413	5.43270008855501	44.5
1.50091960180554	5.42236252009379	44.5
1.47939580110144	5.41206181356622	44.5
1.45810851021351	5.40180090903323	44.5
1.43705826091409	5.39158268855241	44.5
1.41624553154196	5.38140997459977	44.5
1.39567074643813	5.37128552849152	44.5
1.37533427538164	5.36121204880584	44.5
1.35523643302532	5.35119216980466	44.5
1.3353774783316	5.34122845985542	44.5
1.31575761400829	5.33132341985287	44.5
1.29637698594437	5.32147948164083	44.5
1.27723568264578	5.31169900643397	44.5
1.25833373467119	5.30198428323956	44.5
1.23967111408962	5.29233752731787	44.5
1.22124773431401	5.28276087930797	44.5
1.20306345066473	5.27325640564554	44.5
1.18511806115149	5.263826099367	44.5
1.16741130726044	5.25447188092303	44.5
1.14994287474125	5.24519559899212	44.5
1.13271239439433	5.23599903129397	44.5
1.11571944285787	5.22688388540308	44.5
1.09896354339501	5.21785179956221	44.5
1.08244416668096	5.20890434349589	44.5
1.0661607315901	5.20004301922391	44.5
1.05011260598314	5.19126926187485	44.5
1.03429910749424	5.18258444049956	44.5
1.01871950431811	5.17398985888466	44.5
1.00337301599715	5.16548675636604	44.5
0.988258814208592	5.15707630864236	44.5
0.973376023551594	5.14875962858859	44.5
0.958723722334393	5.14053776706945	44.5
0.944300943361415	5.13241171375295	44.5
0.930106674720407	5.12438239792387	44.5
0.916139860569557	5.1164506892973	44.5
0.902399401924625	5.10861739883208	44.5
0.888884157446067	5.10088327954435	44.5
0.875592944226156	5.09324902732104	44.5
0.862524538576114	5.08571528173336	44.5
0.849677676813234	5.07828262685031	44.5
0.837051056048005	5.07095159205217	44.5
0.824643334971239	5.06372265284403	44.5
0.812453134641195	5.05659623166926	44.5
0.800479039270706	5.04957269872302	44.5
0.788719597014305	5.04265237276576	44.5
0.777173320755345	5.03583552193674	44.5
0.765838688893134	5.02912236456751	44.5
0.754714146130051	5.0225130699954	44.5
0.743798104258677	5.01600775937706	44.5
0.733088942948918	5.00960650650193	44.5
0.722585010535133	5.00330933860576	44.5
0.712284624803257	4.99711623718408	44.5
0.702186073777927	4.99102713880574	44.5
0.692287616509608	4.98504193592639	44.5
0.682587483861717	4.97916047770199	44.5
0.673083879297752	4.9733825708023	44.5
0.663774979668415	4.96770798022439	44.5
0.654658935998734	4.96213643010613	44.5
0.645733874275195	4.95666760453971	44.5
0.636997896232865	4.95130114838512	44.5
0.628449080142513	4.94603666808369	44.5
0.611905134302118	4.93581187359305	44.5
0.596086223545067	4.92598933513754	44.5
0.580976209609739	4.91656460415198	44.5
0.566558654369851	4.90753269546828	44.5
0.552816845022472	4.89888811334748	44.5
0.539733819276032	4.89062487751181	44.5
0.527292390538348	4.88273654917668	44.5
0.515475173104626	4.87521625708277	44.5
0.504264607345481	4.86805672352803	44.5
0.493642984894953	4.86125029039973	44.5
0.483592473838518	4.85478894520648	44.5
0.474095143901105	4.84866434711031	44.5
0.465132991635106	4.84286785295865	44.5
0.456687965608397	4.83739054331639	44.5
0.444950500857064	4.82975292909936	44.5
0.434274939823254	4.82278092952982	44.5
0.424600522018499	4.81644174102769	44.5
0.415866881604311	4.81070182026848	44.5
0.405582244169915	4.80392182044095	44.5
0.396724450907697	4.79806489331272	44.5
0.38745159142396	4.79191706121693	44.5
0.378625696069484	4.78605171500753	44.5
0.370080255242815	4.78036317499581	44.5
0.361533931322283	4.77467016723236	44.5
