0.405725703327785	4.97109127697584	55
0.397009680278831	4.96608184973059	55
0.388357294072972	4.9609632921154	55
0.379769911022293	4.95573641240985	55
0.371248887174126	4.95040203599884	55
0.362795568096914	4.94496100524224	55
0.354411288667734	4.93941417934189	55
0.346097372861502	4.9337624342059	55
0.337855133541901	4.92800666231033	55
0.329685872254067	4.9221477725583	55
0.321590879019058	4.91618669013641	55
0.313571432130147	4.91012435636869	55
0.305628797950962	4.9039617285679	55
0.297764230715513	4.89769977988443	55
0.289978972330135	4.89133949915255	55
0.282274252177378	4.88488189073433	55
0.274651286921869	4.878327974361	55
0.267111280318191	4.87167878497192	55
0.259655423020792	4.86493537255118	55
0.252284892395972	4.85809880196177	55
0.245000852335958	4.85117015277744	55
0.237804453075113	4.84415051911222	55
0.230696831008306	4.83704100944764	55
0.223679108511454	4.82984274645768	55
0.216752393764292	4.82255686683153	55
0.209917780575375	4.81518452109403	55
0.203176348209356	4.80772687342404	55
0.196529161216553	4.80018510147057	55
0.189977269264851	4.79256039616685	55
0.183521706973939	4.78485396154223	55
0.177163493751939	4.77706701453208	55
0.170903633634426	4.76920078478559	55
0.164743115125878	4.76125651447163	55
0.158682911043583	4.75323545808258	55
0.152723978364018	4.74513888223623	55
0.146867258071731	4.73696806547575	55
0.141113675010749	4.72872429806784	55
0.135464137738536	4.72040888179893	55
0.129919538382518	4.71202312976965	55
0.124480752499208	4.70356836618745	55
0.119148638935947	4.69504592615752	55
0.113924039695277	4.68645715547192	55
0.108807779801983	4.67780341039712	55
0.103800667172814	4.66908605745978	55
0.0989034924888961	4.66030647323098	55
0.0941170290708834	4.65146604410885	55
0.089442032756835	4.64256616609963	55
0.0848792417828638	4.63360824459722	55
0.0804293766665579	4.62459369416129	55
0.0760931400932037	4.61552393829383	55
0.0718712168048231	4.60640040921445	55
0.0677642734920457	4.59722454763414	55
0.0637729586888298	4.58799780252782	55
0.0598979026700517	4.5787216309055	55
0.0561397173519775	4.56939749758222	55
0.0524989961956355	4.56002687494671	55
0.0489763141131005	4.55061124272891	55
0.0455722273767101	4.54115208776631	55
0.042287273531221	4.53165090376913	55
0.0391219713089258	4.52210919108445	55
0.036076820547739	4.51252845645933	55
0.0331523021122659	4.50291021280282	55
0.0303488778178702	4.4932559789471	55
0.0276669903577457	4.48356727940761	55
0.0251070632330119	4.47384564414231	55
0.0226695006858377	4.46409260831012	55
0.0203546876356061	4.45430971202845	55
0.018162989618132	4.44449850013004	55
0.0160947527279395	4.43466052191897	55
0.014150303563609	4.42479733092606	55
0.0123299491762046	4.4149104846635	55
0.0106339770207862	4.40500154437891	55
0.00906265491101732	4.39507207480885	55
0.00761623097687469	4.38512364393167	55
0.00629493362546474	4.37515782271992	55
0.00509897150495653	4.36517618489231	55
0.00402853347163257	4.35518030666515	55
0.00308378856006741	4.3451717665035	55
0.00226488595643448	4.33515214487186	55
0.00157195497494789	4.32512302398465	55
0.00100510503744222	4.31508598755632	55
0.000564425656093936	4.30504262055126	55
0.000249986419285531	4.29499450893356	55
6.1836980617902e-05	4.28494323941653	55
7.0510683958247e-09	4.27489039921213	55
6.45063942996682e-05	4.26483757578037	55
0.000255324825117587	4.25478635657861	55
0.000572432211080054	4.24473832881088	55
0.00101577847725487	4.23469507917724	55
0.00158529361412696	4.22465819362323	55
0.0022808876886542	4.21462925708944	55
0.00310245085846894	4.20460985326119	55
0.00404985338922237	4.19460156431852	55
0.00512294567507265	4.18460597068625	55
0.00632155826230796	4.1746246507845	55
0.00764550187610591	4.16465918077939	55
0.00909456745042236	4.15471113433414	55
0.0106685261610051	4.14478208236063	55
0.0123671294615276	4.13487359277125	55
0.0141901091228382	4.12498723023138	55
0.0161371772753155	4.11512455591226	55
0.0182080264543271	4.10528712724451	55
0.0204023296487816	4.09547649767214	55
0.0227197403527676	4.0856942164073	55
0.0251598926202703	4.0759418281856	55
0.02772240112296	4.06622087302219	55
0.0304068612110381	4.05653288596858	55
0.0332128489771377	4.04687939687024	55
0.0361399213232626	4.03726193012499	55
0.0391876160307574	4.02768200444233	55
0.0423554518332979	4.01814113260358	55
0.0456429284928882	4.008640821223	55
0.0490495268788541	3.99918257050989	55
0.0525747090498199	3.98976787403167	55
0.0562179183386555	3.98039821847807	55
0.0599785794403809	3.97107508342631	55
0.0638560985030131	3.9617999411075	55
0.0678498632213425	3.95257425617412	55
0.0719592429336229	3.94339948546877	55
0.07618358872116	3.93427707779411	55
0.0805222335107844	3.92520847368406	55
0.0849744921801883	3.91619510517634	55
0.0895396616661155	3.90723839558631	55
0.0942170210753832	3.89833975928225	55
0.0990058317987189	3.88950060146199	55
0.103905337627396	3.88072231793102	55
0.108914764872647	3.87200629488206	55
0.114033322487838	3.86335390867621	55
0.119260202193387	3.85476652562553	55
0.124594578604395	3.84624550177736	55
0.13003560936099	3.83779218270015	55
0.135582435261341	3.82940790327097	55
0.141234180397336	3.82109398746473	55
0.146989952292903	3.81285174814513	55
0.152848842044935	3.8046824868573	55
0.158809924466822	3.79658749362229	55
0.164872258234547	3.78856804673338	55
0.171034886035331	3.7806254125542	55
0.177296834718805	3.77276084531875	55
0.183657115450682	3.76497558693337	55
0.190114723868901	3.75727086678061	55
0.196668640242237	3.7496479015251	55
0.203317829631317	3.74210789492142	55
0.210061242052057	3.73465203762403	55
0.216897812641465	3.72728150699921	55
0.223826461825791	3.71999746693919	55
0.230846095491011	3.71280106767835	55
0.237955605155594	3.70569344561154	55
0.245153868145549	3.69867572311469	55
0.252439747771703	3.69174900836753	55
0.259812093509204	3.68491439517861	55
0.267269741179197	3.67817296281259	55
0.274811513132663	3.67152577581979	55
0.282436218436383	3.66497388386808	55
0.290142653061002	3.65851832157717	55
0.297929600071156	3.65216010835517	55
0.305795829817644	3.64590024823766	55
0.313740100131601	3.63973972972911	55
0.32176115652065	3.63367952564682	55
0.329857732367004	3.62772059296725	55
0.33802854912748	3.62186387267496	55
0.346272316535392	3.61611028961398	55
0.354587732804302	3.61046075234177	55
0.362973484833584	3.60491615298575	55
0.371428248415783	3.59947736710244	55
0.379950688445718	3.59414525353918	55
0.388539459131315	3.58892065429851	55
0.397193204206116	3.58380439440522	55
0.405910557143457	3.57879728177605	55
0.414690141372255	3.57390010709213	55
0.423530570494384	3.56911364367412	55
0.432430448503605	3.56443864736007	55
0.441388370006008	3.5598758563861	55
0.450402920441945	3.55542599126979	55
0.459472676309402	3.55108975469644	55
0.468596205388788	3.54686783140806	55
0.477772066969097	3.54276088809528	55
0.486998812075416	3.53876957329206	55
0.496274983697734	3.53489451727328	55
0.505599117021019	3.53113633195521	55
0.514969739656528	3.52749561079887	55
0.524385371874322	3.52397292871633	55
0.533844526836923	3.52056884197994	55
0.543345710834109	3.51728388813445	55
0.552887423518784	3.51411858591216	55
0.562468158143906	3.51107343515097	55
0.572086401800413	3.5081489167155	55
0.581740635656135	3.5053454924211	55
0.591429335195629	3.50266360496098	55
0.601150970460923	3.50010367783625	55
0.610904006293113	3.49766611528907	55
0.62068690257478	3.49535130223884	55
0.630498114473193	3.49315960422137	55
0.640336092684259	3.49109136733117	55
0.650199283677173	3.48914691816684	55
0.660086129939739	3.48732656377944	55
0.669995070224322	3.48563059162402	55
0.67992453979438	3.48405926951425	55
0.689872970671564	3.48261284558011	55
0.699838791883312	3.4812915482287	55
0.709820429710927	3.48009558610819	55
0.719816307938086	3.47902514807487	55
0.729824848099739	3.4780804031633	55
0.739844469731374	3.47726150055967	55
0.749873590618584	3.47656856957818	55
0.759910627046918	3.47600171964068	55
0.769953994051973	3.47556104025933	55
0.780002105669671	3.47524660102252	55
0.790053375186707	3.47505845158385	55
0.800106215391106	3.4749966216543	55
0.810159038822863	3.47506112099753	55
0.820210258024623	3.47525193942835	55
0.830258285792356	3.47556904681431	55
0.840301535425997	3.47601239308049	55
0.850338420980005	3.47658190821736	55
0.860367357513798	3.47727750229189	55
0.870386761342039	3.4780990654617	55
0.880395050284715	3.47904646799246	55
0.890390643916981	3.48011956027831	55
0.900371963818732	3.48131817286554	55
0.910337433823847	3.48264211647934	55
0.92028548026909	3.48409118205366	55
0.930214532242604	3.48566514076424	55
0.941669454701058	3.48757506499122	55
0.960192859645702	3.49060812478251	55
0.978744261195115	3.49357001244102	55
0.997323659349294	3.49646072796676	55
1.01593105410824	3.49928027135972	55
1.03456644547196	3.50202864261989	55
1.05322983344044	3.50470584174729	55
1.07192121801369	3.50731186874191	55
1.0906405991917	3.50984672360376	55
1.10938797697449	3.51231040633282	55
1.12816335136204	3.51470291692911	55
1.14696672235436	3.51702425539262	55
1.16579808995145	3.51927442172335	55
1.1846574541533	3.5214534159213	55
1.20354481495992	3.52356123798648	55
1.22246017237131	3.52559788791887	55
1.24140352638747	3.52756336571849	55
1.26037487700839	3.52945767138533	55
1.27937422423408	3.53128080491939	55
1.29840156806454	3.53303276632067	55
1.31745690849977	3.53471355558917	55
1.33654024553976	3.5363231727249	55
1.35565157918452	3.53786161772784	55
1.37479090943405	3.53932889059801	55
1.39395823628835	3.5407249913354	55
1.41315355974741	3.54204991994002	55
1.43237687981124	3.54330367641185	55
1.45162819647984	3.5444862607509	55
1.47090750975321	3.54559767295718	55
1.49021481963134	3.54663791303068	55
1.50955012611424	3.5476069809714	55
1.52891342920191	3.54850487677934	55
1.54830472889435	3.54933160045451	55
1.56772402519155	3.55008715199689	55
1.58717131809352	3.5507715314065	55
1.60664660760026	3.55138473868333	55
1.62614989371177	3.55192677382738	55
1.64568117642804	3.55239763683865	55
1.66524045574908	3.55279732771714	55
1.68482773167489	3.55312584646286	55
1.70444300420546	3.5533831930758	55
1.72408627334081	3.55356936755595	55
1.74375753908092	3.55368436990334	55
1.7634568014258	3.55372820011794	55
1.78318406037544	3.55370085819976	55
1.80293931592985	3.55360234414881	55
1.82272256808903	3.55343265796507	55
1.84253381685298	3.55319179964856	55
1.8623730622217	3.55287976919927	55
1.88224030419518	3.55249656661721	55
1.90213554277343	3.55204219190236	55
1.92205877795645	3.55151664505473	55
1.94201000974423	3.55091992607433	55
1.96198923813678	3.55025203496115	55
1.97198935105985	3.54989139985477	55
1.9819964631341	3.54951297171519	55
1.99201057435955	3.54911675054242	55
2.00203168473619	3.54870273633645	55
2.01205979426402	3.54827092909729	55
2.02209490294305	3.54782132882494	55
2.03213701077326	3.54735393551939	55
2.04218611775467	3.54686874918064	55
2.05224222388727	3.5463657698087	55
2.06230532917106	3.54584499740357	55
2.07237543360604	3.54530643196524	55
2.08245253719222	3.54475007349372	55
2.09253663992958	3.544175921989	55
2.10262774181814	3.54358397745109	55
2.11272584285789	3.54297423987998	55
2.12283094304883	3.54234670927568	55
2.13294304239097	3.54170138563819	55
2.14306214088429	3.5410382689675	55
2.15318823852881	3.54035735926361	55
2.16332133532452	3.53965865652653	55
2.17346143127142	3.53894216075626	55
2.18360852636951	3.53820787195279	55
2.1937626206188	3.53745579011613	55
2.20392371401928	3.53668591524627	55
2.21409180657094	3.53589824734322	55
2.22426689827381	3.53509278640697	55
2.23444898912786	3.53426953243753	55
2.2446380791331	3.53342848543489	55
2.25483416828954	3.53256964539906	55
2.26503725659717	3.53169301233004	55
2.27524734405599	3.53079858622782	55
2.285464430666	3.5298863670924	55
2.2956885164272	3.52895635492379	55
2.3059196013396	3.52800854972199	55
2.31615768540319	3.52704295148699	55
2.32640276861796	3.5260595602188	55
2.33665485098394	3.52505837591741	55
2.3469139325011	3.52403939858283	55
2.35718001316945	3.52300262821505	55
2.367453092989	3.52194806481408	55
2.37773317195974	3.52087570837992	55
2.38802025008167	3.51978555891256	55
2.39831432735479	3.518677616412	55
2.40861540377911	3.51755188087825	55
2.41892347935461	3.51640835231131	55
2.42923855408131	3.51524703071117	55
2.4395606279592	3.51406791607784	55
2.44988970098828	3.51287100841131	55
2.46022577316856	3.51165630771159	55
2.47056884450002	3.51042381397867	55
2.48091891498268	3.50917352721256	55
2.49127598461653	3.50790544741325	55
2.50164005340157	3.50661957458075	55
2.5120111213378	3.50531590871506	55
2.52238918842523	3.50399444981617	55
2.53277425466384	3.50265519788408	55
2.54316632005365	3.5012981529188	55
2.55356538459465	3.49992331492033	55
2.56397144828684	3.49853068388866	55
2.57438451113023	3.4971202598238	55
2.5848045731248	3.49569204272574	55
2.59523163427057	3.49424603259449	55
2.60566569456753	3.49278222943004	55
2.61610675401568	3.4913006332324	55
2.62655481261503	3.48980124400157	55
2.63700987036556	3.48828406173754	55
2.64747192726729	3.48674908644031	55
2.65794098332021	3.48519631810989	55
2.66841703852432	3.48362575674628	55
2.67890009287962	3.48203740234947	55
2.68939014638612	3.48043125491947	55
2.6998871990438	3.47880731445627	55
2.71039125085268	3.47716558095988	55
2.72090230181275	3.47550605443029	55
2.73142035192401	3.47382873486751	55
2.74194540118647	3.47213362227153	55
2.75247744960011	3.47042071664236	55
2.76301649716495	3.46869001798	55
2.77356254388098	3.46694152628444	55
2.7841155897482	3.46517524155568	55
2.79467563476661	3.46339116379374	55
2.80524267893622	3.46158929299859	55
2.81581672225701	3.45976962917025	55
2.826397764729	3.45793217230872	55
2.83698580635218	3.45607692241399	55
2.84758084712656	3.45420387948607	55
2.85818288705212	3.45231304352495	55
2.86879192612888	3.45040441453064	55
2.87940796435683	3.44847799250314	55
2.89003100173597	3.44653377744244	55
2.9006610382663	3.44457176934854	55
2.91129807394782	3.44259196822145	55
2.92194210878054	3.44059437406117	55
2.93259314276444	3.43857898686769	55
2.94325117589954	3.43654580664102	55
2.95391620818583	3.43449483338115	55
2.96458823962332	3.43242606708809	55
2.97526727021199	3.43033950776183	55
2.98595329995186	3.42823515540238	55
2.99664632884292	3.42611301000973	55
3.00734635688517	3.42397307158389	55
3.01805338407861	3.42181534012486	55
3.02876741042324	3.41963981563263	55
3.03948843591907	3.4174464981072	55
3.05021646056609	3.41523538754859	55
3.0609514843643	3.41300648395677	55
3.0716935073137	3.41075978733176	55
3.08244252941429	3.40849529767356	55
3.09319855066608	3.40621301498217	55
3.10396157106906	3.40391293925757	55
3.11473159062323	3.40159507049979	55
3.12550860932859	3.3992594087088	55
3.13629262718514	3.39690595388463	55
3.14708364419288	3.39453470602726	55
3.15788166035182	3.3921456651367	55
3.16868667566195	3.38973883121294	55
3.17949869012327	3.38731420425598	55
3.19031770373578	3.38487178426583	55
3.20114371649949	3.38241157124249	55
3.21197672841438	3.37993356518595	55
3.22281673948047	3.37743776609622	55
3.23366374969775	3.37492417397329	55
3.24451775906622	3.37239278881717	55
3.25537876758588	3.36984361062786	55
3.26624677525674	3.36727663940535	55
3.27712178207879	3.36469187514964	55
3.28800378805202	3.36208931786074	55
3.29889279317646	3.35946896753865	55
3.30978879745208	3.35683082418336	55
3.32069180087889	3.35417488779488	55
3.3316018034569	3.3515011583732	55
3.3425188051861	3.34880963591832	55
3.35344280606649	3.34610032043026	55
3.36437380609807	3.343373211909	55
3.37531180528084	3.34062831035454	55
3.38625680361481	3.33786561576689	55
3.39720880109997	3.33508512814604	55
3.40816779773632	3.332286847492	55
3.41913379352386	3.32947077380477	55
3.43010678846259	3.32663690708434	55
3.44108678255252	3.32378524733072	55
3.45207377579363	3.3209157945439	55
3.46306776818594	3.31802854872389	55
3.47406875972944	3.31512350987068	55
3.48507675042413	3.31220067798428	55
3.49609174027002	3.30926005306468	55
3.50711372926709	3.30630163511189	55
3.51814271741536	3.3033254241259	55
3.52917870471482	3.30033142010672	55
3.54022169116547	3.29731962305435	55
3.55127167676732	3.29429003296878	55
3.56232866152035	3.29124264985001	55
3.57339264542458	3.28817747369805	55
3.58446362848	3.2850945045129	55
3.59554161068661	3.28199374229455	55
3.60662659204442	3.27887518704301	55
3.61771857255341	3.27573883875827	55
3.6288175522136	3.27258469744034	55
3.63992353102498	3.26941276308922	55
3.65103650898755	3.26622303570489	55
3.66215648610131	3.26301551528738	55
3.67328346236626	3.25979020183667	55
3.68441743778241	3.25654709535277	55
3.69555841234975	3.25328619583567	55
3.70670638606828	3.25000750328537	55
3.717861358938	3.24671101770189	55
3.72902333095891	3.2433967390852	55
3.74019230213102	3.24006466743532	55
3.75136827245431	3.23671480275225	55
3.7625512419288	3.23334714503598	55
3.77374121055448	3.22996169428652	55
3.78493817833136	3.22655845050387	55
3.79614214525942	3.22313741368802	55
3.80735311133868	3.21969858383897	55
3.81857107656913	3.21624196095673	55
3.82979604095077	3.2127675450413	55
3.8410280044836	3.20927533609267	55
3.85226696716762	3.20576533411085	55
3.86351292900284	3.20223753909583	55
3.87476588998925	3.19869195104762	55
3.88602585012685	3.19512856996621	55
3.89729280941564	3.19154739585161	55
3.90856676785562	3.18794842870381	55
3.9198477254468	3.18433166852282	55
3.93113568218916	3.18069711530863	55
3.94243063808272	3.17704476906126	55
3.95373259312747	3.17337462978068	55
3.96504154732342	3.16968669746691	55
3.97635750067055	3.16598097211995	55
3.98768045316888	3.16225745373979	55
3.99901040481839	3.15851614232644	55
4.01034735561911	3.15475703787989	55
4.02169130557101	3.15098014040015	55
4.0330422546741	3.14718544988721	55
4.04440020292839	3.14337296634108	55
4.05576515033386	3.13954268976176	55
4.06713709689053	3.13569462014923	55
4.07851604259839	3.13182875750352	55
4.08990198745745	3.12794510182461	55
4.10129493146769	3.12404365311251	55
4.11269487462913	3.12012441136721	55
4.12410181694176	3.11618737658871	55
4.13551575840558	3.11223254877703	55
4.14693669902059	3.10825992793214	55
4.1583646387868	3.10426951405407	55
4.16979957770419	3.1002613071428	55
4.18124151577278	3.09623530719833	55
4.19269045299256	3.09219151422067	55
4.20414638936353	3.08812992820981	55
4.2156093248857	3.08405054916576	55
4.22707925955905	3.07995337708852	55
4.2385561933836	3.07583841197808	55
4.25004012635934	3.07170565383445	55
4.26153105848627	3.06755510265762	55
4.27302898976439	3.06338675844759	55
4.28453392019371	3.05920062120438	55
4.29604584977421	3.05499669092797	55
4.30756477850591	3.05077496761836	55
4.3190907063888	3.04653545127556	55
4.33062363342288	3.04227814189956	55
4.34216355960816	3.03800303949037	55
4.35371048494463	3.03371014404799	55
4.36526440943228	3.02939945557241	55
4.37682533307113	3.02507097406364	55
4.38839325586117	3.02072469952167	55
4.39996817780241	3.0163606319465	55
4.41155009889483	3.01197877133814	55
4.42313901913845	3.00757911769659	55
4.43473493853326	3.00316167102185	55
4.44633785707926	2.9987264313139	55
4.45794777477645	2.99427339857277	55
4.46956469162484	2.98980257279844	55
4.48118860762441	2.98531395399091	55
4.49281952277518	2.98080754215019	55
4.50445743707714	2.97628333727628	55
4.5161023505303	2.97174133936917	55
4.52775426313464	2.96718154842887	55
4.53941317489017	2.96260396445537	55
4.5510790857969	2.95800858744868	55
4.56275199585482	2.95339541740879	55
4.57443190506393	2.94876445433571	55
4.58611881342424	2.94411569822943	55
4.59781272093573	2.93944914908996	55
4.60951362759842	2.93476480691729	55
4.6212215334123	2.93006267171143	55
4.63293643837737	2.92534274347238	55
4.64465834249363	2.92060502220013	55
4.65638724576109	2.91584950789468	55
4.66812314817973	2.91107620055605	55
4.67986604974957	2.90628510018421	55
4.6916159504706	2.90147620677919	55
4.70337285034282	2.89664952034096	55
4.71513674936624	2.89180504086955	55
4.72690764754084	2.88694276836494	55
4.73868554486664	2.88206270282713	55
4.75047044134363	2.87716484425613	55
4.76226233697181	2.87224919265193	55
4.77406123175118	2.86731574801454	55
4.78586712568175	2.86236451034396	55
4.79768001876351	2.85739547964018	55
4.80949991099645	2.85240865590321	55
4.8213268023806	2.84740403913304	55
4.83316069291593	2.84238162932968	55
4.84500158260245	2.83734142649312	55
4.85684947144017	2.83228343062337	55
4.86870435942908	2.82720764172042	55
4.88056624656918	2.82211405978428	55
4.89243513286047	2.81700268481494	55
4.90431101830295	2.81187351681241	55
4.91619390289663	2.80672655577669	55
4.9280837866415	2.80156180170777	55
4.93998066953755	2.79637925460566	55
4.95188455158481	2.79117891447035	55
4.96379543278325	2.78596078130185	55
4.97571331313288	2.78072485510015	55
4.98763819263371	2.77547113586525	55
4.99957007128573	2.77019962359717	55
5.01150894908894	2.76491031829589	55
5.02345482604334	2.75960321996141	55
5.03540770214894	2.75427832859374	55
5.04736757740572	2.74893564419287	55
5.0593344518137	2.74357516675882	55
5.07130832537287	2.73819689629156	55
5.08328919808323	2.73280083279111	55
5.09527706994478	2.72738697625747	55
5.10727194095753	2.72195532669063	55
5.11927381112147	2.7165058840906	55
5.1312826804366	2.71103864845737	55
5.14329854890292	2.70555361979095	55
5.15532141652043	2.70005079809133	55
5.16735128328914	2.69453018335852	55
5.17938814920903	2.68899177559252	55
5.19143201428012	2.68343557479331	55
5.2034828785024	2.67786158096092	55
5.21554074187587	2.67226979409533	55
5.22760560440054	2.66666021419655	55
5.23967746607639	2.66103284126457	55
5.25175632690344	2.6553876752994	55
5.26384218688168	2.64972471630103	55
5.27593504601111	2.64404396426947	55
5.28803490429173	2.63834541920471	55
5.30014176172355	2.63262908110676	55
5.31225561830656	2.62689494997561	55
5.32437647404076	2.62114302581127	55
5.33650432892614	2.61537330861374	55
5.34863918296273	2.60958579838301	55
5.3607810361505	2.60378049511908	55
5.37292988848947	2.59795739882196	55
5.38508573997963	2.59211650949165	55
5.39724859062098	2.58625782712814	55
5.40941844041352	2.58038135173144	55
5.42159528935725	2.57448708330154	55
5.43377913745218	2.56857502183845	55
5.4459699846983	2.56264516734217	55
5.45816783109561	2.55669751981269	55
5.47037267664411	2.55073207925001	55
5.4825845213438	2.54474884565414	55
5.49480336519469	2.53874781902507	55
5.50702920819676	2.53272899936282	55
5.51926205035003	2.52669238666736	55
5.53150189165449	2.52063798093871	55
5.54374873211014	2.51456578217687	55
5.55600257171699	2.50847579038183	55
5.56826341047502	2.5023680055536	55
5.58053124838425	2.49624242769217	55
5.59280608544467	2.49009905679755	55
5.60508792165628	2.48393789286974	55
5.61737675701909	2.47775893590873	55
5.62967259153308	2.47156218591452	55
5.64197542519827	2.46534764288712	55
5.65428525801465	2.45911530682653	55
5.66660208998222	2.45286517773274	55
5.67892592110098	2.44659725560576	55
5.69125675137094	2.44031154044558	55
5.70359458079209	2.43400803225221	55
5.71593940936443	2.42768673102564	55
5.72829123708796	2.42134763676588	55
5.74065006396268	2.41499074947292	55
5.75301588998859	2.40861606914677	55
5.7653887151657	2.40222359578743	55
5.777768539494	2.39581332939488	55
5.79015536297348	2.38938526996915	55
5.80254918560417	2.38293941751022	55
5.81495000738604	2.3764757720181	55
5.82735782831911	2.36999433349278	55
5.83977264840336	2.36349510193427	55
5.85219446763881	2.35697807734256	55
5.86462328602545	2.35044325971766	55
5.87705910356329	2.34389064905956	55
5.88950192025231	2.33732024536827	55
5.90195173609253	2.33073204864378	55
5.91440855108394	2.3241260588861	55
5.92687236522654	2.31750227609523	55
5.93934317852033	2.31086070027116	55
5.95182099096531	2.30420133141389	55
5.96430580256149	2.29752416952344	55
5.97679761330886	2.29082921459978	55
5.98929642320742	2.28411646664293	55
6.00180223225717	2.27738592565289	55
6.01431504045811	2.27063759162966	55
6.02683484781024	2.26387146457322	55
6.03936165431357	2.2570875444836	55
6.05189545996809	2.25028583136078	55
6.0644362647738	2.24346632520476	55
6.0769840687307	2.23662902601555	55
6.0895388718388	2.22977393379315	55
6.10210067409809	2.22290104853755	55
6.11466947550856	2.21601037024875	55
6.12724527607023	2.20910189892677	55
6.13982807578309	2.20217563457158	55
6.15241787464715	2.19523157718321	55
6.1650146726624	2.18826972676163	55
6.17761846982883	2.18129008330687	55
6.19022926614646	2.17429264681891	55
6.20284706161528	2.16727741729775	55
6.2154718562353	2.1602443947434	55
6.2281036500065	2.15319357915586	55
6.2407424429289	2.14612497053512	55
6.25338823500249	2.13903856888118	55
6.26604102622727	2.13193437419405	55
6.27870081660324	2.12481238647373	55
6.2913676061304	2.11767260572021	55
6.30404139480876	2.1105150319335	55
6.31672218263831	2.10333966511359	55
6.32940996961905	2.09614650526049	55
6.34210475575098	2.08893555237419	55
6.3548065410341	2.0817068064547	55
6.36751532546842	2.07446026750202	55
6.38023110905393	2.06719593551614	55
6.39295389179063	2.05991381049706	55
6.40568367367852	2.05261389244479	55
6.4184204547176	2.04529618135933	55
6.43116423490788	2.03796067724067	55
6.44391501424934	2.03060738008882	55
6.456672792742	2.02323628990377	55
6.46943757038585	2.01584740668553	55
6.48220934718089	2.00844073043409	55
6.49498812312713	2.00101626114946	55
6.50777389822455	1.99357399883164	55
6.52056667247317	1.98611394348062	55
6.53336644587298	1.9786360950964	55
6.54617321842398	1.97114045367899	55
6.55898699012618	1.96362701922839	55
6.57180776097956	1.95609579174459	55
6.58463553098414	1.9485467712276	55
6.59747030013991	1.94097995767741	55
6.61031206844687	1.93339535109403	55
6.62316083590502	1.92579295147745	55
6.63601660251437	1.91817275882768	55
6.6488793682749	1.91053477314471	55
6.66174913318663	1.90287899442855	55
6.67462589724955	1.8952054226792	55
6.68750966046366	1.88751405789665	55
6.70040042282897	1.8798049000809	55
6.71329818434546	1.87207794923196	55
6.72620294501315	1.86433320534983	55
6.73911470483203	1.8565706684345	55
6.7520334638021	1.84879033848598	55
6.76495922192336	1.84099221550426	55
6.77789197919582	1.83317629948935	55
6.79083173561947	1.82534259044124	55
6.80377849119431	1.81749108835994	55
6.81673224592034	1.80962179324545	55
6.82969299979756	1.80173470509776	55
6.84266075282597	1.79382982391687	55
6.85563550500558	1.78590714970279	55
6.86861725633638	1.77796668245552	55
6.88160600681837	1.77000842217505	55
6.89460175645155	1.76203236886139	55
6.90760450523592	1.75403852251453	55
6.92061425317149	1.74602688313448	55
6.93363100025825	1.73799745072123	55
6.9466547464962	1.72995022527479	55
6.95968549188534	1.72188520679515	55
6.97272323642567	1.71380239528232	55
6.9857679801172	1.7057017907363	55
6.99881972295991	1.69758339315708	55
7.01187846495382	1.68944720254466	55
7.02494420609892	1.68129321889905	55
7.03801694639521	1.67312144222025	55
7.0510966858427	1.66493187250825	55
7.06418342444138	1.65672450976306	55
7.07727716219124	1.64849935398467	55
7.0903778990923	1.64025640517309	55
7.10348563514455	1.63199566332832	55
7.116600370348	1.62371712845034	55
7.12972210470264	1.61542080053918	55
7.14285083820846	1.60710667959482	55
7.15598657086548	1.59877476561726	55
7.16912930267369	1.59042505860651	55
7.18227903363309	1.58205755856257	55
7.19543576374369	1.57367226548543	55
7.20859949300548	1.5652691793751	55
7.22177022141845	1.55684830023157	55
7.23494794898262	1.54840962805485	55
7.24813267569799	1.53995316284493	55
7.26132440156454	1.53147890460182	55
7.27452312658229	1.52298685332551	55
7.28772885075123	1.51447700901601	55
7.30094157407136	1.50594937167332	55
7.31416129654268	1.49740394129743	55
7.32738801816519	1.48884071788835	55
7.3406217389389	1.48025970144607	55
7.35386245886379	1.47166089197059	55
7.36711017793988	1.46304428946192	55
7.38036489616716	1.45440989392006	55
7.39362661354564	1.445757705345	55
7.4068953300753	1.43708772373675	55
7.42017104575616	1.42839994909531	55
7.4334537605882	1.41969438142067	55
7.44674347457145	1.41097102071283	55
7.46004018770588	1.4022298669718	55
7.4733438999915	1.39347092019758	55
7.48665461142832	1.38469418039016	55
7.49997232201632	1.37589964754954	55
7.51329703175552	1.36708732167573	55
7.52662874064592	1.35825720276873	55
7.5399674486875	1.34940929082853	55
7.55331315588027	1.34054358585514	55
7.56666586222424	1.33166008784855	55
7.5800255677194	1.32275879680877	55
7.59339227236575	1.3138397127358	55
7.60676597616329	1.30490283562963	55
7.62014667911203	1.29594816549026	55
7.63353438121195	1.2869757023177	55
7.64692908246307	1.27798544611195	55
7.66033078286538	1.268977396873	55
7.67373948241889	1.25995155460086	55
7.68715518112358	1.25090791929552	55
7.70057787897946	1.24184649095699	55
7.71400757598654	1.23276726958526	55
7.72744427214481	1.22367025518034	55
7.74088796745427	1.21455544774222	55
7.75433866191493	1.20542284727091	55
7.76779635552677	1.1962724537664	55
7.78126104828981	1.1871042672287	55
7.79473274020404	1.17791828765781	55
7.80821143126946	1.16871451505372	55
7.82169712148607	1.15949294941644	55
7.83518981085387	1.15025359074596	55
7.84868949937287	1.14099643904228	55
7.86219618704306	1.13172149430542	55
7.87570987386444	1.12242875653536	55
7.88923055983701	1.1131182257321	55
7.90275824496077	1.10378990189565	55
7.91629292923573	1.094443785026	55
7.92983461266188	1.08507987512316	55
7.94338329523922	1.07569817218713	55
7.95693897696775	1.0662986762179	55
7.97050165784747	1.05688138721547	55
7.98407133787838	1.04744630517985	55
7.99764801706049	1.03799343011104	55
8.01123169539379	1.02852276200903	55
8.02482237287828	1.01903430087383	55
8.03842004951396	1.00952804670543	55
8.05202472530084	1.00000399950384	55
8.0656364002389	0.990462159269054	55
8.07925507432816	0.980902526001074	55
8.09288074756861	0.971325099699899	55
8.10651341996025	0.961729880365529	55
8.12015309150308	0.952116867997963	55
8.13379976219711	0.942486062597204	55
8.14745343204233	0.932837464163252	55
8.16111410103874	0.923171072696103	55
8.17478176918634	0.913486888195761	55
8.18845643648513	0.903784910662222	55
8.20213810293512	0.89406514009549	55
8.21582676853629	0.884327576495564	55
8.22952243328866	0.874572219862442	55
8.24322509719222	0.864799070196127	55
8.25693476024697	0.855008127496616	55
8.27065142245292	0.845199391763912	55
8.28437508381005	0.835372862998012	55
8.29810574431838	0.825528541198917	55
8.3118434039779	0.81566642636663	55
8.32558806278861	0.805786518501145	55
8.33933972075051	0.795888817602468	55
8.35309837786361	0.785973323670596	55
8.3668640341279	0.776040036705529	55
8.38063668954337	0.766088956707268	55
8.39441634411005	0.75612008367581	55
8.40820299782791	0.74613341761116	55
8.42199665069696	0.736128958513314	55
8.43579730271721	0.726106706382275	55
8.44960495388865	0.71606666121804	55
8.46341960421128	0.706008823020611	55
8.4772412536851	0.695933191789987	55
8.49106990231011	0.685839767526169	55
8.50490555008632	0.675728550229156	55
8.51874819701372	0.665599539898948	55
8.53259784309231	0.655452736535546	55
8.54645448832209	0.64528814013895	55
8.56031813270306	0.635105750709159	55
8.57418877623522	0.624905568246173	55
8.58806641891858	0.614687592749993	55
8.60195106075313	0.604451824220618	55
8.61584270173887	0.594198262658048	55
8.6297413418758	0.583926908062284	55
8.64364698116393	0.573637760433326	55
8.65755961960324	0.563330819771172	55
8.67147925719375	0.553006086075824	55
8.68540589393545	0.542663559347282	55
8.69933952982834	0.532303239585546	55
8.71328016487243	0.521925126790614	55
8.7272277990677	0.511529220962486	55
8.74118243241417	0.501115522101166	55
8.75514406491183	0.490684030206652	55
8.76911269656068	0.480234745278941	55
8.78308832736072	0.469767667318038	55
8.79707095731196	0.459282796323938	55
8.81106058641438	0.448780132296644	55
8.825057214668	0.438259675236157	55
8.83906084207281	0.427721425142474	55
8.85307146862882	0.417165382015596	55
8.86708909433601	0.406591545855524	55
8.8811137191944	0.395999916662257	55
8.89514534320397	0.385390494435796	55
8.90918396636474	0.374763279176141	55
8.9232295886767	0.364118270883292	55
8.93728221013986	0.353455469557244	55
8.9513418307542	0.342774875198006	55
8.96540845051974	0.332076487805572	55
8.97948206943647	0.321360307379944	55
8.99356268750439	0.310626333921121	55
9.0076503047235	0.299874567429102	55
9.02174492109381	0.28910500790389	55
9.0358465366153	0.278317655345484	55
9.04995515128799	0.267512509753883	55
9.06407076511187	0.256689571129086	55
9.07819337808695	0.245848839471094	55
9.09232299021321	0.23499031477991	55
9.10645960149067	0.22411399705553	55
9.12060321191931	0.213219886297956	55
9.13475382149915	0.202307982507187	55
9.14891143023018	0.191378285683223	55
9.16307603811241	0.180430795826065	55
9.17724764514582	0.169465512935712	55
9.19142625133043	0.158482437012165	55
9.20561185666623	0.147481568055424	55
9.21980446115322	0.136462906065486	55
9.2340040647914	0.125426451042356	55
9.24821066758077	0.11437220298603	55
9.26242426952134	0.10330016189651	55
9.2766448706131	0.0922103277737958	55
9.29087247085605	0.081102700617885	55
9.30510707025019	0.0699772804287817	55
9.31934866879553	0.0588340672064831	55
9.33359726649205	0.0476730609509906	55
9.34785286333977	0.0364942616623023	55
9.36211545933868	0.0252976693404192	55
9.37638505448878	0.0140832839853426	55
9.39066164879007	0.00285110559707125	55
9.40494524224256	-0.00839886582439364	55
9.41923583484623	-0.0196666302790556	55
9.43353342660111	-0.0309521877669106	55
9.44783801750716	-0.0422555382879599	55
9.46214960756442	-0.0535766818422041	55
9.47646819677286	-0.0649156184296431	55
9.4907937851325	-0.0762723480502774	55
9.50512637264332	-0.0876468707041047	55
9.51946595930534	-0.0990391863911277	55
9.53381254511856	-0.110449295111345	55
9.54816613008296	-0.121877196864756	55
9.56252671419856	-0.133322891651364	55
9.57689429746534	-0.144786379471165	55
9.59126887988332	-0.156267660324159	55
9.60565046145249	-0.167766734210349	55
9.62003904217286	-0.179283601129734	55
9.63443462204441	-0.190818261082315	55
9.64883720106716	-0.202370714068088	55
9.6632467792411	-0.213940960087056	55
9.67766335656623	-0.225528999139219	55
9.69208693304255	-0.237134831224576	55
9.70651750867006	-0.24875845634313	55
9.72095508344877	-0.260399874494877	55
9.73539965737867	-0.272059085679818	55
9.74985123045976	-0.283736089897953	55
9.76430980269204	-0.295430887149283	55
9.77877537407551	-0.30714347743381	55
9.79324794461018	-0.318873860751529	55
9.80772751429603	-0.330622037102443	55
9.82221408313308	-0.342388006486552	55
9.83670765112132	-0.354171768903855	55
9.85120821826076	-0.365973324354354	55
9.86571578455138	-0.377792672838047	55
9.8802303499932	-0.389629814354933	55
9.89475191458621	-0.401484748905015	55
9.90928047833041	-0.413357476488291	55
9.9238160412258	-0.425247997104763	55
9.93835860327238	-0.437156310754428	55
9.95290816447016	-0.449082417437288	55
9.96746472481913	-0.461026317153343	55
9.98202828431928	-0.472988009902592	55
9.99659884297064	-0.484967495685036	55
10.0111764007732	-0.496964774500674	55
10.0257609577269	-0.508979846349507	55
10.0403525138318	-0.521012711231535	55
10.054951069088	-0.533063369146756	55
10.0695566234953	-0.545131820095174	55
10.0841691770538	-0.557218064076785	55
10.0987887297635	-0.569322101091591	55
10.1134152816244	-0.581443931139591	55
10.1280488326364	-0.593583554220786	55
10.1426893827997	-0.605740970335177	55
10.1573369321142	-0.617916179482761	55
10.1719914805798	-0.630109181663539	55
10.1866530281967	-0.642319976877512	55
10.2013215749647	-0.65454856512468	55
10.2159971208839	-0.666794946405044	55
10.2306796659544	-0.679059120718601	55
10.245369210176	-0.691341088065352	55
10.2600657535488	-0.703640848445298	55
10.2747692960728	-0.715958401858439	55
10.289479837748	-0.728293748304775	55
10.3041973785743	-0.740646887784305	55
10.3189219185519	-0.753017820297029	55
10.3336534576807	-0.765406545842948	55
10.3483919959606	-0.777813064422064	55
10.3631375333918	-0.790237376034371	55
10.3778900699741	-0.802679480679874	55
10.3926496057076	-0.815139378358571	55
10.4074161405924	-0.827617069070463	55
10.4221896746283	-0.840112552815551	55
10.4369702078154	-0.852625829593832	55
10.4517577401537	-0.865156899405307	55
10.4665522716432	-0.877705762249978	55
10.4813538022839	-0.890272418127843	55
10.4961623320757	-0.902856867038904	55
10.5109778610188	-0.915459108983157	55
10.5258003891131	-0.928079143960606	55
10.5406299163585	-0.940716971971248	55
10.5554664427552	-0.953372593015086	55
10.570309968303	-0.96604600709212	55
10.585160493002	-0.978737214202347	55
10.6000180168522	-0.991446214345768	55
10.6148825398536	-1.00417300752238	55
10.6297540620063	-1.01691759373219	55
10.64463258331	-1.0296799729752	55
10.659518103765	-1.0424601452514	55
10.6744106233712	-1.05525811056079	55
10.6893101421286	-1.06807386890338	55
10.7042166600371	-1.08090742027917	55
10.7191301770969	-1.09375876468815	55
10.7340506933078	-1.10662790213032	55
10.74897820867	-1.11951483260569	55
10.7639127231833	-1.13241955611425	55
10.7788542368478	-1.145342072656	55
10.7938027496635	-1.15828238223096	55
10.8087582616304	-1.1712404848391	55
10.8237207727485	-1.18421638048044	55
10.8386902830178	-1.19721006915498	55
10.8536667924383	-1.21022155086271	55
10.86865030101	-1.22325082560363	55
10.8836408087328	-1.23629789337775	55
10.8986383156069	-1.24936275418506	55
10.9136428216321	-1.26244540802557	55
10.9286543268086	-1.27554585489927	55
10.9436728311362	-1.28866409480617	55
10.958698334615	-1.30180012774626	55
10.973730837245	-1.31495395371955	55
10.9887703390262	-1.32812557272603	55
11.0038168399586	-1.3413149847657	55
11.0188703400422	-1.35452218983858	55
11.033930839277	-1.36774718794464	55
11.048998337663	-1.3809899790839	55
11.0640728352002	-1.39425056325635	55
11.0791543318885	-1.407528940462	55
11.0942428277281	-1.42082511070084	55
11.1093383227188	-1.43413907397288	55
11.1244408168607	-1.44747083027811	55
11.1395503101539	-1.46082037961654	55
11.1546668025982	-1.47418772198816	55
11.1697902941937	-1.48757285739298	55
11.1849207849404	-1.50097578583099	55
11.2000582748383	-1.51439650730219	55
11.2152027638874	-1.52783502180659	55
11.2303542520876	-1.54129132934419	55
11.2455127394391	-1.55476542991497	55
11.2606782259418	-1.56825732351896	55
11.2758507115956	-1.58176701015613	55
11.2910301964007	-1.59529448982651	55
11.3062166803569	-1.60883976253008	55
11.3214101634643	-1.62240282826684	55
11.3366106457229	-1.63598368703679	55
11.3518181271328	-1.64958233883994	55
11.3670326076938	-1.66319878367629	55
11.382254087406	-1.67683302154583	55
11.3974825662693	-1.69048505244856	55
11.4127180442839	-1.70415487638449	55
11.4279605214497	-1.71784249335361	55
11.4432099977667	-1.73154790335593	55
11.4584664732348	-1.74527110639145	55
11.4737299478542	-1.75901210246015	55
11.4890004216247	-1.77277089156206	55
11.5042778945464	-1.78654747369715	55
11.5195623666193	-1.80034184886544	55
11.5348538378435	-1.81415401706693	55
11.5501523082188	-1.82798397830161	55
11.5654577777453	-1.84183173256948	55
11.5807702464229	-1.85569727987055	55
11.5960897142518	-1.86958062020482	55
11.6114161812319	-1.88348175357228	55
11.6267496473632	-1.89740067997293	55
11.6420901126456	-1.91133739940678	55
11.6574375770793	-1.92529191187382	55
11.6727920406641	-1.93926421737406	55
11.6881535034001	-1.95325431590749	55
11.7035219652874	-1.96726220747411	55
11.7188974263258	-1.98128789207393	55
11.7342798865154	-1.99533136970695	55
11.7496693458562	-2.00939264037316	55
11.7650658043482	-2.02347170407256	55
11.7804692619914	-2.03756856080516	55
11.7958797187857	-2.05168321057096	55
11.8112971747313	-2.06581565336994	55
11.8267216298281	-2.07996588920213	55
11.842153084076	-2.09413391806751	55
11.8575915374752	-2.10831973996608	55
11.8730369900255	-2.12252335489784	55
11.888489441727	-2.1367447628628	55
11.9039488925797	-2.15098396386096	55
11.9194153425836	-2.16524095789231	55
11.9348887917388	-2.17951574495686	55
11.950369240045	-2.19380832505459	55
11.9658566875025	-2.20811869818553	55
11.9813511341112	-2.22244686434966	55
11.9968525798711	-2.23679282354698	55
12.0123610247821	-2.2511565757775	55
12.0278764688444	-2.26553812104121	55
12.0433989120578	-2.27993745933812	55
12.0589283544225	-2.29435459066822	55
12.0744647959383	-2.30878951503152	55
12.0900082366053	-2.32324223242801	55
12.1055586764235	-2.33771274285769	55
12.1211161153929	-2.35220104632057	55
12.1366805535135	-2.36670714281664	55
12.1522519907853	-2.38123103234591	55
12.1678304272083	-2.39577271490838	55
12.1834158627825	-2.41033219050403	55
12.1990082975078	-2.42490945913289	55
12.2146077313844	-2.43950452079494	55
12.2302141644121	-2.45411737549018	55
12.2458275965911	-2.46874802321861	55
12.2614480279212	-2.48339646398024	55
12.2770754584025	-2.49806269777507	55
12.292709888035	-2.51274672460309	55
12.3083513168188	-2.5274485444643	55
12.3239997447537	-2.54216815735871	55
12.3396551718397	-2.55690556328632	55
12.355317598077	-2.57166076224712	55
12.3709870234655	-2.58643375424111	55
12.3866634480052	-2.6012245392683	55
12.402346871696	-2.61603311732868	55
12.4180372945381	-2.63085948842226	55
12.4337347165313	-2.64570365254903	55
12.4494391376757	-2.66056560970899	55
12.4651505579714	-2.67544535990215	55
12.4808689774182	-2.69034290312851	55
12.4965943960162	-2.70525823938806	55
12.5123268137654	-2.7201913686808	55
12.5280662306658	-2.73514229100674	55
12.5438126467174	-2.75011100636588	55
12.5595660619202	-2.7650975147582	55
12.5753264762741	-2.78010181618373	55
12.5910938897793	-2.79512391064244	55
12.6068683024356	-2.81016379813436	55
12.6226497142432	-2.82522147865946	55
12.6384381252019	-2.84029695221776	55
12.6542335353118	-2.85539021880926	55
12.670035944573	-2.87050127843395	55
12.6858453529853	-2.88563013109183	55
12.7016617605488	-2.90077677678291	55
12.7174851672635	-2.91594121550719	55
12.7333155731294	-2.93112344726465	55
12.7491529781464	-2.94632347205532	55
12.7649973823147	-2.96154128987918	55
12.7808487856342	-2.97677690073623	55
12.7967071881048	-2.99203030462647	55
12.8125725897267	-3.00730150154992	55
12.8284449904997	-3.02259049150655	55
12.8443243904239	-3.03789727449638	55
12.8602107894994	-3.05322185051941	55
12.876104187726	-3.06856421957563	55
12.8920045851038	-3.08392438166504	55
12.9079119816328	-3.09930233678765	55
12.923826377313	-3.11469808494345	55
12.9397477721443	-3.13011162613245	55
12.9556761661269	-3.14554296035464	55
12.9716115592607	-3.16099208761003	55
12.9875539515456	-3.17645900789861	55
13.0035033429818	-3.19194372122039	55
13.0194597335691	-3.20744622757536	55
13.0354231233077	-3.22296652696353	55
13.0513935121974	-3.23850461938488	55
13.0673709002383	-3.25406050483944	55
13.0833552874304	-3.26963418332719	55
13.0993466737737	-3.28522565484813	55
13.1153450592682	-3.30083491940227	55
13.1313504439139	-3.3164619769896	55
13.1473628277108	-3.33210682761013	55
13.1633822106588	-3.34776947126386	55
13.1794085927581	-3.36344990795077	55
13.1954419740085	-3.37914813767088	55
13.2114823544102	-3.39486416042419	55
13.227529733963	-3.41059797621069	55
13.243584112667	-3.42634958503038	55
13.2596454905223	-3.44211898688327	55
13.2757138675287	-3.45790618176936	55
13.2917892436863	-3.47371116968864	55
13.3078716189951	-3.48953395064111	55
13.3239609934551	-3.50537452462678	55
13.3400573670662	-3.52123289164564	55
13.3561607398286	-3.5371090516977	55
13.3722711117422	-3.55300300478295	55
13.3883884828069	-3.5689147509014	55
13.4045128530229	-3.58484429005304	55
13.42064422239	-3.60079162223787	55
13.4367825909083	-3.6167567474559	55
13.4529279585779	-3.63273966570713	55
13.4690803253986	-3.64874037699155	55
13.4852396913705	-3.66475888130916	55
13.5014060564936	-3.68079517865997	55
13.5175794207679	-3.69684926904397	55
13.5337597841933	-3.71292115246117	55
13.54994714677	-3.72901082891156	55
13.5661415084979	-3.74511829839515	55
13.5823428693769	-3.76124356091193	55
13.5985512294072	-3.7773866164619	55
13.6147665885886	-3.79354746504507	55
13.6309889469212	-3.80972610666144	55
13.6472183044051	-3.825922541311	55
13.6634546610401	-3.84213676899375	55
13.6715308279977	-3.85005395366323	55
13.6797547868214	-3.85781750871766	55
13.6881236155778	-3.86542467580291	55
13.696634340862	-3.87287275212874	55
13.7052839388537	-3.88015909142908	55
13.7140693363919	-3.88728110490229	55
13.7229874120668	-3.89423626213089	55
13.7320349973285	-3.90102209198063	55
13.7412088776131	-3.90763618347847	55
13.7505057934845	-3.91407618666921	55
13.7599224417929	-3.92033981345037	55
13.7694554768479	-3.92642483838518	55
13.7791015116076	-3.93232909949326	55
13.7888571188818	-3.93805049901876	55
13.7987188325495	-3.94358700417565	55
13.808683148791	-3.94893664787003	55
13.8187465273322	-3.95409752939895	55
13.8289053927024	-3.9590678151258	55
13.8391561355053	-3.96384573913171	55
13.8494951137008	-3.96842960384304	55
13.859918653899	-3.97281778063448	55
13.8704230526659	-3.97700871040771	55
13.8810045778385	-3.98100090414534	55
13.8916594698514	-3.98479294343995	55
13.9023839430721	-3.98838348099802	55
13.9131741871463	-3.99177124111867	55
13.9240263683518	-3.99495502014685	55
13.9349366309603	-3.99793368690103	55
13.9459010986073	-4.00070618307509	55
13.9569158756697	-4.00327152361436	55
13.9679770486497	-4.00562879706555	55
13.9790806875652	-4.00777716590063	55
13.9902228473462	-4.00971586681438	55
14.0013995692363	-4.01144421099559	55
14.0126068821995	-4.01296158437182	55
14.0238408043308	-4.01426744782752	55
14.0350973442712	-4.01536133739562	55
14.0463725026257	-4.01624286442238	55
14.0576622733842	-4.01691171570543	55
14.0689626453448	-4.0173676536051	55
14.0802696035393	-4.01761051612883	55
14.0915791306593	-4.01764021698872	55
14.1028872084835	-4.01745674563219	55
14.1141898193058	-4.01706016724574	55
14.1254829473624	-4.01645062273179	55
14.1367625802587	-4.01562832865859	55
14.1480247103948	-4.01459357718332	55
14.1592653363895	-4.01334673594825	55
14.1704804645018	-4.01188824795014	55
14.1816661100503	-4.01021863138282	55
14.1928182988282	-4.0083384794531	55
14.2039330685161	-4.00624846017003	55
14.2150064700891	-4.00394931610749	55
14.2260345692204	-4.00144186414043	55
14.2370134476789	-3.99872699515459	55
14.2479392047214	-3.99580567372999	55
14.2588079584784	-3.99267893779823	55
14.2696158473335	-3.98934789827369	55
14.2803590312952	-3.98581373865886	55
14.2910336933614	-3.98207771462381	55
14.3016360408754	-3.97814115356011	55
14.3121623068738	-3.97400545410914	55
14.3226087514243	-3.96967208566524	55
14.332971662955	-3.96514258785357	55
14.3432473595726	-3.96041856998314	55
14.3534321903711	-3.95550171047501	55
14.3635225367287	-3.95039375626595	55
14.3735148135933	-3.94509652218776	55
14.3834054707565	-3.9396118903225	55
14.3931909941149	-3.93394180933374	55
14.4028679069187	-3.92808829377426	55
14.4124327710068	-3.92205342337027	55
14.4218821880287	-3.91583934228249	55
14.4312128006513	-3.90944825834434	55
14.4404212937524	-3.90288244227752	55
14.4495043955984	-3.89614422688519	55
14.4584588790063	-3.88923600622322	55
14.4672815624909	-3.8821602347495	55
14.4759693113947	-3.87491942645195	55
14.4845190390019	-3.86751615395528	55
14.492927707635	-3.85995304760696	55
14.5011923297341	-3.85223279454265	55
14.5093099689183	-3.84435813773152	55
14.517277741029	-3.83633187500162	55
14.5250928151548	-3.8281568580459	55
14.5327524146369	-3.81983599140894	55
14.5402538180563	-3.81137223145505	55
14.5475943602	-3.80276858531783	55
14.5547714330083	-3.79402810983179	55
14.5617824865014	-3.78515391044625	55
14.5686250296854	-3.776149140122	55
14.5752966314373	-3.76701699821106	55
14.5817949213687	-3.75776072931995	55
14.5881175906683	-3.74838362215695	55
14.5942623929216	-3.73888900836358	55
14.6002271449097	-3.72928026133092	55
14.6060097273846	-3.71956079500102	55
14.6116080858224	-3.70973406265399	55
14.6170202311528	-3.69980355568106	55
14.6222442404665	-3.68977280234405	55
14.6272782576978	-3.67964536652187	55
14.6321204942844	-3.66942484644424	55
14.6367692298026	-3.65911487341327	55
14.6412228125789	-3.64871911051331	55
14.6454796602765	-3.6382412513094	55
14.6495382604577	-3.62768501853502	55
14.6533971711211	-3.61705416276942	55
14.6570550212143	-3.60635246110503	55
14.6605105111204	-3.59558371580549	55
14.6637624131203	-3.58475175295473	55
14.6668095718288	-3.57386042109758	55
14.6696509046049	-3.56291358987238	55
14.6722854019366	-3.55191514863615	55
14.6747121277995	-3.54086900508267	55
14.6769302199895	-3.52977908385417	55
14.6789388904289	-3.51864932514685	55
14.6807374254468	-3.50748368331098	55
14.6823251860322	-3.49628612544594	55
14.6837016080613	-3.48506062999071	55
14.684866202498	-3.47381118531039	55
14.6858185555673	-3.4625417882791	55
14.6865583289028	-3.45125644285995	55
14.6870852596666	-3.43995915868243	55
14.6873991606425	-3.4286539496178	55
14.6874999203032	-3.41734483235304	55
14.6873875028492	-3.40603582496363	55
14.6870619482219	-3.39473094548608	55
14.6865233720892	-3.38343421049021	55
14.6857719658048	-3.37214963365219	55
14.6848079963396	-3.36088122432843	55
14.6836318061875	-3.34963298613111	55
14.6822438132432	-3.3384089155057	55
14.680644510654	-3.32721300031106	55
14.6788344666445	-3.31604921840253	55
14.6768143243147	-3.30492153621867	55
14.6745848014116	-3.29383390737198	55
14.672146690074	-3.2827902712442	55
14.6695008565513	-3.27179455158664	55
14.6666482408955	-3.26085065512615	55
14.6635898566274	-3.24996247017703	55
14.6603267903764	-3.23913386525955	55
14.6568602014943	-3.22836868772547	55
14.6531913216437	-3.21767076239111	55
14.6493214543602	-3.20704389017841	55
14.6452519745891	-3.19649184676445	55
14.6409843281972	-3.18601838124003	55
14.636520031459	-3.17562721477756	55
14.6318606705178	-3.16532203930901	55
14.6270079008224	-3.15510651621417	55
14.6219634465388	-3.14498427501974	55
14.6167290999376	-3.13495891210982	55
14.6113067207572	-3.12503398944811	55
14.605698235543	-3.11521303331238	55
14.5999056369632	-3.10549953304158	55
14.5939309831004	-3.09589693979611	55
14.5877763967208	-3.08640866533162	55
14.5814440645196	-3.07703808078684	55
14.5749362363442	-3.06778851548585	55
14.5682552243951	-3.05866325575516	55
14.5614034024038	-3.0496655437561	55
14.5543832047903	-3.04079857633289	55
14.5471971257972	-3.03206550387685	55
14.5398477186042	-3.02346942920702	55
14.5323375944207	-3.01501340646782	55
14.5246694215581	-3.00670044004385	55
14.5168459244816	-2.9985334834925	55
14.5095876287033	-2.99121500856064	55
14.5017429199442	-2.98337564646195	55
14.4943647849204	-2.97600254206909	55
14.486868843297	-2.96851171495939	55
14.4792382826616	-2.96088636491115	55
14.4699271590621	-2.95158160545679	55
14.4617098669076	-2.943369935258	55
14.4523306085378	-2.93399709994837	55
14.4416943049392	-2.92336808797644	55
14.4338578345079	-2.9155369948912	55
14.4253917477075	-2.90707672224224	55
14.4162676776337	-2.89795892361688	55
14.4064573576161	-2.88815535287854	55
14.3959326842491	-2.87763792716015	55
14.3846657804233	-2.86637878985747	55
14.3726290583569	-2.85435037362248	55
14.3597952826266	-2.84152546335674	55
14.3461376331991	-2.82787725920473	55
14.3389916036834	-2.82073617601179	55
14.3316297684625	-2.81337943954724	55
14.3240489199294	-2.80580384466795	55
14.3162458882571	-2.79800622399473	55
14.3082175433688	-2.78998344988087	55
14.2999607969072	-2.78173243638067	55
14.2914726042045	-2.77325014121803	55
14.2827499662519	-2.76453356775493	55
14.2737899316698	-2.75557976696002	55
14.2645895986768	-2.74638583937712	55
14.2551461170601	-2.73694893709382	55
14.2454566901449	-2.72726626570997	55
14.235518576764	-2.71733508630624	55
14.2253290932279	-2.70715271741267	55
14.2148856152943	-2.69671653697723	55
14.2041855801377	-2.68602398433429	55
14.1932264883196	-2.67507256217325	55
14.1820059057575	-2.66385983850705	55
14.1705214656954	-2.65238344864068	55
14.1587708706729	-2.64064109713977	55
14.1467518944955	-2.6286305597991	55
14.1344623842036	-2.61634968561117	55
14.1219002620431	-2.60379639873473	55
14.1090635274342	-2.5909687004633	55
14.095950258942	-2.57786467119374	55
14.0825586162457	-2.56448247239481	55
14.0688868421083	-2.55082034857566	55
14.0549332643466	-2.5368766292544	55
14.040696297801	-2.52264973092668	55
14.0261744463046	-2.50813815903415	55
14.0113663046537	-2.49334050993309	55
13.9962705605772	-2.47825547286287	55
13.980885996706	-2.46288183191456	55
13.9652114925434	-2.44721846799945	55
13.9492460264342	-2.43126436081758	55
13.9329886775349	-2.41501859082629	55
13.9164386277831	-2.39848034120877	55
13.8995951638673	-2.3816488998426	55
13.8824576791967	-2.36452366126813	55
13.865025675754	-2.34710412854043	55
13.8472987647824	-2.32938991391557	55
13.8292766659445	-2.3113807380095	55
13.8109592061846	-2.29307642866043	55
13.7923463185879	-2.27447691978811	55
13.7734380412396	-2.25558225025321	55
13.7542345160841	-2.23639256271665	55
13.7347359877846	-2.21690810249896	55
13.7149428025817	-2.1971292164396	55
13.6948554071532	-2.17705635175633	55
13.6744743474731	-2.15669005490457	55
13.6538002676706	-2.13603097043667	55
13.6328339088897	-2.11507983986138	55
13.6115761081483	-2.09383750050306	55
13.5900277971972	-2.07230488436113	55
13.5681900013797	-2.05048301696937	55
13.5460638384905	-2.02837301625526	55
13.5236505176351	-2.00597609139935	55
13.5009513380889	-1.9832935416946	55
13.4779676881567	-1.96032675540569	55
13.4547010440314	-1.93707720862843	55
13.4311529686539	-1.91354646414906	55
13.4073251105717	-1.8897361703036	55
13.3832192027984	-1.8656480598372	55
13.3588370616732	-1.8412839487635	55
13.3341805857194	-1.81664573522396	55
13.3092517545045	-1.79173539834721	55
13.2840526274986	-1.76655499710839	55
13.2585853429343	-1.74110666918851	55
13.2328521166654	-1.71539262983378	55
13.2068552410265	-1.68941517071497	55
13.1805970836921	-1.66317665878674	55
13.1540800865356	-1.636679535147	55
13.1273067644889	-1.60992631389625	55
13.1002797044015	-1.58291958099692	55
13.0730015638994	-1.55566199313273	55
13.0454750702449	-1.52815627656803	55
13.0177030191953	-1.50040522600713	55
12.9896882738623	-1.47241170345366	55
12.9614337635715	-1.44417863706993	55
12.9329424827213	-1.41570902003624	55
12.904217489642	-1.38700590941025	55
12.8752619054555	-1.35807242498635	55
12.8460789129341	-1.32891174815493	55
12.8166717553599	-1.29952712076182	55
12.7870437353841	-1.26992184396755	55
12.7571982138859	-1.24009927710677	55
12.7271386088322	-1.21006283654752	55
12.6968683941363	-1.17981599455065	55
12.6663910985177	-1.14936227812912	55
12.6357103043609	-1.11870526790735	55
12.6048296465745	-1.08784859698059	55
12.573752811451	-1.05679594977424	55
12.5424835355255	-1.02555106090319	55
12.5110256044352	-0.994117714031226	55
12.4793828517784	-0.962499740730271	55
12.447559157974	-0.930701019339824	55
12.4155584491206	-0.898725473826275	55
12.3833846958554	-0.866577072642235	55
12.3510419122141	-0.834259827585898	55
12.3185341544895	-0.80177779266038	55
12.2858655200911	-0.769135062933079	55
12.2530401464041	-0.736335773395	55
12.2200622096489	-0.703384097820104	55
12.1869359237399	-0.67028424762467	55
12.1536655391451	-0.637040470726632	55
12.1202553417451	-0.603657050404921	55
12.0867096516925	-0.570138304158809	55
12.053032822271	-0.536488582567257	55
12.0192292387547	-0.502712268148278	55
11.9853033172672	-0.468813774218256	55
11.9512595036408	-0.43479754375129	55
11.9171022722762	-0.400668048238583	55
11.8828361250009	-0.366429786547734	55
11.8484655899292	-0.332087283782115	55
11.8139952203208	-0.297645090140207	55
11.7794295934407	-0.263107779774957	55
11.7447733094178	-0.228479949653104	55
11.7100309901042	-0.19376621841454	55
11.675207277935	-0.15897122523164	55
11.6403068347868	-0.124099628668641	55
11.6053343408373	-0.0891561055409471	55
11.5702944934245	-0.0541453497744988	55
11.5351920059059	-0.0190720712651125	55
11.5000316065176	0.0160590052621634	55
11.4648180372337	0.0512431413937242	55
11.4295560526255	0.0864755861680453	55
11.3942504187205	0.121751577216343	55
11.3589059118621	0.157066341903231	55
11.3235273175681	0.192415098467362	55
11.2881194293907	0.227793057162109	55
11.2526870477752	0.263195421396183	55
11.2172349789194	0.298617388874314	55
11.1817680336329	0.334054152737898	55
11.1462910261961	0.369500902705656	55
11.1108087732196	0.404952826214274	55
11.0753260925035	0.44040510955905	55
11.0398478018969	0.475852939033753	55
11.004378718159	0.511291502068179	55
10.9689236558211	0.546715988364599	55
10.9334874260479	0.582121591034199	55
10.8980748354996	0.617503507733489	55
10.8626906851938	0.652856941800682	55
10.8273397693667	0.688177103392167	55
10.7920268743353	0.723459210618872	55
10.7567567773591	0.758698490682701	55
10.7215342455018	0.79389018101293	55
10.6863640344931	0.829029530402642	55
10.6512508875902	0.864111800145133	55
10.6161995344401	0.89913226517032	55
10.5812146899408	0.934086215181139	55
10.5463010531033	0.968968955790008	55
10.5114633059137	1.00377580965519	55
10.4767061121941	1.03850211761722	55
10.4420341164653	1.07314323983534	55
10.407451942808	1.10769455692387	55
10.3729641937245	1.14215147108869	55
10.3385754490009	1.17650940726355	55
10.3042902645686	1.2107638142466	55
10.2701131713659	1.24491016583672	55
10.2360486742	1.27894396196997	55
10.2021012506089	1.31286072985597	55
10.1682753497226	1.34665602511436	55
10.1345753911254	1.3803254329112	55
10.1010057637174	1.41386456909536	55
10.0675708245764	1.44726908133493	55
10.0342748978196	1.48053465025367	55
10.0011222734652	1.5136569905674	55
9.96811720629429	1.54663185222044	55
9.93526391471285	1.57945502152195	55
9.90256657961307	1.61212232228244	55
9.87002934323538	1.64462961695012	55
9.83765630803014	1.67697280774732	55
9.80545153551939	1.70914783780693	55
9.77341904515865	1.74115069230879	55
9.74156281319862	1.77297739961611	55
9.70988677154699	1.8046240324119	55
9.67839480663017	1.83608670883533	55
9.64709075825507	1.86736159361823	55
9.61597841847082	1.89844489922141	55
9.58506153043057	1.92933288697115	55
9.55434378725324	1.96002186819556	55
9.52382883088527	1.99050820536101	55
9.49352025096236	2.02078831320858	55
9.46342158367127	2.0508586598904	55
9.43353631061156	2.08071576810614	55
9.40386785765733	2.11035621623936	55
9.37441959381902	2.13977663949396	55
9.34519483010513	2.1689737310306	55
9.31619681838399	2.19794424310307	55
9.28742875024552	2.22668498819476	55
9.25889375586302	2.255192840155	55
9.23059490285487	2.28346473533558	55
9.20253519514632	2.31149767372705	55
9.17471757183126	2.33928872009521	55
9.14714490603397	2.36683500511749	55
9.11982000377086	2.39413372651936	55
9.09274560281225	2.42118215021078	55
9.06592437154412	2.44797761142256	55
9.03935890782989	2.47451751584282	55
9.01305173787214	2.50079934075338	55
8.98700531507438	2.52682063616619	55
8.96122201890286	2.55257902595969	55
8.93570415374823	2.57807220901531	55
8.91045394778741	2.60329796035382	55
8.88547355184525	2.62825413227176	55
8.86076503825637	2.65293865547786	55
8.83633039972685	2.67734954022943	55
8.81217154819605	2.70148487746882	55
8.7882903136983	2.7253428399598	55
8.76468844322474	2.74892168342394	55
8.74136759958502	2.77221974767711	55
8.71832936026906	2.79523545776582	55
8.69557521630886	2.81796732510367	55
8.67310657114019	2.84041394860772	55
8.65092473946441	2.86257401583499	55
8.62903094611017	2.88444630411877	55
8.60742632489521	2.90602968170509	55
8.58611191748814	2.92732310888916	55
8.56508867227013	2.9483256391517	55
8.5443574431967	2.96903642029543	55
8.52391898865953	2.98945469558144	55
8.50377397034814	3.00957980486564	55
8.48392295211168	3.02941118573513	55
8.4643663988207	3.04894837464466	55
8.44510467522892	3.06819100805297	55
8.42613804483492	3.08713882355931	55
8.407466668744	3.10579166103975	55
8.38909060452985	3.12414946378367	55
8.37100980509637	3.14221227963012	55
8.35322411753938	3.15998026210427	55
8.33573328200842	3.17745367155379	55
8.31853693056907	3.19463287628473	55
8.30163458623809	3.21151835352472	55
8.28502566333763	3.22811068906891	55
8.26870946924846	3.24441057552862	55
8.25268520637502	3.26041881036847	55
8.23695197411157	3.27613629394246	55
8.22150877080832	3.29156402752997	55
8.20635449573756	3.30670311137182	55
8.19148795105984	3.32155474270633	55
8.17690784379006	3.3361202138053	55
8.16261278776367	3.35040091001015	55
8.14860130560278	3.36439830776786	55
8.13487183068229	3.37811397266707	55
8.12142270909607	3.3915495574741	55
8.10825220162308	3.40470680016902	55
8.0953584856935	3.41758752198165	55
8.08273965735489	3.43019362542761	55
8.07039373323836	3.44252709234441	55
8.05831865252464	3.45458998192743	55
8.04651227891029	3.46638442876597	55
8.03497240257381	3.47791264087935	55
8.0236967421418	3.48917689775285	55
8.01268294665508	3.50017954837387	55
8.00192859753486	3.51092300926786	55
7.99143121054884	3.52140976253444	55
7.9811882377774	3.53164235388341	55
7.97119706957973	3.54162339067079	55
7.96145503655995	3.55135553993485	55
7.95195941153328	3.56084152643221	55
7.94270741149215	3.57008413067379	55
7.93369619957239	3.57908618696093	55
7.92492288701933	3.58785058142139	55
7.91638453515395	3.59638025004541	55
7.90807815733905	3.60467817672173	55
7.90000072094535	3.61274739127367	55
7.89214914931768	3.62059096749511	55
7.88452032374108	3.6282120211866	55
7.87711108540696	3.63561370819136	55
7.86991823737926	3.64279922243132	55
7.85616874565824	3.65653468691445	55
7.84324558525311	3.66944465295548	55
7.83112200863232	3.68155584244008	55
7.81977084697416	3.69289539797338	55
7.80916457308342	3.70349082003338	55
7.79927536430786	3.71336990412418	55
7.79007516545483	3.72256067792937	55
7.7815357517078	3.73109133846531	55
7.77362879154294	3.73899018923448	55
7.76632590964566	3.7462855773788	55
7.75644222510159	3.75615911381261	55
7.74775864479999	3.76483377229304	55
7.74018077218944	3.77240385451109	55
7.73163640377306	3.78093943372543	55
7.72316086489747	3.78940624882084	55
7.71569586240487	3.7968635635689	55
7.70817333541096	3.80437834076374	55
7.70097631160872	3.81156794943493	55
7.69352734928728	3.81900755384191	55
7.68570664073204	3.82680300629472	55
7.67704316993202	3.8354096244618	55
7.66962137689581	3.84275685665361	55
7.66067572601383	3.85158108785333	55
7.65285623356392	3.85926688499353	55
7.64399753416187	3.86794402971631	55
7.63401984122427	3.87768022776214	55
7.62670672491962	3.88479222732562	55
7.61883671213052	3.89242367501248	55
7.61038593943594	3.90059337587094	55
7.6013305917094	3.90931964811606	55
7.59164694670451	3.91862026026493	55
7.58131141964053	3.92851236827181	55
7.57030060778792	3.93901245266336	55
7.55859133505384	3.9501362556738	55
7.54616069656773	3.96189871838005	55
7.53298610326685	3.97431391783697	55
7.5190453264818	3.98739500421251	55
7.50431654252207	4.00115413792288	55
7.49664994965707	4.00829148655282	55
7.48877837726162	4.01560242676775	55
7.48069923112922	4.02308817225754	55
7.47240995072435	4.03074986306541	55
7.46390801057575	4.03858856362344	55
7.45519092166971	4.04660526078798	55
7.44625623284343	4.05480086187521	55
7.43710153217821	4.06317619269654	55
7.42772444839287	4.07173199559413	55
7.41812265223696	4.08046892747635	55
7.40829385788408	4.08938755785324	55
7.39823582432521	4.09848836687201	55
7.38794635676198	4.1077717433525	55
7.37742330799994	4.11723798282266	55
7.36666457984193	4.12688728555402	55
7.35566812448131	4.13671975459714	55
7.34443194589532	4.14673539381714	55
7.33295410123831	4.15693410592915	55
7.32123270223508	4.16731569053375	55
7.3092659165742	4.17787984215249	55
7.29705196930124	4.18862614826333	55
7.28458914421214	4.19955408733616	55
7.27187578524644	4.21066302686823	55
7.25891029788066	4.22195222141962	55
7.24569115052151	4.23342081064878	55
7.23221687589926	4.24506781734791	55
7.21848607246099	4.25689214547852	55
7.20449740576392	4.26889257820685	55
7.19024960986868	4.28106777593936	55
7.17574148873264	4.29341627435821	55
7.16097191760318	4.30593648245674	55
7.14593984441101	4.31862668057492	55
7.13064429116344	4.33148501843485	55
7.11508435533772	4.34450951317621	55
7.09925921127429	4.35769804739176	55
7.08316811156953	4.37104836716423	55
7.06681038833882	4.38455808041964	55
7.05018545357909	4.3982246574786	55
7.03329279864651	4.4120454337672	55
7.0161319936123	4.42601761282567	55
6.99870268661788	4.44013826931826	55
6.9810046032302	4.45440435204312	55
6.9630375457969	4.46881268694207	55
6.94480139280161	4.4833599801106	55
6.92629609821918	4.49804282080757	55
6.90752169087093	4.51285768446519	55
6.88847827377986	4.52780093569882	55
6.86916602352592	4.54286883131684	55
6.84958518960128	4.55805752333052	55
6.82973609376549	4.57336306196384	55
6.80961912940083	4.58878139866341	55
6.78923476086745	4.60430838910826	55
6.76858352285871	4.61993979621974	55
6.74766601975635	4.63567129317139	55
6.72648292498574	4.65149846639875	55
6.70503498037119	4.66741681860926	55
6.6833229954911	4.68342177179209	55
6.66134784703328	4.69950867022802	55
6.63911047815014	4.71567278349929	55
6.61661189781396	4.73190930949944	55
6.59385318017214	4.74821337744322	55
6.57083546390242	4.76458005087636	55
6.54755995156814	4.78100433068553	55
6.52402790897347	4.79748115810813	55
6.50024066451866	4.81400541774215	55
6.47619960855531	4.83057194055606	55
6.45190619274155	4.84717550689865	55
6.42736192939734	4.8638108495089	55
6.40256839085969	4.88047265652582	55
6.37752720883791	4.89715557449831	55
6.35224007376886	4.91385421139502	55
6.32670873417215	4.93056313961424	55
6.30093499600546	4.9472768989937	55
6.2749207220197	4.96398999982048	55
6.24866783111432	4.98069692584082	55
6.22217829769252	4.99739213727003	55
6.19545415101649	5.01407007380231	55
6.16849747456267	5.03072515762062	55
6.14131040537699	5.04735179640654	55
6.11389513343009	5.06394438635014	55
6.08625390097261	5.08049731515979	55
6.05838900189039	5.09700496507208	55
6.03030278105973	5.11346171586164	55
6.00199763370262	5.12986194785102	55
5.97347600474202	5.14620004492052	55
5.94474038815706	5.16247039751805	55
5.91579332633831	5.17866740566905	55
5.88663740944301	5.19478548198625	55
5.85727527475031	5.21081905467961	55
5.82770960601655	5.22676257056613	55
5.79794313283043	5.24261049807973	55
5.76797862996834	5.2583573302811	55
5.73781891674953	5.27399758786755	55
5.70746685639141	5.2895258221829	55
5.67692535536475	5.30493661822729	55
5.64619736274893	5.32022459766709	55
5.61528586958722	5.33538442184471	55
5.58419390824199	5.35041079478848	55
5.55292455174994	5.36529846622253	55
5.52148091317738	5.3800422345766	55
5.48986614497547	5.39463694999594	55
5.45808343833541	5.40907751735114	55
5.42613602254375	5.423358899248	55
5.39402716433762	5.4374761190374	55
5.36176016725992	5.45142426382513	55
5.32933837101464	5.46519848748179	55
5.29676515082204	5.47879401365257	55
5.26404391677392	5.49220613876722	55
5.23117811318889	5.50543023504981	55
5.19817121796755	5.51846175352862	55
5.16502674194778	5.53129622704603	55
5.13174822825999	5.54392927326834	55
5.09833925168233	5.55635659769563	55
5.06480341799593	5.56857399667164	55
5.03114436334019	5.5805773603936	55
4.99736575356799	5.59236267592213	55
4.96347128360092	5.60392603019103	55
4.92946467678456	5.61526361301723	55
4.89534968424369	5.62637172011055	55
4.86113008423756	5.63724675608363	55
4.82680968151512	5.64788523746176	55
4.79239230667024	5.65828379569273	55
4.757881815497	5.66843918015673	55
4.72328208834492	5.67834826117613	55
4.68859702947417	5.68800803302543	55
4.65383056641083	5.69741561694103	55
4.61898664930217	5.70656826413118	55
4.58406925027185	5.71546335878574	55
4.54908236277517	5.72409842108612	55
4.51403000095431	5.73247111021508	55
4.47891619899362	5.74057922736664	55
4.44374501047478	5.7484207187559	55
4.40852050773212	5.7559936786289	55
4.37324678120783	5.76329635227249	55
4.33792793880718	5.77032713902419	55
4.30256810525382	5.77708459528204	55
4.26717142144497	5.78356743751445	55
4.2317420438067	5.7897745452701	55
4.19628414364915	5.79570496418773	55
4.16080190651442	5.80135790890951	55
4.12529953140105	5.8067327643773	55
4.08978122975389	5.81182908405344	55
4.05425122438517	5.81664658724123	55
4.01871374839412	5.82118515638438	55
3.98317304408645	5.82544483436664	55
3.94763336189393	5.8294258218113	55
3.91209895929391	5.83312847438074	55
3.87657409972886	5.83655330007599	55
3.84106305152593	5.83970095653625	55
3.80557008681648	5.84257224833845	55
3.77009948045563	5.84516812429681	55
3.73465550894177	5.84748967476234	55
3.69924244933615	5.84953812892242	55
3.6638645781824	5.85131485210035	55
3.62852617042604	5.85282134305484	55
3.59323149833408	5.85405923127963	55
3.55798483041453	5.855030274303	55
3.52279043033592	5.85573635498728	55
3.4876525558469	5.85617947882845	55
3.45257545769571	5.85636177125566	55
3.41756337854981	5.85628547493076	55
3.38262055191531	5.85595294704788	55
3.34775120105662	5.85536665663294	55
3.31295953791592	5.85452918184321	55
3.27824976203273	5.85344320726686	55
3.24362605946346	5.85211152122248	55
3.20909260170092	5.85053701305866	55
3.17465354459388	5.8487226704535	55
3.14031302726664	5.84667157671419	55
3.10607517103851	5.84438690807651	55
3.0719440783434	5.84187193100442	55
3.03792383164935	5.83912999948957	55
3.00401849237806	5.83616455235085	55
2.97023209982446	5.83297911053397	55
2.93656867007619	5.82957727441094	55
2.90303219493323	5.82596272107968	55
2.86962664082737	5.82213920166352	55
2.83635594774178	5.81811053861075	55
2.80322402813055	5.81388062299421	55
2.77023476583823	5.80945341181075	55
2.73739201501937	5.80483292528085	55
2.70469959905806	5.80002324414813	55
2.67216130948748	5.79502850697891	55
2.63978090490944	5.78985290746173	55
2.60756210991391	5.78450069170692	55
2.57550861399857	5.77897615554612	55
2.54362407048835	5.77328364183186	55
2.51191209545498	5.76742753773706	55
2.48037626663652	5.76141227205461	55
2.44902012235691	5.7552423124969	55
2.4178471604455	5.74892216299537	55
2.3868608371566	5.74245636100002	55
2.35606456608902	5.73584947477904	55
2.32546171710563	5.72910610071823	55
2.29505561525286	5.72223086062067	55
2.26484953968029	5.71522839900619	55
2.23484672256013	5.70810338041092	55
2.20505034800684	5.70086048668684	55
2.1754635509966	5.69350441430137	55
2.14608941628691	5.68603987163682	55
2.11693097733608	5.67847157629004	55
2.0879912152228	5.67080425237187	55
2.05927305756568	5.66304262780677	55
2.0307793774428	5.65519143163227	55
2.00251299231123	5.64725539129862	55
1.97447666292657	5.63923922996825	55
1.94667309226252	5.63114766381535	55
1.91910492443041	5.6229853993254	55
1.89177474359871	5.61475713059474	55
1.86468507291262	5.60646753663011	55
1.83783837341359	5.59812127864815	55
1.81123704295886	5.58972299737498	55
1.78488341514099	5.58127731034576	55
1.75877975820743	5.57278880920422	55
1.73292827398004	5.56426205700217	55
1.70733109677464	5.5557015854991	55
1.68199029232054	5.54711189246169	55
1.65690785668011	5.53849743896336	55
1.63208571516829	5.52986264668382	55
1.60752572127214	5.5212118952086	55
1.58322965557041	5.51254951932864	55
1.55919922465303	5.50387980633975	55
1.53543606004068	5.49520699334225	55
1.51194171710436	5.48653526454045	55
1.48871767398487	5.4778687485422	55
1.46576533051241	5.46921151565847	55
1.44308600712607	5.46056757520286	55
1.42068094379342	5.45194087279116	55
1.39855129893002	5.44333528764089	55
1.37669814831896	5.43475462987084	55
1.35512248403044	5.42620263780062	55
1.33382521334126	5.41768297525022	55
1.31280715765439	5.40919922883952	55
1.2920690514185	5.40075490528785	55
1.27161154104754	5.39235342871354	55
1.25143518384021	5.38399813793348	55
1.23154044689957	5.37569228376262	55
1.21192770605254	5.36743902631355	55
1.19259724476947	5.35924143229603	55
1.17354925308364	5.35110247231655	55
1.15478382651085	5.34302501817785	55
1.13630096496893	5.33501184017848	55
1.11810057170434	5.32706560442316	55
1.1001824525898	5.31918887070407	55
1.08254631683296	5.31138409255283	55
1.06519177850515	5.30365361855431	55
1.04811835812667	5.29599969374732	55
1.03132548425215	5.28842446102541	55
1.01481249505579	5.28092996253759	55
0.998578639916733	5.27351814108909	55
0.98262308100434	5.26619084154212	55
0.96694489486351	5.25894981221662	55
0.951543073999993	5.25179670629099	55
0.936416528465698	5.2447330832029	55
0.921564087444001	5.23776041004997	55
0.906984500835062	5.23088006299059	55
0.892676440841129	5.2240933286446	55
0.878638503551853	5.21740140549412	55
0.864869210529595	5.21080540528424	55
0.851367010394737	5.20430635442382	55
0.838130280410999	5.1979051953862	55
0.825157328070737	5.19160278810999	55
0.812446392680265	5.18539991139978	55
0.79999564694516	5.17929726432696	55
0.787803198555572	5.17329546763038	55
0.775867091771538	5.1673950651172	55
0.764185309008289	5.16159652506355	55
0.752755772421563	5.15590024161536	55
0.741576345492913	5.15030653618908	55
0.73064483461502	5.14481565887242	55
0.719958990677001	5.13942778982511	55
0.709516510649721	5.13414304067967	55
0.699315039171105	5.12896145594215	55
0.689352170131446	5.12388301439288	55
0.679625448258714	5.11890763048722	55
0.67013237070387	5.11403515575633	55
0.660870388626177	5.1092653802079	55
0.651836908778506	5.10459803372691	55
0.634444870264634	5.09556925529821	55
0.617934681299241	5.08694551032455	55
0.602284158976952	5.07872261634513	55
0.587470562079968	5.07089556340804	55
0.573470641808	5.06345855889442	55
0.560260692508205	5.05640507234244	55
0.54781660240512	5.04972788027148	55
0.536113904330597	5.04341911100616	55
0.52512782645374	5.0374702895004	55
0.514833343010839	5.03187238216154	55
0.505205225035305	5.02661584167441	55
0.496218091087605	5.0216906518254	55
0.483883475420401	5.01490120644154	55
0.472847557250667	5.00879693180016	55
0.463024296106913	5.00333945967105	55
0.451665265188481	4.99700037414489	55
0.44211004783792	4.99164443004108	55
0.432405188372333	4.98618330788925	55
0.423559701082727	4.981188805764	55
0.414791651229071	4.97622626117728	55
0.406057764424666	4.97127935937684	55
