0.138701605688376	2.8544910850247	19
0.13309652655597	2.84614563674226	19
0.127596759213011	2.83773041373341	19
0.122203172136519	2.82924674485941	19
0.116916617036416	2.82069596978993	19
0.111737928721037	2.81207943879146	19
0.106667924965299	2.80339851251415	19
0.101707406381571	2.79465456177687	19
0.0968571562932387	2.78584896735083	19
0.0921179406110184	2.77698311974145	19
0.087490507712005	2.76805841896885	19
0.0829755883214959	2.75907627434673	19
0.0785738953976013	2.75003810425987	19
0.0742861240186603	2.74094533594008	19
0.0701129512734788	2.7317994052409	19
0.0660550361544104	2.7226017564108	19
0.0621130194532932	2.71335384186516	19
0.0582875236602614	2.70405712195689	19
0.0545791528654475	2.69471306474583	19
0.0509884926635887	2.68532314576694	19
0.0475161100615553	2.67588884779727	19
0.0441625533888131	2.66641166062184	19
0.0409283522108365	2.65689308079838	19
0.0378140172454836	2.64733461142096	19
0.0348200402823476	2.63773776188272	19
0.0319468941050987	2.62810404763745	19
0.0291950324168245	2.61843498996031	19
0.0265648897683864	2.60873211570758	19
0.0240568814897982	2.5989969570756	19
0.0216714036246407	2.58923105135876	19
0.0194088328675222	2.57943594070678	19
0.0172695265045938	2.5696131718812	19
0.0152538223571298	2.55976429601106	19
0.0133620387281819	2.54989086834806	19
0.0115944743523153	2.53999444802086	19
0.00995140834843544	2.53007659778897	19
0.00843310017571108	2.5201388837959	19
0.00703978959260354	2.5101828753219	19
0.00577169661900578	2.50021014453612	19
0.00462902150149835	2.49022226624836	19
0.00361194468172887	2.48022081766038	19
0.00272062676791729	2.47020737811685	19
0.00195520850949471	2.46018352885596	19
0.0013158107748773	2.4501508527597	19
0.000802534532379329	2.44011093410395	19
0.000415460834269576	2.43006535830822	19
0.000154650803972145	2.42001571168541	19
2.01456264142807e-05	2.4099635811912	19
1.19665415226899e-05	2.39991055417353	19
0.000130114840869555	2.38985821812191	19
0.000374571867469031	2.37980816041673	19
0.000745299018722667	2.3697619680786	19
0.00124223775251564	2.35972122751775	19
0.00186530959646114	2.34968752428352	19
0.00261441616029223	2.33966244281396	19
0.00348943915139865	2.32964756618564	19
0.00449024039350643	2.31964447586369	19
0.00561666184849752	2.30965475145202	19
0.00686852564136675	2.29967997044392	19
0.00824563408830892	2.28972170797295	19
0.00974776972793634	2.27978153656419	19
0.0113746953556181	2.26986102588594	19
0.0131261540609379	2.25996174250183	19
0.0150018692682623	2.25008524962346	19
0.0170015447804164	2.24023310686356	19
0.0191248648254556	2.23040686998968	19
0.0213714941065307	2.22060809067852	19
0.0237410778548344	2.21083831627093	19
0.0262332418856237	2.20109908952755	19
0.0288475926573081	2.19139194838518	19
0.0315837173335941	2.18171842571393	19
0.0344411838486772	2.17208004907517	19
0.0374195409754702	2.16247834048031	19
0.040518318396856	2.15291481615043	19
0.0437370267799582	2.14339098627691	19
0.0470751578534102	2.13390835478286	19
0.0505321844876189	2.12446841908575	19
0.0541075607780035	2.11507266986083	19
0.0578007221312007	2.10572259080583	19
0.0616110853542202	2.09641965840664	19
0.0655380487465383	2.08716534170411	19
0.0695809921951123	2.07796110206213	19
0.0737392772723044	2.06880839293684	19
0.0780122473366969	2.05970865964711	19
0.0823992276367822	2.05066333914632	19
0.0868995254175159	2.04167385979543	19
0.0915124300297089	2.03274164113744	19
0.0962372130422489	2.02386809367321	19
0.101073128357126	2.01505461863877	19
0.106019412327254	2.00630260778399	19
0.111075283877052	1.99761344315284	19
0.116239944625796	1.98898849686514	19
0.121512579013681	1.98042913089989	19
0.126892354430616	1.9719366968802	19
0.132378421347697	1.96351253585986	19
0.137969913451362	1.95515797811154	19
0.14366594778019	1.94687434291676	19
0.149465624864329	1.93866293835754	19
0.155368028867535	1.93052506110987	19
0.161372227731794	1.92246199623888	19
0.167477273324503	1.91447501699599	19
0.173682201588189	1.90656538461781	19
0.179986032692751	1.89873434812699	19
0.186387771190181	1.89098314413498	19
0.192886406171758	1.88331299664672	19
0.199480911427685	1.87572511686743	19
0.206170245609135	1.86822070301129	19
0.212953352392697	1.86080094011224	19
0.219829160647177	1.85346699983685	19
0.226796584602744	1.84622004029931	19
0.233854524022387	1.83906120587854	19
0.241001864375654	1.83199162703748	19
0.248237477014648	1.82501242014459	19
0.255560219352255	1.81812468729753	19
0.262968935042573	1.81132951614918	19
0.270462454163509	1.80462797973582	19
0.278039593401526	1.79802113630775	19
0.285699156238503	1.79151002916213	19
0.293439933140673	1.78509568647825	19
0.301260701749632	1.77877912115519	19
0.309160227075353	1.77256133065183	19
0.317137261691215	1.76644329682938	19
0.325190545930978	1.76042598579629	19
0.333318808087704	1.75451034775573	19
0.341520764614574	1.74869731685553	19
0.34979512032757	1.74298781104065	19
0.358140568610008	1.73738273190824	19
0.366555791618858	1.73188296456528	19
0.375039460492857	1.72648937748879	19
0.383590235562343	1.72120282238869	19
0.392206766560809	1.71602413407331	19
0.400887692838124	1.71095413031757	19
0.409631643575396	1.70599361173384	19
0.418437238001442	1.70114336164551	19
0.427303085610822	1.69640414596329	19
0.436227786383425	1.69177671306427	19
0.445209931005539	1.68726179367377	19
0.454248101092404	1.68286010074987	19
0.46334086941219	1.67857232937093	19
0.472486800111372	1.67439915662575	19
0.48168444894147	1.67034124150668	19
0.490932363487111	1.66639922480556	19
0.500229083395383	1.66257372901253	19
0.509573140606441	1.65886535821772	19
0.518963059585333	1.65527469801586	19
0.528397357555	1.65180231541383	19
0.537874544730427	1.64844875874108	19
0.547393124553896	1.64521455756311	19
0.556951593931309	1.64210022259775	19
0.566548443469547	1.63910624563462	19
0.576182157714817	1.63623309945737	19
0.585851215391963	1.63348123776909	19
0.59555408964469	1.63085109512066	19
0.605289248276674	1.62834308684207	19
0.615055153993514	1.62595760897691	19
0.624850264645488	1.62369503821979	19
0.634673033471074	1.62155573185686	19
0.644521909341205	1.6195400277094	19
0.654395337004211	1.61764824408045	19
0.664291757331407	1.61588067970459	19
0.6742096075633	1.61423761370071	19
0.684147321556367	1.61271930552798	19
0.694103330030367	1.61132599494487	19
0.704076060816149	1.61005790197127	19
0.714063939103914	1.60891522685377	19
0.724065387691896	1.607898150034	19
0.734078827235424	1.60700683212019	19
0.744102676496314	1.60624141386176	19
0.754135352592566	1.60560201612715	19
0.764175271248325	1.60508873988465	19
0.774220847044047	1.60470166618654	19
0.784270493666863	1.60444085615624	19
0.79432262416107	1.60430635097868	19
0.804375651178737	1.60429817189379	19
0.814427987230359	1.60441632019314	19
0.824478044935542	1.60466077721974	19
0.834524237273671	1.60503150437099	19
0.844564977834517	1.60552844310479	19
0.854598681068749	1.60615151494873	19
0.864623762538313	1.60690062151256	19
0.87463863916663	1.60777564450367	19
0.884641729488584	1.60877644574578	19
0.894631453900253	1.60990286720077	19
0.904606234908349	1.61115473099364	19
0.914564497379318	1.61253183944058	19
0.924504668788078	1.61403397508021	19
0.934425179466333	1.61566090070789	19
0.944324462850443	1.61741235941321	19
0.954200955728807	1.61928807462053	19
0.964053098488708	1.62128775013269	19
0.973879335362593	1.62341107017772	19
0.983678114673751	1.6256576994588	19
0.993447889081339	1.6280272832071	19
1.00318711582472	1.63051944723789	19
1.01289425696709	1.63313379800958	19
1.02256777963834	1.63586992268586	19
1.0322061562771	1.63872738920095	19
1.04180786487196	1.64170574632774	19
1.05137138920184	1.64480452374913	19
1.06089521907536	1.64802323213223	19
1.07037785056941	1.65136136320568	19
1.07981778626653	1.65481838983989	19
1.08921353549144	1.65839376613027	19
1.09856361454644	1.66208692748347	19
1.10786654694563	1.66589729070649	19
1.11712086364816	1.66982425409881	19
1.12632510329014	1.67386719754738	19
1.13547781241543	1.67802548262457	19
1.14457754570516	1.68229845268897	19
1.15362286620595	1.68668543298905	19
1.16261234555684	1.69118573076979	19
1.17154456421484	1.69579863538198	19
1.18041811167906	1.70052341839452	19
1.1892315867135	1.7053593337094	19
1.19798359756828	1.71030561767952	19
1.20667276219943	1.71536148922932	19
1.21529770848714	1.72052614997807	19
1.22385707445238	1.72579878436595	19
1.23234950847207	1.73117855978289	19
1.24077366949241	1.73666462669997	19
1.24912822724073	1.74225611880363	19
1.25741186243551	1.74795215313246	19
1.26562326699473	1.7537518302166	19
1.28098955249528	1.7647916647587	19
1.29453844366139	1.7744871580011	19
1.30808475729905	1.78414111020598	19
1.32162849340826	1.79375352137335	19
1.33516965198902	1.80332439150321	19
1.34870823304134	1.81285372059555	19
1.3622442365652	1.82234150865039	19
1.37577766256062	1.8317877556677	19
1.38930851102759	1.8411924616475	19
1.40283678196611	1.85055562658979	19
1.41636247537618	1.85987725049457	19
1.42988559125781	1.86915733336183	19
1.44340612961098	1.87839587519158	19
1.45692409043571	1.88759287598382	19
1.47043947373199	1.89674833573854	19
1.48395227949982	1.90586225445575	19
1.4974625077392	1.91493463213544	19
1.51097015845013	1.92396546877762	19
1.52447523163261	1.93295476438228	19
1.53797772728665	1.94190251894944	19
1.55147764541224	1.95080873247908	19
1.56497498600938	1.9596734049712	19
1.57846974907807	1.96849653642581	19
1.59196193461831	1.97727812684291	19
1.6054515426301	1.98601817622249	19
1.61893857311345	1.99471668456456	19
1.63242302606835	2.00337365186912	19
1.64590490149479	2.01198907813616	19
1.65938419939279	2.02056296336569	19
1.67286091976235	2.02909530755771	19
1.68633506260345	2.03758611071221	19
1.6998066279161	2.0460353728292	19
1.71327561570031	2.05444309390867	19
1.72674202595607	2.06280927395063	19
1.74020585868338	2.07113391295508	19
1.75366711388224	2.07941701092201	19
1.76712579155265	2.08765856785143	19
1.78058189169461	2.09585858374334	19
1.79403541430813	2.10401705859773	19
1.8074863593932	2.11213399241461	19
1.82093472694982	2.12020938519397	19
1.83438051697799	2.12824323693582	19
1.84782372947771	2.13623554764016	19
1.86126436444898	2.14418631730698	19
1.87470242189181	2.15209554593629	19
1.88813790180618	2.15996323352809	19
1.90157080419211	2.16778938008237	19
1.91500112904959	2.17557398559914	19
1.92842887637862	2.18331705007839	19
1.9418540461792	2.19101857352014	19
1.95527663845134	2.19867855592436	19
1.96869665319502	2.20629699729108	19
1.98211409041026	2.21387389762028	19
1.99552895009705	2.22140925691196	19
2.00894123225539	2.22890307516613	19
2.02235093688528	2.2363553523828	19
2.03575806398672	2.24376608856194	19
2.04916261355972	2.25113528370357	19
2.06256458560427	2.25846293780769	19
2.07596398012036	2.26574905087429	19
2.08936079710801	2.27299362290338	19
2.10275503656721	2.28019665389496	19
2.11614669849797	2.28735814384902	19
2.12953578290027	2.29447809276557	19
2.14292228977413	2.30155650064461	19
2.15630621911953	2.30859336748613	19
2.16968757093649	2.31558869329014	19
2.183066345225	2.32254247805663	19
2.19644254198507	2.32945472178561	19
2.20981616121668	2.33632542447708	19
2.22318720291984	2.34315458613103	19
2.23655566709456	2.34994220674747	19
2.24992155374083	2.3566882863264	19
2.26328486285865	2.36339282486781	19
2.27664559444802	2.37005582237171	19
2.29000374850894	2.37667727883809	19
2.30335932504142	2.38325719426696	19
2.31671232404544	2.38979556865832	19
2.33006274552102	2.39629240201217	19
2.34341058946815	2.4027476943285	19
2.35675585588683	2.40916144560731	19
2.37009854477706	2.41553365584861	19
2.38343865613884	2.4218643250524	19
2.39677618997218	2.42815345321868	19
2.41011114627707	2.43440104034744	19
2.4234435250535	2.44060708643868	19
2.43677332630149	2.44677159149242	19
2.45010055002104	2.45289455550864	19
2.46342519621213	2.45897597848735	19
2.47674726487477	2.46501586042854	19
2.49006675600897	2.47101420133222	19
2.50338366961472	2.47697100119838	19
2.51669800569202	2.48288626002703	19
2.53000976424087	2.48875997781817	19
2.54331894526127	2.4945921545718	19
2.55662554875322	2.50038279028791	19
2.56992957471673	2.5061318849665	19
2.58323102315178	2.51183943860759	19
2.59652989405839	2.51750545121116	19
2.60982618743655	2.52312992277721	19
2.62311990328626	2.52871285330575	19
2.63641104160753	2.53425424279678	19
2.64969960240034	2.5397540912503	19
2.66298558566471	2.5452123986663	19
2.67626899140063	2.55062916504478	19
2.6895498196081	2.55600439038576	19
2.70282807028712	2.56133807468921	19
2.71610374343769	2.56663021795516	19
2.72937683905981	2.57188082018359	19
2.74264735715349	2.57708988137451	19
2.75591529771871	2.58225740152792	19
2.76918066075549	2.58738338064381	19
2.78244344626382	2.59246781872219	19
2.79570365424371	2.59751071576305	19
2.80896128469514	2.6025120717664	19
2.82221633761812	2.60747188673224	19
2.83546881301266	2.61239016066056	19
2.84871871087875	2.61726689355137	19
2.86196603121639	2.62210208540467	19
2.87521077402558	2.62689573622045	19
2.88845293930632	2.63164784599871	19
2.90169252705861	2.63635841473946	19
2.91492953728246	2.64102744244271	19
2.92816396997786	2.64565492910843	19
2.94139582514481	2.65024087473665	19
2.95462510278331	2.65478527932734	19
2.96785180289336	2.65928814288053	19
2.98107592547496	2.6637494653962	19
2.99429747052812	2.66816924687436	19
3.00751643805282	2.67254748731501	19
3.02073282804908	2.67688418671813	19
3.03394664051689	2.68117934508375	19
3.04715787545625	2.68543296241185	19
3.06036653286716	2.68964503870245	19
3.07357261274963	2.69381557395552	19
3.08677611510364	2.69794456817108	19
3.09997703992921	2.70203202134913	19
3.11317538722633	2.70607793348967	19
3.126371156995	2.71008230459269	19
3.13956434923522	2.7140451346582	19
3.15275496394699	2.71796642368619	19
3.16594300113032	2.72184617167666	19
3.1791284607852	2.72568437862963	19
3.19231134291162	2.72948104454509	19
3.2054916475096	2.73323616942303	19
3.21866937457914	2.73694975326345	19
3.23184452412022	2.74062179606636	19
3.24501709613285	2.74425229783176	19
3.25818709061704	2.74784125855964	19
3.27135450757278	2.75138867825001	19
3.28451934700006	2.75489455690286	19
3.2976816088989	2.75835889451821	19
3.3108412932693	2.76178169109604	19
3.32399840011124	2.76516294663635	19
3.33715292942474	2.76850266113916	19
3.35030488120978	2.77180083460444	19
3.36345425546638	2.77505746703222	19
3.37660105219453	2.77827255842248	19
3.38974527139423	2.78144610877522	19
3.40288691306548	2.78457811809046	19
3.41602597720829	2.78766858636818	19
3.42916246382264	2.79071751360838	19
3.44229637290855	2.79372489981107	19
3.45542770446601	2.79669074497625	19
3.46855645849502	2.79961504910392	19
3.48168263499558	2.80249781219407	19
3.4948062339677	2.8053390342467	19
3.50792725541136	2.80813871526183	19
3.52104569932658	2.81089685523944	19
3.53416156571335	2.81361345417953	19
3.54727485457167	2.81628851208211	19
3.56038556590154	2.81892202894718	19
3.57349369970296	2.82151400477474	19
3.58659925597594	2.82406443956478	19
3.59970223472046	2.82657333331731	19
3.61280263593654	2.82904068603232	19
3.62590045962417	2.83146649770982	19
3.63899570578335	2.83385076834981	19
3.65208837441408	2.83619349795228	19
3.66517846551637	2.83849468651724	19
3.6782659790902	2.84075433404468	19
3.69135091513559	2.84297244053461	19
3.70443327365253	2.84514900598703	19
3.71751305464102	2.84728403040193	19
3.73059025810106	2.84937751377933	19
3.74366488403265	2.8514294561192	19
3.7567369324358	2.85343985742156	19
3.76980640331049	2.85540871768641	19
3.78287329665674	2.85733603691375	19
3.79593761247454	2.85922181510357	19
3.80899935076389	2.86106605225588	19
3.82205851152479	2.86286874837067	19
3.83511509475725	2.86462990344795	19
3.84816910046125	2.86634951748772	19
3.86122052863681	2.86802759048997	19
3.87426937928392	2.86966412245471	19
3.88731565240258	2.87125911338194	19
3.90035934799279	2.87281256327165	19
3.91340046605455	2.87432447212385	19
3.92643900658787	2.87579483993853	19
3.93947496959273	2.8772236667157	19
3.95250835506915	2.87861095245536	19
3.96553916301712	2.8799566971575	19
3.97856739343664	2.88126090082213	19
3.99159304632771	2.88252356344925	19
4.00461612169034	2.88374468503885	19
4.01763661952451	2.88492426559094	19
4.03065453983024	2.88606230510551	19
4.04366988260752	2.88715880358258	19
4.05668264785635	2.88821376102212	19
4.06969283557673	2.88922717742416	19
4.08270044576867	2.89019905278868	19
4.09570547843215	2.89112938711568	19
4.10870793356719	2.89201818040517	19
4.12170781117378	2.89286543265715	19
4.13470511125191	2.89367114387162	19
4.14769983380161	2.89443531404857	19
4.16069197882285	2.89515794318801	19
4.17368154631564	2.89583903128993	19
4.18666853627999	2.89647857835434	19
4.19965294871589	2.89707658438124	19
4.21263478362333	2.89763304937062	19
4.22561404100233	2.89814797332249	19
4.23859072085289	2.89862135623685	19
4.25156482317499	2.89905319811369	19
4.26453634796865	2.89944349895302	19
4.27750529523385	2.89979225875483	19
4.29047166497061	2.90009947751913	19
4.30343545717892	2.90036515524592	19
4.31639667185878	2.90058929193519	19
4.32935530901019	2.90077188758695	19
4.34231136863316	2.9009129422012	19
4.35526485072767	2.90101245577793	19
4.36821575529374	2.90107042831715	19
4.38116408233136	2.90108685981885	19
4.39410983184053	2.90106175028304	19
4.40705300382125	2.90099509970972	19
4.41999359827353	2.90088690809888	19
4.43293161519735	2.90073717545053	19
4.44586705459273	2.90054590176467	19
4.45879991645966	2.90031308704129	19
4.47173020079814	2.9000387312804	19
4.48465790760817	2.899722834482	19
4.49758303688975	2.89936539664607	19
4.51050558864288	2.89896641777264	19
4.52342556286757	2.8985258978617	19
4.53634295956381	2.89804383691324	19
4.5492577787316	2.89752023492727	19
4.56217002037094	2.89695509190378	19
4.57507968448183	2.89634840784278	19
4.58798677106427	2.89570018274426	19
4.60089128011827	2.89501041660823	19
4.61379321164382	2.89427910943469	19
4.62669256564091	2.89350626122363	19
4.63958934210956	2.89269187197507	19
4.65248354104977	2.89183594168898	19
4.66537516246152	2.89093847036539	19
4.67826420634482	2.88999945800428	19
4.69115067269968	2.88901890460565	19
4.70403456152609	2.88799681016951	19
4.71691587282405	2.88693317469586	19
4.72979460659356	2.88582799818469	19
4.74267076283462	2.88468128063602	19
4.75554434154723	2.88349302204982	19
4.7684153427314	2.88226322242611	19
4.78128376638712	2.8809918817649	19
4.79414961251438	2.87967900006616	19
4.8070128811132	2.87832457732991	19
4.81987357218358	2.87692861355615	19
4.8327316857255	2.87549110874488	19
4.84558722173897	2.87401206289609	19
4.858440180224	2.87249147600978	19
4.87129056118058	2.87092934808597	19
4.88413836460871	2.86932567912464	19
4.89698359050839	2.8676804691258	19
4.90982623887962	2.86599371808944	19
4.9226663097224	2.86426542601556	19
4.93550380303674	2.86249559290418	19
4.94833871882263	2.86068421875528	19
4.96117105708007	2.85883130356887	19
4.97400081780906	2.85693684734494	19
4.9868280010096	2.8550008500835	19
4.99965260668169	2.85302331178455	19
5.01247463482533	2.85100423244808	19
5.02529408544053	2.8489436120741	19
5.03811095852728	2.84684145066261	19
5.05092525408558	2.8446977482136	19
5.06373697211543	2.84251250472708	19
5.07654611261683	2.84028572020304	19
5.08935267558979	2.83801739464149	19
5.10215666103429	2.83570752804243	19
5.11495806895035	2.83335612040585	19
5.12775689933796	2.83096317173176	19
5.14055315219712	2.82852868202016	19
5.15334682752783	2.82605265127104	19
5.16613792533009	2.82353507948441	19
5.17892644560391	2.82097596666026	19
5.19171238834928	2.8183753127986	19
5.20449575356619	2.81573311789943	19
5.21727654125466	2.81304938196274	19
5.23005475141468	2.81032410498854	19
5.24283038404626	2.80755728697683	19
5.25560343914938	2.8047489279276	19
5.26837391672406	2.80189902784086	19
5.28114181677029	2.7990075867166	19
5.29390713928806	2.79607460455484	19
5.30666988427739	2.79310008135555	19
5.31943005173828	2.79008401711876	19
5.33218764167071	2.78702641184444	19
5.34494265407469	2.78392726553262	19
5.35769508895023	2.78078657818329	19
5.37044494629732	2.77760434979643	19
5.38319222611596	2.77438058037207	19
5.39593692840615	2.77111526991019	19
5.40867905316789	2.7678084184108	19
5.42141860040119	2.76446002587389	19
5.43415557010603	2.76107009229947	19
5.44688996228243	2.75763861768754	19
5.45962177693038	2.75416560203809	19
5.47235101404988	2.75065104535113	19
5.48507767364093	2.74709494762666	19
5.49780175570354	2.74349730886467	19
5.51052326023769	2.73985812906517	19
5.5232421872434	2.73617740822815	19
5.53595853672066	2.73245514635362	19
5.54867230866947	2.72869134344158	19
5.56138350308983	2.72488599949202	19
5.57409211998174	2.72103911450495	19
5.58679815934521	2.71715068848037	19
5.59950162118022	2.71322072141827	19
5.61220250548679	2.70924921331866	19
5.62490081226491	2.70523616418153	19
5.63759654151458	2.70118157400689	19
5.6502896932358	2.69708544279474	19
5.66298026742857	2.69294777054507	19
5.6756682640929	2.6887685572579	19
5.68835368322878	2.6845478029332	19
5.70103652483621	2.680285507571	19
5.71371678891519	2.67598167117127	19
5.72639447546572	2.67163629373404	19
5.7390695844878	2.66724937525929	19
5.75174211598143	2.66282091574702	19
5.76441206994662	2.65835091519725	19
5.77707944638336	2.65383937360996	19
5.78974424529165	2.64928629098516	19
5.80240646667149	2.64469166732284	19
5.81506611052288	2.64005550262301	19
5.82772317684583	2.63537779688566	19
5.84037766564032	2.6306585501108	19
5.85302957690637	2.62589776229843	19
5.86567891064397	2.62109543344855	19
5.87832566685312	2.61625156356115	19
5.89096984553382	2.61136615263623	19
5.90361144668607	2.60643920067381	19
5.91625047030988	2.60147070767386	19
5.92888691640523	2.59646067363641	19
5.94152078497214	2.59140909856144	19
5.9541520760106	2.58631598244896	19
5.96678078952061	2.58118132529897	19
5.97940692550217	2.57600512711146	19
5.99203048395529	2.57078738788643	19
6.00465146487995	2.56552810762389	19
6.01726986827617	2.56022728632385	19
6.02988569414394	2.55488492398628	19
6.04249894248326	2.5495010206112	19
6.05510961329413	2.54407557619861	19
6.06771770657655	2.53860859074851	19
6.08032322233053	2.53310006426089	19
6.09292616055606	2.52754999673576	19
6.10552652125313	2.52195838817311	19
6.11812430442176	2.51632523857295	19
6.13071951006194	2.51065054793527	19
6.14331213817368	2.50493431626009	19
6.15590218875696	2.49917654354739	19
6.1684896618118	2.49337722979717	19
6.18107455733818	2.48753637500945	19
6.19365687533612	2.4816539791842	19
6.20623661580561	2.47573004232145	19
6.21881377874665	2.46976456442118	19
6.23138836415925	2.46375754548339	19
6.24396037204339	2.4577089855081	19
6.25652980239909	2.45161888449528	19
6.26909665522634	2.44548724244496	19
6.28166093052514	2.43931405935712	19
6.29422262829549	2.43309933523177	19
6.30678174853739	2.4268430700689	19
6.31933829125085	2.42054526386852	19
6.33189225643585	2.41420591663063	19
6.34444364409241	2.40782502835522	19
6.35699245422052	2.4014025990423	19
6.36953868682018	2.39493862869187	19
6.38208234189139	2.38843311730392	19
6.39462341943415	2.38188606487846	19
6.40716191944847	2.37529747141549	19
6.41969784193434	2.36866733691499	19
6.43223118689176	2.36199566137699	19
6.44476195432072	2.35528244480148	19
6.45729014422125	2.34852768718845	19
6.46981575659332	2.3417313885379	19
6.48233879143694	2.33489354884984	19
6.49485924875212	2.32801416812427	19
6.50737712853885	2.32109324636119	19
6.51989243079713	2.31413078356059	19
6.53240515552696	2.30712677972248	19
6.54491530272834	2.30008123484685	19
6.55742287240127	2.29299414893371	19
6.56992786454576	2.28586552198305	19
6.58243027916179	2.27869535399489	19
6.59493011624938	2.27148364496921	19
6.60742737580852	2.26423039490601	19
6.61992205783921	2.25693560380531	19
6.63241416234146	2.24959927166708	19
6.64490368931525	2.24222139849135	19
6.6573906387606	2.2348019842781	19
6.6698750106775	2.22734102902733	19
6.68235680506594	2.21983853273906	19
6.69483602192594	2.21229449541327	19
6.7073126612575	2.20470891704996	19
6.7197867230606	2.19708179764914	19
6.73225820733526	2.18941313721081	19
6.74472711408146	2.18170293573497	19
6.75719344329922	2.17395119322161	19
6.76965719498853	2.16615790967073	19
6.78211836914939	2.15832308508235	19
6.79457696578181	2.15044671945644	19
6.80703298488577	2.14252881279303	19
6.81948642646129	2.1345693650921	19
6.83193729050836	2.12656837635366	19
6.84438557702697	2.11852584657771	19
6.85683128601715	2.11044177576424	19
6.86927441747887	2.10231616391326	19
6.88171497141214	2.09414901102476	19
6.89415294781697	2.08594031709875	19
6.90658834669335	2.07769008213522	19
6.91902116804127	2.06939830613419	19
6.93145141186075	2.06106498909564	19
6.94387907815179	2.05269013101957	19
6.95630416691437	2.04427373190599	19
6.9687266781485	2.0358157917549	19
6.98114661185419	2.02731631056629	19
6.99356396803143	2.01877528834018	19
7.00597874668022	2.01019272507654	19
7.01839094780056	2.00156862077539	19
7.03080057139245	1.99290297543673	19
7.0432076174559	1.98419578906056	19
7.05561208599089	1.97544706164687	19
7.06801397699744	1.96665679319567	19
7.08041329047554	1.95782498370695	19
7.09281002642519	1.94895163318072	19
7.10520418484639	1.94003674161698	19
7.11759576573914	1.93108030901572	19
7.12998476910345	1.92208233537695	19
7.1423711949393	1.91304282070067	19
7.15475504324671	1.90396176498687	19
7.16713631402567	1.89483916823556	19
7.17951500727618	1.88567503044673	19
7.19189112299824	1.87646935162039	19
7.20426466119186	1.86722213175654	19
7.21663562185703	1.85793337085517	19
7.22900400499374	1.84860306891629	19
7.24136981060201	1.8392312259399	19
7.25373303868183	1.82981784192599	19
7.2660936892332	1.82036291687457	19
7.27845176225613	1.81086645078564	19
7.2908072577506	1.80132844365918	19
7.30316017571663	1.79174889549522	19
7.31551051615421	1.78212780629375	19
7.32785827906334	1.77246517605476	19
7.34020346444402	1.76276100477825	19
7.35254607229625	1.75301529246423	19
7.36488610262004	1.74322803911271	19
7.37722355541537	1.73339924472366	19
7.38955843068226	1.7235289092971	19
7.4018907284207	1.71361703283303	19
7.41422044863069	1.70366361533144	19
7.42654759131223	1.69366865679234	19
7.43887215646532	1.68363215721573	19
7.45119414408997	1.6735541166016	19
7.46351355418617	1.66343453494996	19
7.47583038675391	1.6532734122608	19
7.48814464179321	1.64307074853414	19
7.50045631930407	1.63282654376996	19
7.51276541928647	1.62254079796826	19
7.52507194174042	1.61221351112905	19
7.53737588666593	1.60184468325233	19
7.54967725406299	1.59143431433809	19
7.5619760439316	1.58098240438634	19
7.57427225627176	1.57048895339708	19
7.58656589108347	1.5599539613703	19
7.59885694836673	1.549377428306	19
7.61114542812155	1.5387593542042	19
7.62343133034791	1.52809973906488	19
7.63571465504583	1.51739858288805	19
7.6479954022153	1.5066558856737	19
7.66027357185632	1.49587164742184	19
7.6725491639689	1.48504586813247	19
7.68482217855302	1.47417854780558	19
7.6970926156087	1.46326968644118	19
7.70936047513593	1.45231928403927	19
7.7216257571347	1.44132734059983	19
7.73388846160504	1.43029385612289	19
7.74614858854692	1.41921883060844	19
7.75840613796035	1.40810226405647	19
7.77066110984534	1.39694415646698	19
7.78291350420188	1.38574450783999	19
7.79516332102996	1.37450331817548	19
7.8074105603296	1.36322058747345	19
7.8196552221008	1.35189631573391	19
7.83189730634354	1.34053050295686	19
7.84413681305783	1.32912314914229	19
7.85637374224368	1.31767425429021	19
7.86860809390108	1.30618381840062	19
7.88083986803003	1.29465184147352	19
7.89306906463053	1.28307832350889	19
7.90529568370258	1.27146326450676	19
7.91751972524618	1.25980666446711	19
7.92974118926134	1.24810852338995	19
7.94196007574805	1.23636884127527	19
7.9541763847063	1.22458761812308	19
7.96639011613612	1.21276485393338	19
7.97860127003748	1.20090054870616	19
7.99080984641039	1.18899470244143	19
8.00301584525485	1.17704731513919	19
8.01521926657087	1.16505838679943	19
8.02742011035844	1.15302791742216	19
8.03961837661756	1.14095590700737	19
8.05181406534823	1.12884235555508	19
8.06400717655045	1.11668726306527	19
8.07619771022423	1.10449062953794	19
8.08838566636955	1.0922524549731	19
8.10057104498643	1.07997273937074	19
8.11275384607486	1.06765148273088	19
8.12493406963484	1.05528868505349	19
8.13711171566637	1.0428843463386	19
8.14928678416945	1.03043846658619	19
8.16145927514409	1.01795104579627	19
8.17362918859028	1.00542208396883	19
8.18579652450801	0.992851581103882	19
8.1979612828973	0.980239537201419	19
8.21012346375815	0.967585952261442	19
8.22228306709054	0.954890826283951	19
8.23444009289448	0.942154159268948	19
8.24659454116998	0.929375951216429	19
8.25874641191703	0.916556202126395	19
8.27089570513563	0.90369491199885	19
8.28304242082578	0.890792080833791	19
8.29518655898748	0.877847708631218	19
8.30732811962073	0.864861795391131	19
8.31946710272554	0.85183434111353	19
8.33160350830189	0.838765345798417	19
8.3437373363498	0.825654809445786	19
8.35586858686926	0.812502732055646	19
8.36799725986027	0.799309113627991	19
8.38012335532283	0.786073954162821	19
8.39224687325695	0.772797253660138	19
8.40436781366261	0.759479012119942	19
8.41648617653983	0.74611922954223	19
8.4286019618886	0.732717905927008	19
8.44071516970892	0.71927504127427	19
8.45282580000079	0.705790635584019	19
8.46493385276422	0.692264688856253	19
8.47703932799919	0.678697201090976	19
8.48914222570572	0.665088172288184	19
8.5012425458838	0.651437602447875	19
8.51334028853343	0.637745491570054	19
8.52543545365461	0.624011839654723	19
8.53752804124734	0.610236646701874	19
8.54961805131163	0.596419912711514	19
8.56170548384746	0.582561637683638	19
8.57379033885485	0.56866182161825	19
8.58587261633379	0.554720464515348	19
8.59795231628428	0.540737566374932	19
8.61002943870632	0.526713127197003	19
8.62210398359992	0.512647146981558	19
8.63417595096506	0.498539625728601	19
8.64624534080176	0.48439056343813	19
8.65831215311001	0.470199960110146	19
8.67037638788981	0.455967815744649	19
8.68243804514116	0.441694130341637	19
8.69449712486406	0.42737890390111	19
8.70655362705852	0.413022136423071	19
8.71860755172452	0.398623827907518	19
8.73065889886208	0.384183978354453	19
8.74270766847119	0.369702587763871	19
8.75475386055185	0.355179656135777	19
8.76679747510406	0.340615183470169	19
8.77883851212783	0.326009169767047	19
8.79087697162314	0.311361615026414	19
8.80291285359001	0.296672519248262	19
8.81494615802843	0.281941882432601	19
8.8269768849384	0.267169704579424	19
8.83900503431992	0.252355985688735	19
8.85103060617299	0.237500725760531	19
8.86305360049762	0.222603924794812	19
8.87507401729379	0.20766558279158	19
8.88709185656152	0.192685699750835	19
8.8991071183008	0.177664275672577	19
8.91111980251164	0.162601310556803	19
8.92312990919402	0.147496804403519	19
8.93513743834795	0.132350757212719	19
8.94714238997344	0.117163168984406	19
8.95914476407047	0.10193403971858	19
8.97114456063906	0.086663369415235	19
8.9831417796792	0.0713511580743811	19
8.99513642119089	0.0559974056960142	19
9.00712848517414	0.0406021122801308	19
9.01911797162893	0.0251652778267362	19
9.03110488055528	0.00968690233582503	19
9.04308921195318	-0.0058330141925973	19
9.05507096582263	-0.0213944717585326	19
9.06705014216363	-0.0369974703619862	19
9.07902674097618	-0.0526420100029492	19
9.09100076226028	-0.0683280906814288	19
9.10297220601594	-0.0840557123974195	19
9.11494107224315	-0.099824875150925	19
9.12690736094191	-0.115635578941943	19
9.13887107211222	-0.131487823770477	19
9.15083220575408	-0.147381609636525	19
9.16279076186749	-0.163316936540084	19
9.17474674045246	-0.179293804481158	19
9.18670014150897	-0.195312213459746	19
9.19865096503704	-0.211372163475846	19
9.21059921103666	-0.227473654529462	19
9.22254487950783	-0.243616686620592	19
9.23448797045056	-0.259801259749234	19
9.24642848386483	-0.276027373915391	19
9.25836641975065	-0.292295029119061	19
9.27030177810803	-0.308604225360244	19
9.28223455893696	-0.324954962638944	19
9.29416476223744	-0.341347240955153	19
9.30609238800947	-0.357781060308876	19
9.31801743625306	-0.374256420700115	19
9.32993990696819	-0.39077332212887	19
9.34185980015488	-0.407331764595134	19
9.35377711581312	-0.423931748098915	19
9.36569185394291	-0.440573272640207	19
9.37760401454425	-0.457256338219014	19
9.38951359761714	-0.473980944835335	19
9.40142060316159	-0.490747092489172	19
9.41332503117758	-0.507554781180519	19
9.42522688166513	-0.524404010909381	19
9.43712615462423	-0.541294781675757	19
9.44902285005488	-0.558227093479647	19
9.46091696795708	-0.57520094632105	19
9.47280850833084	-0.592216340199966	19
9.48469747117614	-0.609273275116396	19
9.496583856493	-0.62637175107034	19
9.50846766428141	-0.6435117680618	19
9.52034889454137	-0.66069332609077	19
9.53222754727288	-0.677916425157256	19
9.54410362247594	-0.695181065261255	19
9.55597712015055	-0.712487246402767	19
9.56784804029672	-0.729834968581796	19
9.57971638291444	-0.747224231798335	19
9.59158214800371	-0.76465503605239	19
9.60344533556453	-0.782127381343956	19
9.6153059455969	-0.79964126767304	19
9.62716397810083	-0.817196695039633	19
9.6390194330763	-0.834793663443743	19
9.65087231052333	-0.852432172885366	19
9.66272261044191	-0.8701122233645	19
9.67457033283204	-0.887833814881151	19
9.68641547769372	-0.905596947435314	19
9.69825804502695	-0.923401621026991	19
9.71009803483174	-0.941247835656182	19
9.72193544710807	-0.959135591322887	19
9.73377028185596	-0.977064888027107	19
9.7456025390754	-0.995035725768838	19
9.75743221876639	-1.01304810454808	19
9.76925932092893	-1.03110202436484	19
9.78108384556303	-1.04919748521912	19
9.79290579266867	-1.06733448711091	19
9.80472516224587	-1.0855130300402	19
9.81654195429462	-1.10373311400702	19
9.82835616881492	-1.12199473901135	19
9.84016780580677	-1.14029790505319	19
9.85197686527017	-1.15864261213255	19
9.86378334720513	-1.17702886024941	19
9.87558725161163	-1.1954566494038	19
9.88738857848969	-1.21392597959569	19
9.8991873278393	-1.2324368508251	19
9.91098349966046	-1.25098926309203	19
9.92277709395318	-1.26958321639647	19
9.93456811071744	-1.28821871073842	19
9.94635654995326	-1.30689574611788	19
9.95814241166062	-1.32561432253486	19
9.96992569583954	-1.34437443998936	19
9.98170640249001	-1.36317609848136	19
9.99348453161203	-1.38201929801088	19
10.0052600832056	-1.40090403857791	19
10.0170330572707	-1.41983032018246	19
10.0288034538074	-1.43879814282452	19
10.0405712728156	-1.4578075065041	19
10.0523365142954	-1.47685841122119	19
10.0640991782467	-1.49595085697579	19
10.0758592646696	-1.51508484376791	19
10.0876167735641	-1.53426037159754	19
10.0993717049301	-1.55347744046468	19
10.1111240587676	-1.57273605036934	19
10.1228738350767	-1.59203620131151	19
10.1346210338573	-1.61137789329119	19
10.1463656551095	-1.63076112630839	19
10.1581076988333	-1.6501859003631	19
10.1698471650285	-1.66965221545533	19
10.1815840536954	-1.68916007158507	19
10.1933183648338	-1.70870946875232	19
10.2050500984437	-1.72830040695709	19
10.2167792545252	-1.74793288619937	19
10.2285058330783	-1.76760690647916	19
10.2402298341029	-1.78732246779647	19
10.2519512575991	-1.80707957015129	19
10.2636701035668	-1.82687821354363	19
10.275386372006	-1.84671839797348	19
10.2871000629168	-1.86660012344084	19
10.2988111762992	-1.88652338994572	19
10.3105197121531	-1.90648819748811	19
10.3222256704786	-1.92649454606801	19
10.3339290512756	-1.94654243568543	19
10.3456298545442	-1.96663186634036	19
10.3573280802843	-1.98676283803281	19
10.369023728496	-2.00693535076277	19
10.3807167991792	-2.02714940453024	19
10.3924072923339	-2.04740499933522	19
10.4040952079603	-2.06770213517772	19
10.4157805460582	-2.08804081205774	19
10.4274633066276	-2.10842102997527	19
10.4391434896686	-2.12884278893031	19
10.4508210951811	-2.14930608892286	19
10.4624961231652	-2.16981092995293	19
10.4741685736208	-2.19035731202051	19
10.485838446548	-2.21094523512561	19
10.4975057419467	-2.23157469926822	19
10.509170459817	-2.25224570444834	19
10.5208326001589	-2.27295825066598	19
10.5324921629723	-2.29371233792113	19
10.5441491482572	-2.31450796621379	19
10.5558035560137	-2.33534513554397	19
10.5674553862418	-2.35622384591166	19
10.5791046389414	-2.37714409731687	19
10.5907513141125	-2.39810588975959	19
10.6023954117552	-2.41910922323982	19
10.6140369318695	-2.44015409775757	19
10.6256758744553	-2.46124051331283	19
10.6373122395126	-2.4823684699056	19
10.6489460270415	-2.50353796753589	19
10.660577237042	-2.52474900620369	19
10.672205869514	-2.54600158590901	19
10.6838319244576	-2.56729570665184	19
10.6954554018727	-2.58863136843218	19
10.7070763017593	-2.61000857125004	19
10.7186946241176	-2.63142731510541	19
10.7303103689473	-2.65288759999829	19
10.7419235362487	-2.67438942592869	19
10.7535341260215	-2.6959327928966	19
10.765142138266	-2.71751770090202	19
10.7767475729819	-2.73914414994497	19
10.7883504301695	-2.76081214002542	19
10.7999507098285	-2.78252167114338	19
10.8115484119592	-2.80427274329886	19
10.8231435365613	-2.82606535649185	19
10.8347360836351	-2.84789951072236	19
10.8463260531804	-2.86977520599039	19
10.8579134451972	-2.89169244229592	19
10.8694982596856	-2.91365121963897	19
10.8810804966455	-2.93565153801953	19
10.892660156077	-2.95769339743761	19
10.9042372379801	-2.9797767978932	19
10.9158117423547	-3.0019017393863	19
10.9273836692008	-3.02406822191692	19
10.9389530185185	-3.04627624548505	19
10.9505197903077	-3.06852581009069	19
10.9620839845685	-3.09081691573385	19
10.9736456013009	-3.11314956241452	19
10.9852046405048	-3.13552375013271	19
10.9967611021803	-3.1579394788884	19
11.0083149863273	-3.18039674868162	19
11.0198662929458	-3.20289555951235	19
11.0314150220359	-3.22543591138059	19
11.0429611735976	-3.24801780428634	19
11.0545047476308	-3.27064123822961	19
11.0660457441356	-3.29330621321039	19
11.0775841631119	-3.31601272922869	19
11.0891200045598	-3.33876078628449	19
11.1006532684792	-3.36155038437782	19
11.1121839548701	-3.38438152350865	19
11.1237120637327	-3.407254203677	19
11.1352375950667	-3.43016842488287	19
11.1467605488724	-3.45312418712624	19
11.1582809251495	-3.47612149040713	19
11.1697987238983	-3.49916033472554	19
11.1813139451186	-3.52224072008146	19
11.1928265888104	-3.54536264647489	19
11.2043366549738	-3.56852611390584	19
11.2158441436087	-3.5917311223743	19
11.2273490547152	-3.61497767188027	19
11.2388513882932	-3.63826576242376	19
11.2503511443428	-3.66159539400476	19
11.261848322864	-3.68496656662327	19
11.2733429238566	-3.7083792802793	19
11.2848349473209	-3.73183353497285	19
11.2963243932567	-3.7553293307039	19
11.307811261664	-3.77886666747247	19
11.3192955525429	-3.80244554527855	19
11.3307772658934	-3.82606596412215	19
11.3422564017154	-3.84972792400326	19
11.3537329600089	-3.87343142492189	19
11.365206940774	-3.89717646687802	19
11.3766783440107	-3.92096304987167	19
11.3881471697189	-3.94479117390284	19
11.3996134178987	-3.96866083897152	19
11.41107708855	-3.99257204507771	19
11.4225381816728	-4.01652479222142	19
11.4339966972672	-4.04051908040264	19
11.4454526353332	-4.06455490962137	19
11.4569059958707	-4.08863227987762	19
11.4683567788798	-4.11275119117138	19
11.4798049843604	-4.13691164350266	19
11.4912506123126	-4.16111363687144	19
11.5026936627363	-4.18535717127775	19
11.5141341356316	-4.20964224672157	19
11.5255720309984	-4.23396886320289	19
11.5370073488368	-4.25833702072174	19
11.5484400891467	-4.28274671927809	19
11.5598702519282	-4.30719795887197	19
11.5712978371812	-4.33169073950335	19
11.5827228449058	-4.35622506117225	19
11.594145275102	-4.38080092387866	19
11.6055651277696	-4.40541832762259	19
11.6169824029089	-4.43007727240403	19
11.6283971005197	-4.45477775822298	19
11.639809220602	-4.47951978507945	19
11.6512187631559	-4.50430335297343	19
11.6626257281813	-4.52912846190492	19
11.6740301156783	-4.55399511187393	19
11.6854319256469	-4.57890330288046	19
11.696831158087	-4.60385303492449	19
11.7082278129986	-4.62884430800604	19
11.7196218903818	-4.6538771221251	19
11.7310133902366	-4.67895147728168	19
11.7424023125629	-4.70406737347577	19
11.7537886573608	-4.72922481070737	19
11.7651724246302	-4.75442378897649	19
11.7765536143711	-4.77966430828312	19
11.7879322265836	-4.80494636862727	19
11.7993082612677	-4.83026997000893	19
11.8106817184233	-4.8556351124281	19
11.8220525980505	-4.88104179588479	19
11.8334209001492	-4.90649002037899	19
11.8447866247195	-4.9319797859107	19
11.8561497717613	-4.95751109247993	19
11.8675103412747	-4.98308394008667	19
11.8788683332596	-5.00869832873092	19
11.8902237477161	-5.03435425841269	19
11.9015765846441	-5.06005172913198	19
11.9129268440437	-5.08579074088877	19
11.9242745259148	-5.11157129368308	19
11.9356196302575	-5.1373933875149	19
11.9469621570717	-5.16325702238424	19
11.9583021063575	-5.1891621982911	19
11.9696394781148	-5.21510891523546	19
11.9809742723437	-5.24109717321734	19
11.9923064890442	-5.26712697223673	19
12.0036361282162	-5.29319831229363	19
12.0149631898597	-5.31931119338805	19
12.0262876739748	-5.34546561551999	19
12.0376095805614	-5.37166157868943	19
12.0489289096196	-5.39789908289639	19
12.0602456611494	-5.42417812814087	19
12.0715598351507	-5.45049871442286	19
12.0828714316235	-5.47686084174236	19
12.094180450568	-5.50326451009938	19
12.1054868919839	-5.5297097194939	19
12.1167907558714	-5.55619646992595	19
12.1280920422305	-5.5827247613955	19
12.1393907510611	-5.60929459390257	19
12.1506868823632	-5.63590596744716	19
12.161980436137	-5.66255888202926	19
12.1732714123822	-5.68925333764887	19
12.184559811099	-5.71598933430599	19
12.1958456322874	-5.74276687200063	19
12.2071288759473	-5.76958595073278	19
12.2184095420788	-5.79644657050245	19
12.2296876306818	-5.82334873130963	19
12.2409631417564	-5.85029243315433	19
12.2522360753025	-5.87727767603653	19
12.2635064313202	-5.90430445995625	19
12.2747742098094	-5.93137278491349	19
12.2860394107702	-5.95848265090823	19
12.2973020342025	-5.9856340579405	19
12.3085620801064	-6.01282700601028	19
12.3198195484819	-6.04006149511756	19
12.3310744393288	-6.06733752526237	19
12.3423267526474	-6.09465509644468	19
12.3535764884375	-6.12201420866452	19
12.3648236466991	-6.14941486192186	19
12.3760682274323	-6.17685705621672	19
12.387310230637	-6.20434079154909	19
12.3985496563133	-6.23186606791898	19
12.4097865044612	-6.25943288532638	19
12.4210207750806	-6.28704124377129	19
12.4322524681715	-6.31469114325372	19
12.443481583734	-6.34238258377366	19
12.4547081217681	-6.37011556533111	19
12.4659320822737	-6.39789008792608	19
12.4771534652508	-6.42570615155856	19
12.4883722706996	-6.45356375622856	19
12.4995884986198	-6.48146290193606	19
12.5108021490116	-6.50940358868109	19
12.522013221875	-6.53738581646363	19
12.5332217172099	-6.56540958528367	19
12.5444276350164	-6.59347489514124	19
12.5556309752944	-6.62158174603632	19
12.566831738044	-6.64973013796891	19
12.5780299232651	-6.67792007093901	19
12.5892255309577	-6.70615154494663	19
12.600418561122	-6.73442455999176	19
12.6116090137577	-6.76273911607441	19
12.6227968888651	-6.79109521319457	19
12.6339821864439	-6.81949285135225	19
12.6451649064944	-6.84793203054743	19
12.6563450490164	-6.87641275078013	19
12.6675226140099	-6.90493501205035	19
12.678697601475	-6.93349881435808	19
12.6898700114116	-6.96210415770332	19
12.7010398438198	-6.99075104208607	19
12.7122070986995	-7.01943946750634	19
12.7233717760508	-7.04816943396413	19
12.7345338758737	-7.07694094145943	19
12.7456933981681	-7.10575398999224	19
12.756850342934	-7.13460857956256	19
12.7680047101715	-7.1635047101704	19
12.7791564998806	-7.19244238181575	19
12.7903057120612	-7.22142159449862	19
12.8014523467133	-7.25044234821899	19
12.812596403837	-7.27950464297689	19
12.8237378834323	-7.30860847877229	19
12.8348767854991	-7.33775385560521	19
12.8460131100374	-7.36694077347565	19
12.8571468570473	-7.3961692323836	19
12.8682780265288	-7.42543923232906	19
12.8794066184818	-7.45475077331203	19
12.8905326329064	-7.48410385533252	19
12.9016560698025	-7.51349847839053	19
12.9127769291701	-7.54293464248604	19
12.9238952110094	-7.57241234761907	19
12.9350109153201	-7.60193159378961	19
12.9461240421025	-7.63149238099767	19
12.9572345913563	-7.66109470924325	19
12.9683425630818	-7.69073857852633	19
12.9794479572787	-7.72042398884693	19
12.9905507739473	-7.75015094020504	19
13.0016510130873	-7.77991943260067	19
13.012748674699	-7.80972946603381	19
13.0238437587822	-7.83958104050446	19
13.0349362653369	-7.86947415601263	19
13.0460261943632	-7.89940881255831	19
13.057113545861	-7.9293850101415	19
13.0681983198304	-7.95940274876221	19
13.0792805162713	-7.98946202842043	19
13.0903601351838	-8.01956284911617	19
13.1014371765679	-8.04970521084942	19
13.1125116404235	-8.07988911362018	19
13.1235835267506	-8.11011455742846	19
13.1346528355493	-8.14038154227425	19
13.1457195668196	-8.17069006815755	19
13.1567837205614	-8.20104013507837	19
13.1678452967747	-8.2314317430367	19
13.1789042954596	-8.26186489203255	19
13.1899607166161	-8.29233958206591	19
13.2010145602441	-8.32285581313678	19
13.2120658263436	-8.35341358524517	19
13.2231145149147	-8.38401289839107	19
13.2341606259574	-8.41465375257448	19
13.2452041594716	-8.44533614779541	19
13.2562451154574	-8.47606008405385	19
13.2672834939147	-8.5068255613498	19
13.2783192948436	-8.53763257968328	19
13.289352518244	-8.56848113905426	19
13.300383164116	-8.59937123946276	19
13.3114112324595	-8.63030288090876	19
13.3224367232746	-8.66127606339229	19
13.3334596365612	-8.69229078691333	19
13.3444799723194	-8.72334705147188	19
13.3554977305491	-8.75444485706794	19
13.3665129112504	-8.78558420370152	19
13.3775255144232	-8.81676509137261	19
13.3885355400676	-8.84798752008122	19
13.3995429881835	-8.87925148982734	19
13.410547858771	-8.91055700061097	19
13.42155015183	-8.94190405243212	19
13.4325498673606	-8.97329264529078	19
13.4435470053628	-9.00472277918696	19
13.4545415658365	-9.03619445412064	19
13.4655335487817	-9.06770767009184	19
13.4765229541985	-9.09926242710056	19
13.4875097820869	-9.13085872514679	19
13.4984940324468	-9.16249656423053	19
13.5094757052782	-9.19417594435179	19
13.5204548005812	-9.22589686551056	19
13.5242519316237	-9.23654994401696	19
13.5282491820229	-9.24712956003378	19
13.5324451315749	-9.25763195467383	19
13.5368382894786	-9.26805339648629	19
13.541427094866	-9.27839018278252	19
13.5462099173564	-9.28863864095156	19
13.5511850576358	-9.29879512976503	19
13.5563507480604	-9.30885604067081	19
13.5617051532852	-9.31881779907517	19
13.5672463709153	-9.32867686561277	19
13.5729724321827	-9.33842973740421	19
13.5788813026448	-9.34807294930061	19
13.5849708829083	-9.35760307511467	19
13.5912390093743	-9.36701672883808	19
13.5976834550072	-9.37631056584451	19
13.6043019301262	-9.3854812840779	19
13.6110920832187	-9.39452562522574	19
13.6180515017755	-9.40344037587669	19
13.6251777131484	-9.41222236866229	19
13.6324681854284	-9.42086848338231	19
13.6399203283455	-9.42937564811338	19
13.6475314941886	-9.43774084030036	19
13.655298978747	-9.44596108783031	19
13.6632200222702	-9.45403347008841	19
13.6712918104492	-9.46195511899569	19
13.6795114754162	-9.46972322002802	19
13.6878760967632	-9.47733501321609	19
13.6963827025803	-9.48478779412601	19
13.7050282705107	-9.49207891482023	19
13.7138097288254	-9.49920578479827	19
13.7227239575142	-9.50616587191716	19
13.7317677893939	-9.5129567032911	19
13.7409380112341	-9.51957586617004	19
13.7502313648988	-9.52602100879692	19
13.7596445485036	-9.53228984124325	19
13.7691742175892	-9.53838013622271	19
13.7788169863095	-9.54428972988251	19
13.7885694286347	-9.55001652257214	19
13.7984280795686	-9.55555847958945	19
13.8083894363794	-9.56091363190348	19
13.8184499598443	-9.56608007685412	19
13.8286060755075	-9.57105597882808	19
13.8388541749492	-9.57583956991109	19
13.8491906170687	-9.580429150516	19
13.8596117293771	-9.58482308998668	19
13.870113809303	-9.58901982717737	19
13.8806931255074	-9.59301787100731	19
13.8913459192095	-9.59681580099058	19
13.9020684055225	-9.60041226774073	19
13.912856774798	-9.60380599345026	19
13.9237071939799	-9.60699577234458	19
13.9346158079659	-9.60998047111044	19
13.9455787409773	-9.61275902929857	19
13.9565920979363	-9.61533045970048	19
13.9676519658495	-9.61769384869921	19
13.9787544151986	-9.61984835659388	19
13.9898955013362	-9.6217932178981	19
14.0010712658874	-9.62352774161191	19
14.0122777381563	-9.6250513114673	19
14.0235109365366	-9.62636338614715	19
14.0347668699265	-9.62746349947757	19
14.0460415391464	-9.62835126059354	19
14.0573309383601	-9.62902635407776	19
14.0686310564976	-9.62948854007272	19
14.079937878681	-9.62973765436595	19
14.0912473876501	-9.62977360844832	19
14.1025555651902	-9.62959638954552	19
14.1138583935596	-9.62920606062259	19
14.1251518569174	-9.62860276036152	19
14.1364319427496	-9.62778670311203	19
14.1476946432956	-9.62675817881537	19
14.1589359569715	-9.62551755290133	19
14.170151889792	-9.62406526615839	19
14.1813384567896	-9.62240183457711	19
14.1924916834303	-9.62052784916682	19
14.2036076070258	-9.6184439757456	19
14.2146822781415	-9.61615095470377	19
14.2257117619993	-9.61364960074077	19
14.2366921398761	-9.61094080257576	19
14.2476195104961	-9.60802552263183	19
14.2584899914164	-9.60490479669407	19
14.2692997204069	-9.60157973354153	19
14.2800448568225	-9.59805151455333	19
14.2907215829672	-9.59432139328887	19
14.3013261054512	-9.59039069504248	19
14.3118546565381	-9.58626081637252	19
14.3223034954838	-9.58193322460522	19
14.3326689098656	-9.57740945731333	19
14.3429472169011	-9.57269112176983	19
14.3531347647568	-9.56777989437687	19
14.3632279338454	-9.56267752007016	19
14.3732231381121	-9.55738581169899	19
14.3831168263083	-9.55190664938215	19
14.3929054832537	-9.54624197983993	19
14.4025856310851	-9.54039381570243	19
14.4121538304921	-9.53436423479453	19
14.4216066819391	-9.52815537939761	19
14.4309408268728	-9.52176945548844	19
14.4401529489161	-9.51520873195537	19
14.4492397750458	-9.50847553979223	19
14.4581980767559	-9.50157227127014	19
14.4670246712045	-9.49450137908753	19
14.4757164223445	-9.48726537549872	19
14.4842702420382	-9.47986683142134	19
14.4926830911542	-9.47230837552287	19
14.5009519806472	-9.4645926932867	19
14.5090739726202	-9.45672252605798	19
14.5170461813681	-9.44870067006966	19
14.5248657744031	-9.44052997544898	19
14.5325299734611	-9.43221334520482	19
14.5400360554885	-9.42375373419632	19
14.5473813536102	-9.41515414808297	19
14.5545632580767	-9.40641764225679	19
14.5615792171917	-9.39754732075669	19
14.5684267382181	-9.38854633516566	19
14.5751033882645	-9.37941788349103	19
14.5816067951487	-9.3701652090282	19
14.5879346482414	-9.36079159920836	19
14.5940846992865	-9.35130038443044	19
14.6000547632001	-9.34169493687786	19
14.6058427188469	-9.3319786693204	19
14.6114465097938	-9.32215503390165	19
14.6168641450407	-9.3122275209125	19
14.6220936997274	-9.30219965755105	19
14.6271333158182	-9.2920750066694	19
14.6319812027613	-9.2818571655078	19
14.6366356381258	-9.27154976441656	19
14.6410949682128	-9.26115646556621	19
14.6453576086436	-9.25068096164634	19
14.6494220449223	-9.24012697455361	19
14.6532868329742	-9.22949825406939	19
14.6569505996583	-9.21879857652744	19
14.6604120432559	-9.20803174347226	19
14.6636699339326	-9.19720158030836	19
14.6667231141751	-9.18631193494114	19
14.6695704992033	-9.17536667640976	19
14.6722110773547	-9.16436969351244	19
14.6746439104445	-9.15332489342485	19
14.6768681340987	-9.14223620031188	19
14.6788829580611	-9.13110755393337	19
14.6806876664745	-9.11994290824441	19
14.6822816181346	-9.10874622999043	19
14.6836642467178	-9.09752149729792	19
14.6848350609829	-9.08627269826095	19
14.6857936449451	-9.07500382952425	19
14.6865396580241	-9.06371889486323	19
14.687072835165	-9.05242190376144	19
14.6873929869325	-9.04111686998603	19
14.6874999995782	-9.02980781016166	19
14.687393835081	-9.01849874234344	19
14.6870745311607	-9.00719368458932	19
14.6865422012644	-8.99589665353249	19
14.6857970345264	-8.98461166295428	19
14.6848392957009	-8.97334272235813	19
14.6836693250679	-8.96209383554496	19
14.6822875383125	-8.95086899919069	19
14.6806944263769	-8.93967220142624	19
14.6788905552861	-8.92850742042053	19
14.676876565947	-8.9173786229671	19
14.6746531739205	-8.90628976307468	19
14.672221169167	-8.8952447805624	19
14.6695814157663	-8.88424759965995	19
14.6667348516103	-8.87330212761334	19
14.6636824880696	-8.86241225329666	19
14.6604254096344	-8.85158184583043	19
14.6569647735293	-8.84081475320682	19
14.653339335043	-8.83018507049226	19
14.6487850086854	-8.81700906625013	19
14.6439302522866	-8.80296393125149	19
14.6405828192346	-8.79327960598913	19
14.6365099462893	-8.7814965630729	19
14.6316267426794	-8.76736922196774	19
14.625848964424	-8.75065387706676	19
14.6190941121754	-8.7311118742488	19
14.6112825290629	-8.7085127874361	19
14.6023384985359	-8.68263759515186	19
14.5921913422074	-8.65328185707785	19
14.5807765176973	-8.62025889061199	19
14.5680367164759	-8.58340294742597	19
14.5539229617072	-8.54257239002285	19
14.5383957060922	-8.49765286829465	19
14.5214259297125	-8.44856049607996	19
14.5029962220471	-8.39524498191617	19
14.4831014748683	-8.33769163355615	19
14.4617486214806	-8.27592060232069	19
14.4389560132951	-8.20998507778837	19
14.4147527832243	-8.1399694443435	19
14.3891782090787	-8.06598743772407	19
14.3622810769614	-7.98818030156969	19
14.3341190446643	-7.90671494396952	19
14.3047580050635	-7.82178209401031	19
14.274271449515	-7.73359445832424	19
14.2427398312498	-7.64238487763691	19
14.2102499287701	-7.54840448331529	19
14.1768942092446	-7.45192085391573	19
14.1427701919039	-7.35321617173176	19
14.1079798114365	-7.25258537934223	19
14.0726287813841	-7.15033433615909	19
14.0368259575369	-7.04677797497541	19
14.0006827013299	-6.94223845851338	19
13.964312243238	-6.83704333597217	19
13.9278290461714	-6.7315236995759	19
13.8913481689311	-6.62601234133448	19
13.8549846311187	-6.52084191501391	19
13.8188527816025	-6.41634311083923	19
13.7830656683324	-6.31284283502595	19
13.7477344082034	-6.21066238948598	19
13.7129675569188	-6.11011565153373	19
13.6788704788545	-6.01150725359226	19
13.6455447169216	-5.91513076289919	19
13.6130873624307	-5.82126686121279	19
13.5815904249547	-5.73018152451814	19
13.5511402021932	-5.64212420273301	19
13.5218166498352	-5.55732599941402	19
13.4936927514232	-5.4759978514627	19
13.4668338882164	-5.39832870883146	19
13.4412972090543	-5.32448371422978	19
13.4171310002204	-5.25460238283002	19
13.3943740553056	-5.18879678197378	19
13.3730550450715	-5.12714971087769	19
13.3531918873145	-5.06971288033966	19
13.3347911167288	-5.01650509244477	19
13.3178472706763	-4.96751046624406	19
13.3023426626485	-4.92267778394215	19
13.2882481006238	-4.88192256803219	19
13.2755239627601	-4.84513019120087	19
13.2641212859543	-4.81215902342243	19
13.2539828544012	-4.7828435790529	19
13.2450442881538	-4.75699766392426	19
13.2372351316821	-4.73441752243856	19
13.2304799424329	-4.71488498466207	19
13.2246993793892	-4.69817061341946	19
13.2198112916297	-4.68403685138797	19
13.2157318068881	-4.67224116819152	19
13.2123764201129	-4.66253920749488	19
13.2075032876851	-4.64844878102939	19
13.2035961424428	-4.63715148649977	19
13.2003053962275	-4.62763648434273	19
13.1970327010886	-4.61817367593119	19
13.1934533493136	-4.60782423018142	19
13.1898331820722	-4.59735773309385	19
13.1865438742436	-4.5878503409473	19
13.1825672532557	-4.57636155014744	19
13.1788269834979	-4.56556221724596	19
13.1745342311246	-4.55317683986054	19
13.1709199840279	-4.54275730809449	19
13.1669416348009	-4.53129726908809	19
13.1625753589243	-4.51873117947485	19
13.1577968169885	-4.50499256585084	19
13.1543698493611	-4.49514890569682	19
13.1507411695214	-4.48473416260225	19
13.146903233415	-4.47372814869865	19
13.142848420583	-4.46211059401755	19
13.1385690392225	-4.44986116681269	19
13.1340573312469	-4.43695949388231	19
13.1293054773461	-4.42338518089132	19
13.1243056020473	-4.40911783269356	19
13.1190497787755	-4.39413707365397	19
13.1135300349135	-4.37842256797089	19
13.1077383568625	-4.36195403999822	19
13.1016666951029	-4.34471129456769	19
13.0953069692541	-4.32667423731104	19
13.0886510731357	-4.30782289498228	19
13.0852095222345	-4.29808566339703	19
13.0816908798271	-4.2881374357799	19
13.0780941276382	-4.27797575859053	19
13.0744182467286	-4.2675981896691	19
13.0706622176537	-4.25700229887143	19
13.0668250206215	-4.24618566870401	19
13.0629056356506	-4.23514589495913	19
13.0589030427286	-4.2238805873499	19
13.05481622197	-4.21238737014534	19
13.0506441537747	-4.20066388280544	19
13.0463858189855	-4.18870778061624	19
13.042040199047	-4.17651673532489	19
13.037606276163	-4.16408843577473	19
13.0330830334554	-4.15142058854034	19
13.0284694551217	-4.13851091856264	19
13.0237645265934	-4.12535716978393	19
13.0189672346941	-4.11195710578298	19
13.0140765677977	-4.09830851041008	19
13.0090915159866	-4.08440918842214	19
13.0040110712096	-4.07025696611772	19
12.9988342274402	-4.05584969197212	19
12.9935599808347	-4.04118523727246	19
12.9881873298903	-4.02626149675275	19
12.9827152756035	-4.01107638922892	19
12.9771428216279	-3.99562785823394	19
12.9714689744323	-3.97991387265286	19
12.9656927434593	-3.96393242735787	19
12.959813141283	-3.94768154384342	19
12.9538291837673	-3.93115927086123	19
12.9477398902239	-3.9143636850554	19
12.9415442835708	-3.89729289159745	19
12.9352413904901	-3.87994502482142	19
12.928830241586	-3.86231824885891	19
12.9223098715436	-3.84441075827417	19
12.9156793192863	-3.82622077869917	19
12.9089376281344	-3.80774656746865	19
12.9020838459629	-3.78898641425521	19
12.8951170253602	-3.76993864170437	19
12.8880362237855	-3.75060160606963	19
12.8808405037275	-3.73097369784757	19
12.8735289328623	-3.71105334241288	19
12.8661005842116	-3.69083900065346	19
12.8585545363007	-3.67032916960549	19
12.850889873317	-3.64952238308847	19
12.8431056852677	-3.62841721234031	19
12.8352010681381	-3.60701226665241	19
12.8271751240501	-3.58530619400471	19
12.8190269614197	-3.56329768170075	19
12.8107556951156	-3.54098545700278	19
12.802360446617	-3.5183682877668	19
12.7938403441722	-3.49544498307762	19
12.7851945229564	-3.47221439388398	19
12.7764221252298	-3.44867541363354	19
12.7675223004958	-3.42482697890802	19
12.7584942056595	-3.40066807005824	19
12.7493370051852	-3.37619771183918	19
12.740049871255	-3.35141497404508	19
12.7306319839269	-3.32631897214448	19
12.7210825312925	-3.3009088679153	19
12.7114007096359	-3.27518387007992	19
12.7015857235911	-3.24914323494024	19
12.6916367863007	-3.22278626701273	19
12.6815531195735	-3.19611231966355	19
12.6713339540434	-3.16912079574355	19
12.6609785293265	-3.14181114822343	19
12.6504860941802	-3.11418288082869	19
12.6398559066609	-3.08623554867483	19
12.6290872342821	-3.05796875890234	19
12.6181793541727	-3.02938217131174	19
12.6071315532349	-3.00047549899877	19
12.5959431283027	-2.97124850898933	19
12.5846133862998	-2.94170102287463	19
12.5731416443977	-2.91183291744623	19
12.561527230174	-2.8816441253311	19
12.5497694817705	-2.85113463562671	19
12.5378677480512	-2.82030449453612	19
12.5258213887604	-2.78915380600298	19
12.5136297746814	-2.75768273234665	19
12.5012922877938	-2.7258914948973	19
12.4888083214322	-2.69378037463088	19
12.4761772804442	-2.66134971280432	19
12.4633985813486	-2.62859991159046	19
12.4504716524934	-2.59553143471325	19
12.4373959342139	-2.56214480808269	19
12.424170878991	-2.52844062043005	19
12.4107959516095	-2.49441952394279	19
12.3972706293157	-2.46008223489974	19
12.3835944019761	-2.4254295343061	19
12.3697667722352	-2.39046226852854	19
12.3557872556737	-2.35518134993028	19
12.3416553809667	-2.31958775750615	19
12.3273706900418	-2.28368253751763	19
12.3129327382375	-2.24746680412794	19
12.2983410944606	-2.21094174003716	19
12.2835953413453	-2.17410859711721	19
12.2686950754107	-2.13696869704697	19
12.2536399072189	-2.09952343194737	19
12.2384294615337	-2.06177426501639	19
12.2230633774782	-2.0237227311642	19
12.207541308693	-1.98537043764819	19
12.1918629234948	-1.94671906470805	19
12.1760279050339	-1.90777036620085	19
12.1600359514528	-1.8685261702361	19
12.1438867760441	-1.82898837981079	19
12.1275801074087	-1.78915897344454	19
12.111115689614	-1.74904000581456	19
12.0944932823521	-1.70863360839081	19
12.0777126610957	-1.66794199005842	19
12.0607736172052	-1.62696743740217	19
12.0436759579061	-1.58571231411711	19
12.0264195062156	-1.54417906006855	19
12.0090041008668	-1.50237019033813	19
11.9914295962328	-1.46028829426988	19
11.973695862251	-1.4179360345164	19
11.9558027843475	-1.37531614608481	19
11.9377502633611	-1.33243143538293	19
11.9195382154677	-1.28928477926532	19
11.9011665721047	-1.24587912407939	19
11.8826352798947	-1.20221748471148	19
11.8639443005704	-1.15830294363293	19
11.8450936108984	-1.11413864994616	19
11.8260832026036	-1.06972781843078	19
11.8069130822935	-1.02507372858967	19
11.7875832713824	-0.980179723695032	19
11.7680938060154	-0.935049209834504	19
11.7484447369932	-0.88968565495724	19
11.7286361296958	-0.844092587920001	19
11.7086680640069	-0.798273597533217	19
11.6885406342384	-0.75223233160709	19
11.6682539490543	-0.70597249599768	19
11.6478081313951	-0.659497853652954	19
11.6272033184021	-0.612812223658929	19
11.6064396613416	-0.565919480285717	19
11.585517325529	-0.518823552033601	19
11.5644364902533	-0.471528420679165	19
11.543197348701	-0.424038120321327	19
11.5218001078809	-0.37635673642744	19
11.5002449885476	-0.328488404879418	19
11.4785322251265	-0.280437311019734	19
11.4566620656375	-0.232207688697611	19
11.4346347716194	-0.183803819315	19
11.4124506180543	-0.135230030872731	19
11.3901098932916	-0.0864906970165835	19
11.3676128989726	-0.0375902360833793	19
11.3449599499542	0.0114668898529624	19
11.3221513742337	0.0606761759353374	19
11.2991875128726	0.110033075477305	19
11.2760687199212	0.159533000917123	19
11.2527953623426	0.209171324771522	19
11.2293678199371	0.25894338058979	19
11.2057864852664	0.308844463907509	19
11.1820517635777	0.358869833200612	19
11.1581640727282	0.409014710839199	19
11.1341238431091	0.459274284041526	19
11.10993151757	0.509643705827899	19
11.0855875513431	0.560118095974539	19
11.0610924119674	0.610692541967597	19
11.0364465792132	0.661362099956956	19
11.0116505450058	0.712121795710245	19
10.9867048133503	0.762966625566706	19
10.9616099002556	0.813891557391117	19
10.9363663336587	0.864891531527683	19
10.9109746533486	0.915961461754027	19
10.8854354108914	0.967096236234995	19
10.8597491695535	1.01829071847667	19
10.8339165042266	1.06953974828027	19
10.8079380013517	1.12083814269598	19
10.7818142588432	1.17218069697699	19
10.7555458860133	1.22356218553333	19
10.7291335034964	1.27497736288581	19
10.7025777431729	1.32642096461991	19
10.675879248094	1.37788770833977	19
10.6490386724053	1.42937229462201	19
10.6220566812717	1.4808694079697	19
10.5949339508013	1.53237371776628	19
10.5676711679695	1.58387987922948	19
10.5402690305437	1.63538253436515	19
10.512728247007	1.6868763129213	19
10.485049536483	1.73835583334197	19
10.4572336286595	1.78981570372108	19
10.4292812637133	1.84125052275644	19
10.4011931922338	1.89265488070363	19
10.3729701751479	1.94402336032987	19
10.3446129836439	1.99535053786805	19
10.3161223990956	2.04663098397049	19
10.287499212987	2.09785926466299	19
10.258744226836	2.1490299422987	19
10.2298582521191	2.20013757651199	19
10.2008421101954	2.25117672517245	19
10.171696632231	2.30214194533874	19
10.142422659123	2.35302779421253	19
10.1130210414241	2.40382883009241	19
10.0834926392664	2.45453961332782	19
10.0538383222861	2.50515470727294	19
10.0240589695475	2.55566867924062	19
9.9941554694671	2.60607610145634	19
9.96412871973824	2.65637155201201	19
9.93397962725501	2.70654961582001	19
9.90370910803663	2.75660488556704	19
9.87331808715169	2.80653196266804	19
9.84280749864236	2.85632545822012	19
9.81217828544868	2.90597999395648	19
9.78143139933274	2.9554902032003	19
9.75056780080299	3.00485073181868	19
9.71958845903844	3.05405623917657	19
9.68849435181295	3.1031013990906	19
9.65728646541942	3.15198090078314	19
9.62596579459405	3.20068944983607	19
9.59453334244063	3.24922176914479	19
9.56299012035472	3.29757259987211	19
9.53133714794794	3.34573670240214	19
9.49957545297218	3.39370885729425	19
9.46770607124387	3.44148386623696	19
9.43573004656823	3.48905655300183	19
9.4036484306635	3.53642176439745	19
9.37146228308515	3.58357437122328	19
9.3391726711502	3.63050926922361	19
9.3067806698614	3.67722138004144	19
9.27428736183151	3.72370565217245	19
9.24169383720755	3.76995706191885	19
9.20900119359498	3.81597061434337	19
9.17621053598204	3.86174134422308	19
9.14332297666392	3.90726431700342	19
9.11033963516704	3.952534629752	19
9.07726163817329	3.99754741211262	19
9.04409011944425	4.04229782725911	19
9.01082621974546	4.08678107284928	19
8.97747108677069	4.13099238197882	19
8.94402587506611	4.17492702413524	19
8.91049174595459	4.21858030615175	19
8.87686986745996	4.26194757316123	19
8.84316141423118	4.30502420955008	19
8.80936756746667	4.34780563991217	19
8.77548951483849	4.39028733000277	19
8.74152845041662	4.43246478769245	19
8.7074855745932	4.47433356392096	19
8.67336209400675	4.51588925365123	19
8.63915922146644	4.5571274968232	19
8.60487817587635	4.59804397930777	19
8.57052018215965	4.63863443386076	19
8.53608647118292	4.67889464107673	19
8.50157827968035	4.71882043034297	19
8.46699685017798	4.75840768079341	19
8.43234343091799	4.7976523222625	19
8.39761927578289	4.83655033623915	19
8.36282564421979	4.87509775682065	19
8.32796380116464	4.91329067166657	19
8.2930350169665	4.95112522295268	19
8.25804056731174	4.98859760832489	19
8.22298173314831	5.0257040818531	19
8.18785980060998	5.06244095498522	19
8.15267606094058	5.09880459750097	19
8.11743181041826	5.13479143846588	19
8.08212835027973	5.17039796718518	19
8.04676698664448	5.2056207341577	19
8.01134903043904	5.24045635202981	19
7.97587579732124	5.27490149654931	19
7.94034860760444	5.30895290751938	19
7.90476878618177	5.34260738975247	19
7.86913766245038	5.37586181402419	19
7.8334565702357	5.40871311802731	19
7.79772684771564	5.44115830732559	19
7.76194983734488	5.47319445630774	19
7.72612688577911	5.50481870914131	19
7.69025934379924	5.53602828072663	19
7.65434856623568	5.56682045765073	19
7.61839591189257	5.5971925991412	19
7.58240274347201	5.62714213802022	19
7.54637042749834	5.65666658165831	19
7.51030033424236	5.68576351292842	19
7.47419383764557	5.71443059115971	19
7.43805231524442	5.74266555309156	19
7.40187714809459	5.7704662138274	19
7.36566972069516	5.79783046778873	19
7.32943142091292	5.82475628966892	19
7.29316363990657	5.85124173538722	19
7.25686777205103	5.87728494304262	19
7.22054521486158	5.9028841338678	19
7.18419736891822	5.92803761318301	19
7.14782563778982	5.95274377135003	19
7.11143142795842	5.97700108472604	19
7.07501614874344	6.00080811661757	19
7.03858121222598	6.0241635182344	19
7.00212803317298	6.04706602964346	19
6.96565802896154	6.06951448072281	19
6.92917261950312	6.09150779211545	19
6.89267322716782	6.11304497618335	19
6.85616127670775	6.13412513792589	19
6.8196381951677	6.15474747536229	19
6.78310541177324	6.17491127896235	19
6.74656435781264	6.19461593081852	19
6.71001646651864	6.21386090381263	19
6.67346317295028	6.23264576078277	19
6.63690591387468	6.25097015369003	19
6.60034612764888	6.26883382278533	19
6.56378525410157	6.28623659577621	19
6.52722473441499	6.30317838699358	19
6.49066601100661	6.31965919655862	19
6.45411052741104	6.33567910954948	19
6.41755972816178	6.35123829516811	19
6.381015058673	6.36633700590709	19
6.34447796512141	6.38097557671639	19
6.30794989432798	6.39515442417017	19
6.2714322936398	6.40887404563359	19
6.23492661081186	6.42213501842961	19
6.19843429388882	6.43493799900579	19
6.16195679108689	6.44728372210105	19
6.12549555067554	6.45917299991251	19
6.08905202085936	6.4706067212623	19
6.05262764965985	6.4815858507643	19
6.0162238847972	6.49211142799098	19
5.97984217357211	6.50218456664019	19
5.94348396274758	6.51180645370197	19
5.90715069843074	6.5209783486253	19
5.87084382595459	6.52970158248495	19
5.83456478975986	6.53797755714828	19
5.79831503327679	6.54580774444198	19
5.76209599880692	6.55319368531891	19
5.72590912740491	6.56013698902491	19
5.68975585876031	6.56663933226558	19
5.65363763107942	6.57270245837306	19
5.617555880967	6.57832817647285	19
5.58151204330816	6.5835183606506	19
5.54550755115013	6.58827494911893	19
5.50954383558401	6.59259994338419	19
5.47362232562666	6.59649540741327	19
5.43774444810245	6.59996346680042	19
5.40191162752503	6.60300630793404	19
5.36612528597921	6.60562617716343	19
5.33038684300269	6.60782537996566	19
5.29469771546791	6.60960628011231	19
5.25905931746381	6.61097129883634	19
5.22347306017767	6.61192291399878	19
5.18794035177686	6.61246365925562	19
5.15246259729071	6.61259612322457	19
5.11704119849225	6.61232294865185	19
5.08167755378003	6.61164683157903	19
5.04637305805994	6.61057052050977	19
5.01112910262698	6.60909681557667	19
4.97594707504709	6.60722856770802	19
4.94082835903891	6.60496867779462	19
4.90577433435563	6.60232009585662	19
4.87078637666678	6.59928582021023	19
4.83586585743997	6.59586889663458	19
4.80101414382279	6.59207241753851	19
4.76623259852453	6.58789952112735	19
4.73152257969803	6.58335339056974	19
4.69688544082143	6.5784372531644	19
4.66232253058004	6.57315437950697	19
4.62783519274808	6.56750808265673	19
4.59342476607051	6.56150171730349	19
4.55909258414482	6.55513867893436	19
4.52483997530284	6.54842240300048	19
4.49066826249253	6.54135636408392	19
4.45657876315979	6.5339440750644	19
4.42257278913027	6.52618908628615	19
4.38865164649113	6.51809498472462	19
4.35481663547288	6.50966539315339	19
4.3210690503312	6.50090396931088	19
4.28741017922865	6.49181440506718	19
4.25384130411659	6.48240042559085	19
4.22036370061688	6.4726657885157	19
4.18697863790374	6.46261428310764	19
4.15368737858555	6.45224972943139	19
4.12049117858659	6.44157597751736	19
4.08739128702892	6.43059690652839	19
4.05438894611414	6.41931642392661	19
4.02148539100518	6.40773846464015	19
3.98868184970814	6.39586699023001	19
3.95597954295405	6.38370598805685	19
3.92337968408069	6.37125947044775	19
3.8908834789144	6.35853147386304	19
3.85849212565185	6.3455260580631	19
3.82620681474189	6.33224730527512	19
3.79402872876729	6.31869931935993	19
3.7619590423266	6.30488622497881	19
3.72999892191589	6.29081216676026	19
3.69814952581062	6.27648130846678	19
3.66641200394738	6.26189783216174	19
3.63478749780572	6.2470659373761	19
3.60327714028994	6.23198984027526	19
3.57188205561092	6.21667377282581	19
3.54060335916787	6.20112198196239	19
3.50944215743017	6.18533872875442	19
3.47839954781916	6.16932828757295	19
3.44747661858993	6.15309494525743	19
3.41667444871314	6.13664300028252	19
3.38599410775681	6.11997676192489	19
3.35543665576812	6.10310054943	19
3.3250031431552	6.08601869117892	19
3.29469461056897	6.0687355238551	19
3.26451208878488	6.0512553916112	19
3.23445659858478	6.03358264523586	19
3.20452915063866	6.01572164132053	19
3.17473074538649	5.99767674142623	19
3.14506237291998	5.97945231125037	19
3.11552501286446	5.96105271979354	19
3.08611963426057	5.94248233852631	19
3.05684719544616	5.92374554055604	19
3.02770864393803	5.90484669979366	19
2.99870491631375	5.88579019012047	19
2.96983693809347	5.86658038455493	19
2.94110562362172	5.84722165441951	19
2.91251187594917	5.82771836850741	19
2.88405658671451	5.80807489224939	19
2.85574063602616	5.7882955868806	19
2.82756489234414	5.76838480860734	19
2.79953021236183	5.74834690777386	19
2.77163744088781	5.72818622802918	19
2.74388741072762	5.70790710549385	19
2.71628094256557	5.68751386792679	19
2.68881884484657	5.66701083389207	19
2.66150191365789	5.6464023119257	19
2.63433093261099	5.62569259970243	19
2.60730667272332	5.60488598320255	19
2.58042989230009	5.58398673587871	19
2.55370133681611	5.56299911782267	19
2.52712173879755	5.54192737493215	19
2.5006918177038	5.52077573807758	19
2.47441227980921	5.49954842226893	19
2.4482838180849	5.47824962582251	19
2.42230711208062	5.45688352952773	19
2.39648282780647	5.43545429581395	19
2.37081161761476	5.41396606791723	19
2.34529412008176	5.39242296904717	19
2.31993095988956	5.37082910155366	19
2.29472274770783	5.34918854609373	19
2.26967008007561	5.32750536079831	19
2.24477353928316	5.30578358043903	19
2.22003369325372	5.28402721559505	19
2.19545109542531	5.26224025181981	19
2.17102628463257	5.24042664880788	19
2.14675978498852	5.21859033956171	19
2.12265210576637	5.19673522955846	19
2.09870374128132	5.17486519591676	19
2.07491517077239	5.15298408656358	19
2.05128685828419	5.13109571940094	19
2.0278192525487	5.10920388147277	19
2.00451278686713	5.08731232813169	19
1.98136787899168	5.06542478220578	19
1.95838493100735	5.04354493316543	19
1.93556432921374	5.02167643629008	19
1.91290644400685	4.99982291183509	19
1.89041162976088	4.97798794419846	19
1.86808022471005	4.95617508108766	19
1.84591255083035	4.93438783268648	19
1.82390891372141	4.91262967082171	19
1.80206960248824	4.89090402813004	19
1.78039488962307	4.86921429722485	19
1.75888503088714	4.84756382986293	19
1.73754026519247	4.82595593611137	19
1.71636081448373	4.80439388351428	19
1.69534688361997	4.78288089625966	19
1.67449866025644	4.76142015434615	19
1.65381631472644	4.74001479274984	19
1.63329999992305	4.71866790059105	19
1.61294985118096	4.69738252030118	19
1.59276598615829	4.67616164678944	19
1.57274850471837	4.6550082266097	19
1.55289748881153	4.63392515712728	19
1.53321300235693	4.6129152856857	19
1.51369509112434	4.59198140877353	19
1.49434378261594	4.5711262711912	19
1.47515908594815	4.55035256521773	19
1.45614099173337	4.52966292977759	19
1.43728947196185	4.50905994960745	19
1.41860447988346	4.48854615442314	19
1.40008594990207	4.46812401813953	19
1.38173379758501	4.44779595857935	19
1.36354791981413	4.42756433778236	19
1.34552819496237	4.40743146242304	19
1.32767448307051	4.38739958422902	19
1.30998662602398	4.36747090039965	19
1.2924644477296	4.34764755402445	19
1.27510775429238	4.32793163450162	19
1.25791633419228	4.30832517795655	19
1.24088995846099	4.2888301676603	19
1.22402838085872	4.26944853444812	19
1.20733133805093	4.25018215713795	19
1.19079854978517	4.23103286294891	19
1.1744297190678	4.21200242791979	19
1.15822453234079	4.19309257732757	19
1.14218265965849	4.17430498610592	19
1.1263037548644	4.15564127926367	19
1.11058745576797	4.13710303230334	19
1.09503338432133	4.11869177163965	19
1.07964114679609	4.10040897501796	19
1.06441033396015	4.08225607193285	19
1.0493405212544	4.06423444404655	19
1.03443126896955	4.04634542560748	19
1.0196821224229	4.02859030386875	19
1.00509261213509	4.01097031950662	19
0.990662254006891	3.99348666703905	19
0.976390549495988	3.97614049524419	19
0.962276985793736	3.95893290757882	19
0.948321036001953	3.94186496259695	19
0.934522159309681	3.92493767436824	19
0.920879801169966	3.90815201289653	19
0.907393393476638	3.89150890453834	19
0.894062354741078	3.87500923242135	19
0.880886090268995	3.85865383686294	19
0.867863992337208	3.84244351578866	19
0.854995440370409	3.82637902515072	19
0.842279801117947	3.8104610793465	19
0.829716428830601	3.7946903516371	19
0.817304665437353	3.77906747456573	19
0.805043840722162	3.76359304037633	19
0.792933272500746	3.74826760143197	19
0.780972266797347	3.73309167063343	19
0.769160118021514	3.71806572183764	19
0.757496109144873	3.7031901902762	19
0.745979511877904	3.68846547297389	19
0.734609586846717	3.67389192916717	19
0.723385583769825	3.65946988072266	19
0.712306741634919	3.64519961255565	19
0.701372288875644	3.63108137304861	19
0.690581443548375	3.61711537446968	19
0.679933413508987	3.60330179339117	19
0.669427396589637	3.58964077110804	19
0.659062580775533	3.57613241405645	19
0.648838144381713	3.56277679423222	19
0.638753256229817	3.54957394960932	19
0.628807075824864	3.53652388455842	19
0.618998753532027	3.52362657026533	19
0.609327430753403	3.51088194514955	19
0.599792240104798	3.49828991528273	19
0.590392305592491	3.4858503548072	19
0.581126742790019	3.47356310635445	19
0.57199465901494	3.46142798146365	19
0.562995153505622	3.44944476100012	19
0.554127317598006	3.43761319557386	19
0.545390234902389	3.42593300595802	19
0.536782981480193	3.41440388350743	19
0.528304626020743	3.40302549057708	19
0.519954230018045	3.39179746094062	19
0.511730847947552	3.38071940020889	19
0.50363352744295	3.36979088624835	19
0.495661309472923	3.35901146959967	19
0.487813228517936	3.34838067389616	19
0.480088312747004	3.33789799628228	19
0.47248558419447	3.32756290783219	19
0.465004058936779	3.31737485396819	19
0.457642747269254	3.30733325487923	19
0.45040065388287	3.29743750593945	19
0.443276778041028	3.28768697812665	19
0.436270113756333	3.27808101844077	19
0.429379649967364	3.26861895032242	19
0.422604370715454	3.25930007407138	19
0.415943255321465	3.25012366726508	19
0.409395278562556	3.24108898517712	19
0.402959410848967	3.23219526119576	19
0.396634618400787	3.22344170724241	19
0.390419863424733	3.21482751419016	19
0.384314104290924	3.20635185228222	19
0.378316295709654	3.19801387155049	19
0.372425388908171	3.18981270223404	19
0.360960069198956	3.17381722234993	19
0.349909692037731	3.15835807458848	19
0.33926575988377	3.14342763100678	19
0.329019736437964	3.12901798715245	19
0.319163052299625	3.11512097545557	19
0.309687110623281	3.10172817862076	19
0.300583292775474	3.08883094301908	19
0.291842963991561	3.07642039208007	19
0.283457479032509	3.06448743968376	19
0.275418187841696	3.05302280355258	19
0.267716441201709	3.04201701864342	19
0.260343596391141	3.03146045053962	19
0.25329102284139	3.02134330884291	19
0.246550107793458	3.01165566056544	19
0.24011226195475	3.00238744352178	19
0.23396892515587	2.99352847972086	19
0.22811157200742	2.98506848875801	19
0.219843213244532	2.9731038722189	19
0.212170801063435	2.9619782938786	19
0.205066175477757	2.95165617080554	19
0.198501495762575	2.94210174058394	19
0.192449283410734	2.93327916300925	19
0.185130108701076	2.92259227511916	19
0.178610993594709	2.9130582959802	19
0.172830620668913	2.90459354742532	19
0.166553490620004	2.89539080334024	19
0.160264749170024	2.88616203292771	19
0.154412577541444	2.87756841310961	19
0.148321197328163	2.86862114178185	19
0.142607523134109	2.86022842162811	19
