0.384240360972217	4.8676995905616	50
0.375684559747017	4.86242117370517	50
0.367195762848654	4.85703566107092	50
0.358775310756563	4.85154390309371	50
0.350424533157742	4.84594676698581	50
0.34214474873678	4.84024513659988	50
0.333937264967619	4.83443991228946	50
0.32580337790709	4.82853201076676	50
0.317744371990251	4.82252236495792	50
0.309761519827559	4.81641192385568	50
0.301856082003911	4.81020165236951	50
0.294029306879583	4.8038925311733	50
0.286282430393096	4.7974855565504	50
0.278616675866053	4.79098174023638	50
0.271033253809959	4.78438210925923	50
0.263533361735065	4.7776877057772	50
0.256118183961271	4.77089958691418	50
0.248788891431108	4.76401882459285	50
0.24154664152483	4.75704650536533	50
0.234392577877652	4.74998373024167	50
0.227327830199156	4.74283161451591	50
0.220353514094898	4.73559128759006	50
0.21347073089024	4.72826389279566	50
0.206680567456437	4.72085058721329	50
0.19998409603901	4.71335254148984	50
0.193382374088423	4.70577093965365	50
0.186876444093103	4.69810697892754	50
0.180467333414813	4.69036186953975	50
0.174156054126429	4.68253683453284	50
0.167943602852111	4.67463310957055	50
0.161830960609932	4.66665194274266	50
0.155819092656964	4.65859459436795	50
0.149908948336847	4.65046233679513	50
0.144101460929882	4.64225645420193	50
0.138397547505653	4.63397824239235	50
0.132798108778212	4.625629008592	50
0.127304028963845	4.61721007124167	50
0.121916175641444	4.60872275978918	50
0.116635399615505	4.60016841447938	50
0.111462534781781	4.59154838614257	50
0.106398397995595	4.58286403598115	50
0.10144378894285	4.57411673535468	50
0.0965994900137517	4.56530786556333	50
0.0918662661792574	4.55643881762976	50
0.0872448648702802	4.54751099207946	50
0.0827360158596595	4.53852579871956	50
0.0783404311469224	4.52948465641626	50
0.0740588048458503	4.52038899287074	50
0.0698918130748702	4.5112402443937	50
0.0658401138502885	4.50203985567861	50
0.0619043469823812	4.49278927957348	50
0.0580851339743615	4.48348997685151	50
0.0543830779242374	4.47414341598041	50
0.0507987634295745	4.4647510728905	50
0.0473327564951822	4.45531443074161	50
0.0439856044437349	4.44583497968895	50
0.0407578358293428	4.43631421664772	50
0.0376499603540877	4.42675364505677	50
0.0346624687875348	4.41715477464118	50
0.0317958328892344	4.40751912117388	50
0.0290505053342259	4.39784820623624	50
0.0264269196415553	4.38814355697784	50
0.023925490105817	4.3784067058753	50
0.021546611731732	4.36863919049027	50
0.0192906601717725	4.35884255322668	50
0.0171579916668417	4.3490183410871	50
0.0151489429900192	4.33916810542852	50
0.0132638313933806	4.32929340171734	50
0.0115029545579001	4.31939578928375	50
0.00986659054644257	4.30947683107548	50
0.00835499775985482	4.29953809341102	50
0.00696841489616074	4.28958114573226	50
0.00570706091286832	4.27960756035667	50
0.0045711349923937	4.269618912229	50
0.0035608165106078	4.25961677867256	50
0.00267626500851059	4.24960273914021	50
0.00191762016703856	4.23957837496487	50
0.00128500178500657	4.22954526910985	50
0.000778509760190893	4.21950500591887	50
0.000398224073553277	4.20945917086588	50
0.000144204776612478	4.19940935030468	50
1.64919819598541e-05	4.18935713121846	50
1.5105856926434e-05	4.17930410096912	50
0.000140046620397238	4.1692518470467	50
0.00039129454277731	4.1592019568186	50
0.000768809949107441	4.14915601727899	50
0.00127253322532839	4.1391156147982	50
0.00190238482769567	4.12908233487216	50
0.00265826529533963	4.11905776187207	50
0.00354005526597212	4.10904347879423	50
0.0045476154947347	4.09904106701003	50
0.00568078687618723	4.08905210601623	50
0.00693939046943237	4.07907817318558	50
0.00832322752637271	4.06912084351768	50
0.00983207952309484	4.05918168939032	50
0.0114657081943775	4.04926228031116	50
0.0132238555713158	4.03936418266988	50
0.0151062440220577	4.02948895949084	50
0.0171125762956457	4.01963817018625	50
0.0192425355689555	4.00981337030995	50
0.0214957854967266	4.00001611131172	50
0.0238719702646749	3.99024794029234	50
0.02637071464568	3.98051039975924	50
0.0289916240590377	3.97080502738295	50
0.0317342846327691	3.96113335575429	50
0.0345982632689757	3.95149691214232	50
0.0375831077122306	3.94189721825319	50
0.0406883466209947	3.93233578998986	50
0.0439134896420473	3.92281413721268	50
0.0472580274879183	3.91333376350101	50
0.0507214320173107	3.90389616591576	50
0.0543031563185002	3.89450283476299	50
0.0580026347956992	3.88515525335858	50
0.0618192832583704	3.87585489779399	50
0.0657524990134772	3.86660323670318	50
0.069801660960657	3.85740173103069	50
0.0739661296902988	3.84825183380093	50
0.0782452475845139	3.83915498988874	50
0.0826383389209822	3.83011263579123	50
0.0871447099796548	3.82112619940093	50
0.0917636491523024	3.81219709978032	50
0.0964944270548852	3.80332674693774	50
0.101336296642731	3.79451654160474	50
0.106288493328504	3.78576787501486	50
0.111350235102939	3.77708212868399	50
0.116520722658333	3.76846067419215	50
0.121799139514762	3.75990487296695	50
0.127184652149015	3.75141607606859	50
0.132676410126218	3.7429956239765	50
0.138273546234121	3.73464484637767	50
0.143975176620051	3.72636506195671	50
0.149780400930474	3.71815757818755	50
0.155688302453174	3.71002369112702	50
0.161697948262015	3.70196468521018	50
0.167808389364257	3.69398183304749	50
0.174018660850417	3.68607639522384	50
0.180327782046634	3.67824962009951	50
0.186734756669534	3.67050274361303	50
0.193238572983553	3.66283698908599	50
0.199838203960699	3.65525356702989	50
0.206532607442735	3.647753674955	50
0.213320726305749	3.6403384971812	50
0.220201488627081	3.63300920465104	50
0.227173807854597	3.62576695474476	50
0.234236582978263	3.61861289109758	50
0.241388698704016	3.61154814341909	50
0.248629025629871	3.60457382731483	50
0.255956420424273	3.59769104411017	50
0.263369726006644	3.59090088067637	50
0.270867771730095	3.58420440925894	50
0.278449373566284	3.57760268730836	50
0.286113334292393	3.57109675731303	50
0.293858443680182	3.56468764663475	50
0.301683478687092	3.55837636734636	50
0.309587203649386	3.55216391607204	50
0.317568370477269	3.54605127382986	50
0.325625718851979	3.5400394058769	50
0.333757976424803	3.53412926155678	50
0.341963859017999	3.52832177414981	50
0.350242070827579	3.52261786072558	50
0.358591304627934	3.51701842199814	50
0.367010241978261	3.51152434218378	50
0.375497553430756	3.50613648886138	50
0.384051898740553	3.50085571283544	50
0.392671927077362	3.49568284800171	50
0.401356277238782	3.49061871121553	50
0.410103577865251	3.48566410216278	50
0.418912447656597	3.48081980323368	50
0.427781495590166	3.47608657939919	50
0.436709321140475	3.47146517809021	50
0.445694514500375	3.46695632907959	50
0.454735656803675	3.46256074436685	50
0.463831320349197	3.45827911806578	50
0.472980068826227	3.4541121262948	50
0.482180457541324	3.45006042707022	50
0.491431033646457	3.44612466020231	50
0.500730336368421	3.44230544719429	50
0.510076897239517	3.43860339114417	50
0.519469240329434	3.43501907664951	50
0.528905882478319	3.43155306971511	50
0.538385333530984	3.42820591766367	50
0.547906096572217	3.42497814904928	50
0.557466668163167	3.42187027357402	50
0.567065538578749	3.41888278200747	50
0.576701192046052	3.41601614610917	50
0.586372106983692	3.41327081855416	50
0.596076756242093	3.41064723286149	50
0.605813607344636	3.40814580332575	50
0.61558112272966	3.40576692495166	50
0.625377759993256	3.4035109733917	50
0.635201972132835	3.40137830488677	50
0.645052207791413	3.39936925620995	50
0.654926911502593	3.39748414461331	50
0.664824523936186	3.39572326777783	50
0.674743482144455	3.39408690376637	50
0.684682219808912	3.39257531097979	50
0.694639167487668	3.39118872811609	50
0.704612752863258	3.3899273741328	50
0.714601400990936	3.38879144821233	50
0.72460353454737	3.38778112973054	50
0.734617574079721	3.38689657822844	50
0.744641938255063	3.38613793338697	50
0.754675044110085	3.38550531500494	50
0.764715307301066	3.38499882298012	50
0.774761142354057	3.38461853729349	50
0.784810962915249	3.38436451799654	50
0.794863182001473	3.38423680520189	50
0.804916212250807	3.38423541907686	50
0.814968466173236	3.38436035984033	50
0.825018356401336	3.38461160776271	50
0.835064295940938	3.38498912316904	50
0.845104698421733	3.38549284644526	50
0.855137978347778	3.38612269804763	50
0.865162551347861	3.38687857851527	50
0.875176834425698	3.3877603684859	50
0.885179246209903	3.38876792871467	50
0.895168207203701	3.38990110009612	50
0.905142140034357	3.39115970368936	50
0.915099469702254	3.3925435407463	50
0.925038623829611	3.39405239274303	50
0.934958032908772	3.39568602141431	50
0.944856130550053	3.39744416879125	50
0.954731353729094	3.39932655724199	50
0.96686293564301	3.40174011831474	50
0.976808816264265	3.40369953114862	50
0.986760226282265	3.40563994701422	50
0.996717165697009	3.40756136591154	50
1.0066796345085	3.40946378784058	50
1.01664763271673	3.41134721280133	50
1.02662116032171	3.41321164079379	50
1.03660021732343	3.41505707181798	50
1.0465848037219	3.41688350587388	50
1.05657491951711	3.4186909429615	50
1.06657056470907	3.42047938308083	50
1.07657173929777	3.42224882623189	50
1.08657844328321	3.42399927241465	50
1.0965906766654	3.42573072162914	50
1.10660843944433	3.42744317387534	50
1.11663173162001	3.42913662915326	50
1.12666055319244	3.4308110874629	50
1.1366949041616	3.43246654880425	50
1.14673478452751	3.43410301317732	50
1.15678019429017	3.4357204805821	50
1.16683113344957	3.4373189510186	50
1.17688760200572	3.43889842448682	50
1.18694959995861	3.44045890098676	50
1.19701712730824	3.44200038051841	50
1.20709018405462	3.44352286308178	50
1.21716877019774	3.44502634867687	50
1.22725288573761	3.44651083730367	50
1.23734253067422	3.44797632896219	50
1.24743770500758	3.44942282365243	50
1.25753840873768	3.45085032137438	50
1.26764464186453	3.45225882212805	50
1.27775640438812	3.45364832591344	50
1.28787369630845	3.45501883273054	50
1.29799651762553	3.45637034257936	50
1.30812486833936	3.4577028554599	50
1.31825874844992	3.45901637137215	50
1.32839815795724	3.46031089031612	50
1.33854309686129	3.46158641229181	50
1.3486935651621	3.46284293729921	50
1.35884956285964	3.46408046533833	50
1.36901108995393	3.46529899640917	50
1.37917814644497	3.46649853051173	50
1.38935073233275	3.467679067646	50
1.39952884761727	3.46884060781199	50
1.40971249229854	3.46998315100969	50
1.41990166637655	3.47110669723911	50
1.43009636985131	3.47221124650025	50
1.44029660272281	3.4732967987931	50
1.45050236499106	3.47436335411768	50
1.46071365665605	3.47541091247396	50
1.47093047771779	3.47643947386197	50
1.48115282817627	3.47744903828169	50
1.49138070803149	3.47843960573313	50
1.50161411728346	3.47941117621629	50
1.51185305593218	3.48036374973116	50
1.52209752397763	3.48129732627775	50
1.53234752141984	3.48221190585605	50
1.54260304825878	3.48310748846607	50
1.55286410449448	3.48398407410781	50
1.56313069012691	3.48484166278127	50
1.57340280515609	3.48568025448644	50
1.58368044958202	3.48649984922333	50
1.59396362340469	3.48730044699194	50
1.6042523266241	3.48808204779226	50
1.61454655924026	3.4888446516243	50
1.62484632125316	3.48958825848806	50
1.63515161266281	3.49031286838353	50
1.6454624334692	3.49101848131072	50
1.65577878367234	3.49170509726963	50
1.66610066327222	3.49237271626025	50
1.67642807226885	3.49302133828259	50
1.68676101066222	3.49365096333665	50
1.69709947845233	3.49426159142242	50
1.70744347563919	3.49485322253991	50
1.7177930022228	3.49542585668912	50
1.72814805820314	3.49597949387004	50
1.73850864358024	3.49651413408268	50
1.74887475835407	3.49702977732704	50
1.75924640252466	3.49752642360312	50
1.76962357609198	3.49800407291091	50
1.78000627905605	3.49846272525041	50
1.79039451141687	3.49890238062164	50
1.80078827317443	3.49932303902458	50
1.81118756432873	3.49972470045924	50
1.82159238487978	3.50010736492561	50
1.83200273482757	3.5004710324237	50
1.84241861417211	3.50081570295351	50
1.85284002291339	3.50114137651504	50
1.86326696105142	3.50144805310828	50
1.87369942858619	3.50173573273324	50
1.88413742551771	3.50200441538991	50
1.89458095184597	3.50225410107831	50
1.90503000757097	3.50248478979841	50
1.91548459269272	3.50269648155024	50
1.92594470721122	3.50288917633378	50
1.93641035112645	3.50306287414904	50
1.94688152443844	3.50321757499602	50
1.95735822714716	3.50335327887471	50
1.96784045925263	3.50346998578512	50
1.97832822075485	3.50356769572725	50
1.98882151165381	3.50364640870109	50
1.99932033194952	3.50370612470665	50
2.00982468164197	3.50374684374393	50
2.02033456073116	3.50376856581292	50
2.0308499692171	3.50377129091363	50
2.04137090709978	3.50375501904606	50
2.05189737437921	3.5037197502102	50
2.06242937105538	3.50366548440606	50
2.0729668971283	3.50359222163364	50
2.08350995259796	3.50349996189293	50
2.09405853746437	3.50338870518394	50
2.10461265172752	3.50325845150667	50
2.11517229538741	3.50310920086111	50
2.12573746844405	3.50294095324727	50
2.13630817089743	3.50275370866515	50
2.14688440274756	3.50254746711474	50
2.15746616399443	3.50232222859605	50
2.16805345463805	3.50207799310909	50
2.17864627467841	3.50181476065383	50
2.18924462411552	3.50153253123029	50
2.19984850294937	3.50123130483847	50
2.21045791117996	3.50091108147836	50
2.2210728488073	3.50057186114997	50
2.23169331583139	3.5002136438533	50
2.24231931225222	3.49983642958835	50
2.25295083806979	3.49944021835511	50
2.26358789328411	3.49902501015359	50
2.27423047789517	3.49859080498378	50
2.28487859190298	3.49813760284569	50
2.29553223530753	3.49766540373933	50
2.30619140810882	3.49717420766467	50
2.31685611030686	3.49666401462173	50
2.32752634190165	3.49613482461051	50
2.33820210289318	3.49558663763101	50
2.34888339328145	3.49501945368322	50
2.35957021306647	3.49443327276715	50
2.37026256224823	3.4938280948828	50
2.38096044082674	3.49320392003016	50
2.39166384880199	3.49256074820924	50
2.40237278617399	3.49189857942004	50
2.41308725294273	3.49121741366255	50
2.42380724910821	3.49051725093678	50
2.43453277467044	3.48979809124272	50
2.44526382962942	3.48905993458039	50
2.45600041398513	3.48830278094977	50
2.4667425277376	3.48752663035086	50
2.4774901708868	3.48673148278368	50
2.48824334343276	3.48591733824821	50
2.49900204537545	3.48508419674446	50
2.50976627671489	3.48423205827242	50
2.52053603745108	3.4833609228321	50
2.53131132758401	3.4824707904235	50
2.54209214711369	3.48156166104661	50
2.5528784960401	3.48063353470144	50
2.56367037436327	3.47968641138799	50
2.57446778208318	3.47872029110626	50
2.58527071919983	3.47773517385624	50
2.59607918571323	3.47673105963794	50
2.60689318162337	3.47570794845135	50
2.61771270693025	3.47466584029648	50
2.62853776163388	3.47360473517333	50
2.63936834573426	3.4725246330819	50
2.65020445923138	3.47142553402218	50
2.66104610212524	3.47030743799418	50
2.67189327441585	3.46917034499789	50
2.6827459761032	3.46801425503332	50
2.6936042071873	3.46683916810047	50
2.70446796766814	3.46564508419934	50
2.71533725754573	3.46443200332992	50
2.72621207682006	3.46319992549222	50
2.73709242549114	3.46194885068624	50
2.74797830355896	3.46067877891197	50
2.75886971102352	3.45938971016942	50
2.76976664788483	3.45808164445858	50
2.78066911414288	3.45675458177947	50
2.79157710979768	3.45540852213207	50
2.80249063484922	3.45404346551638	50
2.81340968929751	3.45265941193242	50
2.82433427314254	3.45125636138017	50
2.83526438638432	3.44983431385963	50
2.84620002902284	3.44839326937082	50
2.8571412010581	3.44693322791371	50
2.86808790249011	3.44545418948833	50
2.87904013331887	3.44395615409467	50
2.88999789354437	3.44243912173272	50
2.90096118316661	3.44090309240248	50
2.9119300021856	3.43934806610397	50
2.92290435060133	3.43777404283717	50
2.93388422841381	3.43618102260208	50
2.94486963562303	3.43456900539872	50
2.95586057222899	3.43293799122707	50
2.9668570382317	3.43128798008714	50
2.97785903363116	3.42961897197892	50
2.98886655842736	3.42793096690242	50
2.9998796126203	3.42622396485764	50
3.01089819620999	3.42449796584458	50
3.02192230919642	3.42275296986323	50
3.0329519515796	3.4209889769136	50
3.04398712335952	3.41920598699568	50
3.05502782453618	3.41740400010948	50
3.06607405510959	3.415583016255	50
3.07712581507975	3.41374303543224	50
3.08818310444665	3.41188405764119	50
3.09924592321029	3.41000608288186	50
3.11031427137068	3.40810911115424	50
3.12138814892781	3.40619314245835	50
3.13246755588169	3.40425817679417	50
3.14355249223231	3.4023042141617	50
3.15464295797968	3.40033125456095	50
3.16573895312379	3.39833929799192	50
3.17684047766465	3.39632834445461	50
3.18794753160225	3.39429839394901	50
3.19906011493659	3.39224944647513	50
3.21017822766768	3.39018150203297	50
3.22130186979551	3.38809456062252	50
3.23243104132009	3.38598862224379	50
3.24356574224141	3.38386368689678	50
3.25470597255948	3.38171975458148	50
3.26585173227429	3.3795568252979	50
3.27700302138585	3.37737489904604	50
3.28815983989415	3.37517397582589	50
3.29932218779919	3.37295405563746	50
3.31049006510098	3.37071513848075	50
3.32166347179952	3.36845722435575	50
3.3328424078948	3.36618031326247	50
3.34402687338682	3.36388440520091	50
3.35521686827559	3.36156950017107	50
3.3664123925611	3.35923559817294	50
3.37761344624335	3.35688269920652	50
3.38882002932235	3.35451080327183	50
3.4000321417981	3.35211991036885	50
3.41124978367059	3.34971002049759	50
3.42247295493982	3.34728113365804	50
3.4337016556058	3.34483324985021	50
3.44493588566853	3.3423663690741	50
3.456175645128	3.33988049132971	50
3.46742093398421	3.33737561661703	50
3.47867175223716	3.33485174493607	50
3.48992809988687	3.33230887628682	50
3.50118997693331	3.32974701066929	50
3.5124573833765	3.32716614808348	50
3.52373031921644	3.32456628852939	50
3.53500878445312	3.32194743200701	50
3.54629277908654	3.31930957851635	50
3.55758230311671	3.31665272805741	50
3.56887735654362	3.31397688063018	50
3.58017793936728	3.31128203623467	50
3.59148405158768	3.30856819487088	50
3.60279569320483	3.3058353565388	50
3.61411286421872	3.30308352123844	50
3.62543556462935	3.30031268896979	50
3.63676379443673	3.29752285973287	50
3.64809755364086	3.29471403352766	50
3.65943684224173	3.29188621035416	50
3.67078166023934	3.28903939021239	50
3.6821320076337	3.28617357310233	50
3.6934878844248	3.28328875902398	50
3.70484929061265	3.28038494797736	50
3.71621622619724	3.27746213996245	50
3.72758869117857	3.27452033497925	50
3.73896668555665	3.27155953302778	50
3.75035020933148	3.26857973410802	50
3.76173926250305	3.26558093821998	50
3.77313384507136	3.26256314536365	50
3.78453395703642	3.25952635553904	50
3.79593959839822	3.25647056874615	50
3.80735076915677	3.25339578498497	50
3.81876746931206	3.25030200425552	50
3.8301896988641	3.24718922655777	50
3.84161745781288	3.24405745189175	50
3.85305074615841	3.24090668025744	50
3.86448956390068	3.23773691165485	50
3.87593391103969	3.23454814608397	50
3.88738378757545	3.23134038354481	50
3.89883919350795	3.22811362403737	50
3.9103001288372	3.22486786756165	50
3.92176659356319	3.22160311411764	50
3.93323858768593	3.21831936370535	50
3.94471611120541	3.21501661632477	50
3.95619916412164	3.21169487197592	50
3.96768774643461	3.20835413065877	50
3.97918185814432	3.20499439237335	50
3.99068149925078	3.20161565711964	50
4.00218666975398	3.19821792489765	50
4.01369736965393	3.19480119570738	50
4.02521359895063	3.19136546954882	50
4.03673535764406	3.18791074642198	50
4.04826264573424	3.18443702632686	50
4.05979546322117	3.18094430926345	50
4.07133381010484	3.17743259523176	50
4.08287768638526	3.17390188423179	50
4.09442709206242	3.17035217626353	50
4.10598202713632	3.16678347132699	50
4.11754249160697	3.16319576942217	50
4.12910848547436	3.15958907054906	50
4.1406800087385	3.15596337470767	50
4.15225706139938	3.152318681898	50
4.16383964345701	3.14865499212004	50
4.17542775491138	3.1449723053738	50
4.1870213957625	3.14127062165928	50
4.19862056601036	3.13754994097647	50
4.21022526565496	3.13381026332539	50
4.22183549469631	3.13005158870601	50
4.23345125313441	3.12627391711836	50
4.24507254096924	3.12247724856242	50
4.25669935820083	3.1186615830382	50
4.26833170482915	3.11482692054569	50
4.27996958085423	3.1109732610849	50
4.29161298627604	3.10710060465583	50
4.3032619210946	3.10320895125848	50
4.31491638530991	3.09929830089284	50
4.32657637892196	3.09536865355892	50
4.33824190193075	3.09142000925671	50
4.34991295433629	3.08745236798622	50
4.36158953613857	3.08346572974745	50
4.3732716473376	3.0794600945404	50
4.38495928793337	3.07543546236506	50
4.39665245792589	3.07139183322144	50
4.40835115731515	3.06732920710954	50
4.42005538610116	3.06324758402935	50
4.43176514428391	3.05914696398088	50
4.4434804318634	3.05502734696412	50
4.45520124883964	3.05088873297909	50
4.46692759521263	3.04673112202576	50
4.47865947098235	3.04255451410416	50
4.49039687614883	3.03835890921427	50
4.50213981071204	3.0341443073561	50
4.51388827467201	3.02991070852965	50
4.52564226802871	3.02565811273491	50
4.53740179078216	3.02138651997189	50
4.54916684293236	3.01709593024059	50
4.5609374244793	3.012786343541	50
4.57271353542298	3.00845775987314	50
4.58449517576341	3.00411017923698	50
4.59628234550058	2.99974360163255	50
4.6080750446345	2.99535802705983	50
4.61987327316516	2.99095345551882	50
4.63167703109257	2.98652988700954	50
4.64348631841672	2.98208732153197	50
4.65530113513762	2.97762575908612	50
4.66712148125526	2.97314519967198	50
4.67894735676964	2.96864564328956	50
4.69077876168077	2.96412708993886	50
4.70261569598865	2.95958953961987	50
4.71445815969326	2.95503299233261	50
4.72630615279463	2.95045744807706	50
4.73815967529273	2.94586290685322	50
4.75001872718759	2.9412493686611	50
4.76188330847918	2.9366168335007	50
4.77375341916752	2.93196530137202	50
4.78562905925261	2.92729477227505	50
4.79751022873444	2.9226052462098	50
4.80939692761301	2.91789672317626	50
4.82128915588833	2.91316920317444	50
4.83318691356039	2.90842268620434	50
4.8450902006292	2.90365717226596	50
4.85699901709475	2.89887266135929	50
4.86891336295705	2.89406915348434	50
4.88083323821609	2.88924664864111	50
4.89275864287188	2.88440514682959	50
4.90468957692441	2.87954464804979	50
4.91662604037368	2.8746651523017	50
4.9285680332197	2.86976665958534	50
4.94051555546246	2.86484916990069	50
4.95246860710197	2.85991268324775	50
4.96442718813823	2.85495719962654	50
4.97639129857122	2.84998271903704	50
4.98836093840096	2.84498924147925	50
5.00033610762745	2.83997676695319	50
5.01231680625068	2.83494529545884	50
5.02430303427066	2.82989482699621	50
5.03629479168738	2.82482536156529	50
5.04829207850084	2.81973689916609	50
5.06029489471105	2.81462943979861	50
5.072303240318	2.80950298346284	50
5.0843171153217	2.80435753015879	50
5.09633651972214	2.79919307988646	50
5.10836145351933	2.79400963264584	50
5.12039191671326	2.78880718843694	50
5.13242790930394	2.78358574725976	50
5.14446943129136	2.7783453091143	50
5.15651648267552	2.77308587400055	50
5.16856906345643	2.76780744191852	50
5.18062717363408	2.7625100128682	50
5.19269081320848	2.7571935868496	50
5.20475998217962	2.75185816386272	50
5.21683468054751	2.74650374390756	50
5.22891490831214	2.74113032698411	50
5.24100066547352	2.73573791309238	50
5.25309195203164	2.73032650223236	50
5.2651887679865	2.72489609440407	50
5.27729111333811	2.71944668960748	50
5.28939898808647	2.71397828784262	50
5.30151239223157	2.70849088910947	50
5.31363132577341	2.70298449340804	50
5.325755788712	2.69745910073833	50
5.33788578104733	2.69191471110033	50
5.35002130277941	2.68635132449405	50
5.36216235390823	2.68076894091949	50
5.37430893443379	2.67516756037664	50
5.3864610443561	2.66954718286551	50
5.39861868367516	2.66390780838609	50
5.41078185239096	2.6582494369384	50
5.4229505505035	2.65257206852242	50
5.43512477801279	2.64687570313815	50
5.44730453491882	2.64116034078561	50
5.4594898212216	2.63542598146478	50
5.47168063692112	2.62967262517567	50
5.48387698201739	2.62390027191827	50
5.4960788565104	2.61810892169259	50
5.50828626040015	2.61229857449863	50
5.52049919368665	2.60646923033638	50
5.53271765636989	2.60062088920585	50
5.54494164844988	2.59475355110704	50
5.55717116992662	2.58886721603994	50
5.56940622080009	2.58296188400457	50
5.58164680107032	2.5770375550009	50
5.59389291073728	2.57109422902896	50
5.60614454980099	2.56513190608873	50
5.61840171826145	2.55915058618022	50
5.63066441611865	2.55315026930342	50
5.64293264337259	2.54713095545834	50
5.65520640002328	2.54109264464498	50
5.66748568607072	2.53503533686334	50
5.67977050151489	2.52895903211341	50
5.69206084635582	2.5228637303952	50
5.70435672059348	2.5167494317087	50
5.7166581242279	2.51061613605393	50
5.72896505725905	2.50446384343086	50
5.74127751968695	2.49829255383952	50
5.7535955115116	2.49210226727989	50
5.76591903273299	2.48589298375198	50
5.77824808335112	2.47966470325579	50
5.790582663366	2.47341742579131	50
5.80292277277762	2.46715115135855	50
5.81526841158599	2.46086587995751	50
5.8276195797911	2.45456161158818	50
5.83997627739296	2.44823834625057	50
5.85233850439156	2.44189608394468	50
5.8647062607869	2.4355348246705	50
5.877079546579	2.42915456842804	50
5.88945836176783	2.4227553152173	50
5.90184270635341	2.41633706503827	50
5.91423258033573	2.40989981789096	50
5.9266279837148	2.40344357377537	50
5.93902891649061	2.39696833269149	50
5.95143537866317	2.39047409463933	50
5.96384737023247	2.38396085961889	50
5.97626489119852	2.37742862763016	50
5.98868794156131	2.37087739867315	50
6.00111652132084	2.36430717274786	50
6.01355063047712	2.35771794985428	50
6.02599026903015	2.35110972999243	50
6.03843543697992	2.34448251316229	50
6.05088613432643	2.33783629936386	50
6.06334236106968	2.33117108859715	50
6.07580411720969	2.32448688086216	50
6.08827140274643	2.31778367615888	50
6.10074421767992	2.31106147448733	50
6.11322256201016	2.30432027584748	50
6.12570643573714	2.29756008023936	50
6.13819583886086	2.29078088766295	50
6.15069077138133	2.28398269811826	50
6.16319123329855	2.27716551160528	50
6.1756972246125	2.27032932812402	50
6.18820874532321	2.26347414767449	50
6.20072579543065	2.25659997025666	50
6.21324837493485	2.24970679587055	50
6.22577648383578	2.24279462451616	50
6.23831012213346	2.23586345619349	50
6.25084928982789	2.22891329090253	50
6.26339398691906	2.22194412864329	50
6.27594421340697	2.21495596941577	50
6.28849996929163	2.20794881321996	50
6.30106125457303	2.20092266005587	50
6.31362806925118	2.1938775099235	50
6.32620041332607	2.18681336282284	50
6.33877828679771	2.1797302187539	50
6.35136168966609	2.17262807771668	50
6.36395062193121	2.16550693971117	50
6.37654508359308	2.15836680473738	50
6.3891450746517	2.15120767279531	50
6.40175059510706	2.14402954388495	50
6.41436164495916	2.13683241800631	50
6.42697822420801	2.12961629515939	50
6.4396003328536	2.12238117534418	50
6.45222797089594	2.11512705856069	50
6.46486113833502	2.10785394480892	50
6.47749983517085	2.10056183408886	50
6.49014406140341	2.09325072640053	50
6.50279381703273	2.0859206217439	50
6.51544910205879	2.078571520119	50
6.52810991648159	2.07120342152581	50
6.54077626030114	2.06381632596434	50
6.55344813351743	2.05641023343458	50
6.56612553613047	2.04898514393654	50
6.57880846814025	2.04154105747022	50
6.59149692954678	2.03407797403562	50
6.60419092035005	2.02659589363273	50
6.61689044055007	2.01909481626156	50
6.62959549014683	2.0115747419221	50
6.64230606914033	2.00403567061437	50
6.65502217753058	1.99647760233834	50
6.66774381531757	1.98890053709404	50
6.68047098250131	1.98130447488145	50
6.69320367908179	1.97368941570058	50
6.70594190505902	1.96605535955143	50
6.71868566043299	1.95840230643399	50
6.73143494520371	1.95073025634827	50
6.74418975937117	1.94303920929427	50
6.75695010293537	1.93532916527198	50
6.76971597589632	1.92760012428141	50
6.78248737825402	1.91985208632256	50
6.79526431000846	1.91208505139542	50
6.80804677115964	1.9042990195	50
6.82083476170757	1.89649399063629	50
6.83362828165224	1.88866996480431	50
6.84642733099365	1.88082694200404	50
6.85923190973181	1.87296492223549	50
6.87204201786672	1.86508390549865	50
6.88485765539837	1.85718389179353	50
6.89767882232676	1.84926488112013	50
6.9105055186519	1.84132687347844	50
6.92333774437379	1.83336986886847	50
6.93617549949241	1.82539386729022	50
6.94901878400779	1.81739886874368	50
6.9618675979199	1.80938487322887	50
6.97472194122876	1.80135188074576	50
6.98758181393437	1.79329989129438	50
7.00044721603672	1.78522890487471	50
7.01331814753582	1.77713892148676	50
7.02619460843166	1.76902994113052	50
7.03907659872424	1.760901963806	50
7.05196411841357	1.7527549895132	50
7.06485716749964	1.74458901825212	50
7.07775574598246	1.73640405002275	50
7.09065985386202	1.7282000848251	50
7.10356949113833	1.71997712265916	50
7.11648465781138	1.71173516352494	50
7.12940535388117	1.70347420742244	50
7.14233157934771	1.69519425435166	50
7.155263334211	1.68689530431259	50
7.16820061847102	1.67857735730524	50
7.1811434321278	1.67024041332961	50
7.19409177518132	1.66188447238569	50
7.20704564763158	1.65350953447349	50
7.22000504947859	1.645115599593	50
7.23296998072234	1.63670266774424	50
7.24594044136283	1.62827073892719	50
7.25891643140007	1.61981981314185	50
7.27189795083406	1.61134989038824	50
7.28488499966479	1.60286097066634	50
7.29787757789226	1.59435305397615	50
7.31087568551648	1.58582614031769	50
7.32387932253744	1.57728022969094	50
7.33688848895515	1.5687153220959	50
7.3499031847696	1.56013141753259	50
7.3629234099808	1.55152851600099	50
7.37594916458874	1.5429066175011	50
7.38898044859342	1.53426572203294	50
7.40201726199485	1.52560582959649	50
7.41505960479303	1.51692694019176	50
7.42810747698794	1.50822905381874	50
7.44116087857961	1.49951217047744	50
7.45421980956802	1.49077629016786	50
7.46728426995317	1.48202141288999	50
7.48035425973507	1.47324753864385	50
7.49342977891371	1.46445466742941	50
7.50651082748909	1.4556427992467	50
7.51959740546122	1.4468119340957	50
7.5326895128301	1.43796207197642	50
7.54578714959572	1.42909321288885	50
7.55889031575808	1.42020535683301	50
7.57199901131719	1.41129850380887	50
7.58511323627304	1.40237265381646	50
7.59823299062564	1.39342780685576	50
7.61135827437498	1.38446396292678	50
7.62448908752107	1.37548112202952	50
7.6376254300639	1.36647928416397	50
7.65076730200347	1.35745844933014	50
7.66391470333979	1.34841861752802	50
7.67706763407286	1.33935978875763	50
7.69022609420267	1.33028196301895	50
7.70339008372922	1.32118514031198	50
7.71655960265252	1.31206932063673	50
7.72973465097256	1.3029345039932	50
7.74291522868935	1.29378069038139	50
7.75610133580288	1.28460787980129	50
7.76929297231315	1.27541607225291	50
7.78249013822017	1.26620526773625	50
7.79569283352394	1.2569754662513	50
7.80890105822445	1.24772666779807	50
7.8221148123217	1.23845887237656	50
7.8353340958157	1.22917207998676	50
7.84855890870644	1.21986629062868	50
7.86178925099393	1.21054150430232	50
7.87502512267816	1.20119772100768	50
7.88826652375914	1.19183494074475	50
7.90151345423686	1.18245316351353	50
7.91476591411132	1.17305238931404	50
7.92802390338253	1.16363261814626	50
7.94128742205049	1.1541938500102	50
7.95455647011519	1.14473608490585	50
7.96783104757663	1.13525932283322	50
7.98111115443482	1.12576356379231	50
7.99439679068975	1.11624880778312	50
8.00768795634142	1.10671505480564	50
8.02098465138985	1.09716230485987	50
8.03428687583501	1.08759055794583	50
8.04759462967692	1.0779998140635	50
8.06090791291558	1.06839007321289	50
8.07422672555098	1.058761335394	50
8.08755106758312	1.04911360060682	50
8.10088093901201	1.03944686885136	50
8.11421633983764	1.02976114012761	50
8.12755727006002	1.02005641443558	50
8.14090372967914	1.01033269177527	50
8.15425571869501	1.00058997214668	50
8.16761323710762	0.990828255549802	50
8.18097628491697	0.981047541984641	50
8.19434486212307	0.971247831451197	50
8.20771896872592	0.961429123949471	50
8.2210986047255	0.951591419479459	50
8.23448377012184	0.941734718041166	50
8.24787446491491	0.931859019634589	50
8.26127068910474	0.921964324259729	50
8.2746724426913	0.912050631916586	50
8.28807972567462	0.902117942605159	50
8.30149253805467	0.892166256325449	50
8.31491087983147	0.882195573077456	50
8.32833475100502	0.87220589286118	50
8.3417641515753	0.862197215676621	50
8.35519908154234	0.852169541523776	50
8.36863954090612	0.842122870402652	50
8.38208552966664	0.832057202313242	50
8.39553704782391	0.82197253725555	50
8.40899409537792	0.811868875229574	50
8.42245667232867	0.801746216235314	50
8.43592477867618	0.791604560272773	50
8.44939841442042	0.781443907341946	50
8.46287757956141	0.771264257442839	50
8.47636227409915	0.761065610575446	50
8.48985249803362	0.750847966739771	50
8.50334825136484	0.740611325935812	50
8.51684953409281	0.73035568816357	50
8.53035634621753	0.720081053423046	50
8.54386868773898	0.709787421714239	50
8.55738655865718	0.699474793037146	50
8.57090995897213	0.689143167391771	50
8.58443888868382	0.678792544778113	50
8.59797334779226	0.668422925196172	50
8.61151333629743	0.658034308645948	50
8.62505885419936	0.647626695127439	50
8.63860990149803	0.637200084640648	50
8.65216647819344	0.626754477185575	50
8.66572858428559	0.616289872762218	50
8.6792962197745	0.605806271370576	50
8.69286938466014	0.595303673010652	50
8.70644807894253	0.584782077682445	50
8.72003230262167	0.574241485385956	50
8.73362205569755	0.563681896121181	50
8.74721733817017	0.553103309888125	50
8.76081815003954	0.542505726686784	50
8.77442449130565	0.53188914651716	50
8.78803636196851	0.521253569379254	50
8.80165376202811	0.510598995273064	50
8.81527669148446	0.499925424198591	50
8.82890515033755	0.489232856155834	50
8.84253913858739	0.478521291144796	50
8.85617865623397	0.467790729165473	50
8.86982370327729	0.457041170217866	50
8.88347427971736	0.446272614301976	50
8.89713038555417	0.435485061417805	50
8.91079202078773	0.424678511565349	50
8.92445918541803	0.41385296474461	50
8.93813187944508	0.403008420955587	50
8.95181010286887	0.392144880198281	50
8.96549385568941	0.381262342472693	50
8.97918313790669	0.370360807778821	50
8.99287794952071	0.359440276116666	50
9.00657829053148	0.348500747486228	50
9.020284160939	0.337542221887504	50
9.03399556074326	0.326564699320501	50
9.04771248994426	0.315568179785212	50
9.06143494854201	0.304552663281641	50
9.0751629365365	0.293518149809787	50
9.08889645392774	0.282464639369647	50
9.10263550071572	0.271392131961226	50
9.11638007690044	0.260300627584523	50
9.13013018248191	0.249190126239535	50
9.14388581746013	0.238060627926263	50
9.15764698183509	0.226912132644709	50
9.17141367560679	0.215744640394872	50
9.18518589877524	0.20455815117675	50
9.19896365134043	0.193352664990348	50
9.21274693330237	0.18212818183566	50
9.22653574466105	0.170884701712688	50
9.24033008541648	0.159622224621435	50
9.25412995556865	0.148340750561899	50
9.26793535511756	0.137040279534079	50
9.28174628406322	0.125720811537975	50
9.29556274240563	0.114382346573588	50
9.30938473014477	0.103024884640919	50
9.32321224728067	0.0916484257399657	50
9.3370452938133	0.0802529698707297	50
9.35088386974268	0.0688385170332109	50
9.36472797506881	0.057405067227406	50
9.37857760979168	0.0459526204533205	50
9.3924327739113	0.0344811767109512	50
9.40629346742766	0.0229907360002994	50
9.42015969034076	0.0114812983213635	50
9.43403144265061	-4.71363258567337e-05	50
9.44790872435721	-0.0115945679413585	50
9.46179153546054	-0.0231609965251445	50
9.47567987596063	-0.0347464220772125	50
9.48957374585745	-0.0463508445975647	50
9.50347314515102	-0.0579742640862011	50
9.51737807384134	-0.0696166805431191	50
9.5312885319284	-0.0812780939683209	50
9.5452045194122	-0.0929585043618055	50
9.55912603629275	-0.104657911723575	50
9.57305308257005	-0.116376316053626	50
9.58698565824409	-0.12811371735196	50
9.60092376331487	-0.139870115618578	50
9.6148673977824	-0.151645510853479	50
9.62881656164667	-0.163439903056665	50
9.64277125490769	-0.175253292228132	50
9.65673147756545	-0.187085678367883	50
9.67069722961995	-0.198937061475917	50
9.6846685110712	-0.210807441552234	50
9.6986453219192	-0.222696818596836	50
9.71262766216394	-0.23460519260972	50
9.72661553180542	-0.246532563590887	50
9.74060893084365	-0.258478931540337	50
9.75460785927862	-0.27044429645807	50
9.76861231711034	-0.282428658344088	50
9.7826223043388	-0.294432017198388	50
9.796637820964	-0.306454373020971	50
9.81065886698596	-0.318495725811838	50
9.82468544240465	-0.330556075570987	50
9.83871754722009	-0.342635422298422	50
9.85275518143227	-0.354733765994138	50
9.8667983450412	-0.366851106658137	50
9.88084703804687	-0.37898744429042	50
9.89490126044929	-0.391142778890986	50
9.90896101224845	-0.403317110459836	50
9.92302629344436	-0.415510438996969	50
9.93709710403701	-0.427722764502384	50
9.95117344402641	-0.439954086976083	50
9.96525531341254	-0.452204406418065	50
9.97934271219543	-0.464473722828332	50
9.99343564037506	-0.47676203620688	50
10.0075340979514	-0.489069346553712	50
10.0216380849246	-0.501395653868827	50
10.0357476012944	-0.513740958152225	50
10.049862647061	-0.526105259403909	50
10.0639832222244	-0.538488557623873	50
10.0781093267845	-0.550890852812122	50
10.0922409607413	-0.563312144968653	50
10.1063781240949	-0.575752434093467	50
10.1205208168452	-0.588211720186566	50
10.1346690389923	-0.600690003247947	50
10.1488227905361	-0.613187283277612	50
10.1629820714767	-0.625703560275559	50
10.177146881814	-0.63823883424179	50
10.191317221548	-0.650793105176305	50
10.2054930906788	-0.663366373079102	50
10.2196744892064	-0.675958637950183	50
10.2338614171307	-0.688569899789547	50
10.2480538744517	-0.701200158597194	50
10.2622518611695	-0.713849414373125	50
10.276455377284	-0.726517667117338	50
10.2906644227952	-0.739204916829835	50
10.3048789977033	-0.751911163510615	50
10.319099102008	-0.764636407159678	50
10.3333247357095	-0.777380647777026	50
10.3475558988077	-0.790143885362656	50
10.3617925913027	-0.802926119916569	50
10.3760348131945	-0.815727351438765	50
10.3902825644829	-0.828547579929244	50
10.4045358451682	-0.841386805388009	50
10.4187946552501	-0.854245027815054	50
10.4330589947288	-0.867122247210384	50
10.4473288636043	-0.880018463573996	50
10.4616042618765	-0.892933676905893	50
10.4758851895454	-0.905867887206071	50
10.4901716466111	-0.918821094474534	50
10.5044636330735	-0.931793298711279	50
10.5187611489327	-0.944784499916307	50
10.5330641941886	-0.957794698089621	50
10.5473727688413	-0.970823893231216	50
10.5616868728907	-0.983872085341094	50
10.5760065063369	-0.996939274419256	50
10.5903316691798	-1.0100254604657	50
10.6046623614194	-1.02313064348043	50
10.6189985830558	-1.03625482346344	50
10.6333403340889	-1.04939800041474	50
10.6476876145188	-1.06256017433431	50
10.6620404243454	-1.07574134522217	50
10.6763987635688	-1.08894151307832	50
10.6907626321889	-1.10216067790275	50
10.7051320302057	-1.11539883969546	50
10.7195069576193	-1.12865599845645	50
10.7338874144297	-1.14193215418573	50
10.7482734006368	-1.15522730688329	50
10.7626649162406	-1.16854145654914	50
10.7770619612412	-1.18187460318326	50
10.7914645356385	-1.19522674678567	50
10.8058726394326	-1.20859788735637	50
10.8202862726234	-1.22198802489534	50
10.8347054352109	-1.2353971594026	50
10.8491301271952	-1.24882529087815	50
10.8635603485763	-1.26227241932197	50
10.8779960993541	-1.27573854473408	50
10.8924373795286	-1.28922366711448	50
10.9068841890999	-1.30272778646315	50
10.9213365280679	-1.31625090278011	50
10.9357943964327	-1.32979301606536	50
10.9502577941942	-1.34335412631888	50
10.9647267213524	-1.35693423354069	50
10.9792011779074	-1.37053333773079	50
10.9936811638592	-1.38415143888916	50
11.0081666792076	-1.39778853701582	50
11.0226577239529	-1.41144463211076	50
11.0371542980949	-1.42511972417399	50
11.0516564016336	-1.4388138132055	50
11.066164034569	-1.45252689920529	50
11.0806771969013	-1.46625898217336	50
11.0951958886302	-1.48001006210972	50
11.1097201097559	-1.49378013901437	50
11.1242498602784	-1.50756921288729	50
11.1387851401975	-1.5213772837285	50
11.1533259495135	-1.53520435153799	50
11.1678722882262	-1.54905041631576	50
11.1824241563356	-1.56291547806182	50
11.1969815538417	-1.57679953677616	50
11.2115444807447	-1.59070259245879	50
11.2261129370443	-1.6046246451097	50
11.2406869227407	-1.61856569472889	50
11.2552664378339	-1.63252574131636	50
11.2698514823237	-1.64650478487212	50
11.2844420562104	-1.66050282539616	50
11.2990381594938	-1.67451986288848	50
11.3136397921739	-1.68855589734909	50
11.3282469542508	-1.70261092877798	50
11.3428596457244	-1.71668495717516	50
11.3574778665947	-1.73077798254061	50
11.3721016168618	-1.74489000487435	50
11.3867308965257	-1.75902102417638	50
11.4013657055863	-1.77317104044668	50
11.4160060440436	-1.78734005368527	50
11.4306519118977	-1.80152806389215	50
11.4453033091485	-1.8157350710673	50
11.4599602357961	-1.82996107521074	50
11.4746226918404	-1.84420607632247	50
11.4892906772814	-1.85847007440247	50
11.5039641921192	-1.87275306945076	50
11.5186432363538	-1.88705506146733	50
11.5333278099851	-1.90137605045219	50
11.5480179130131	-1.91571603640533	50
11.5627135454379	-1.93007501932675	50
11.5774147072594	-1.94445299921646	50
11.5921213984777	-1.95884997607445	50
11.6068336190927	-1.97326594990072	50
11.6215513691044	-1.98770092069527	50
11.6362746485129	-2.00215488845811	50
11.6510034573182	-2.01662785318923	50
11.6657377955202	-2.03111981488864	50
11.6804776631189	-2.04563077355633	50
11.6952230601144	-2.0601607291923	50
11.7099739865066	-2.07470968179655	50
11.7247304422956	-2.08927763136909	50
11.7394924274813	-2.10386457790991	50
11.7542599420638	-2.11847052141902	50
11.769032986043	-2.13309546189641	50
11.7838115594189	-2.14773939934208	50
11.7985956621916	-2.16240233375603	50
11.813385294361	-2.17708426513827	50
11.8281804559272	-2.19178519348879	50
11.8429811468901	-2.20650511880759	50
11.8577873672498	-2.22124404109468	50
11.8725991170062	-2.23600196035005	50
11.8874163961594	-2.25077887657371	50
11.9022392047093	-2.26557478976564	50
11.9170675426559	-2.28038969992586	50
11.9319014099993	-2.29522360705437	50
11.9467408067395	-2.31007651115115	50
11.9615857328763	-2.32494841221622	50
11.97643618841	-2.33983931024958	50
11.9912921733403	-2.35474920525121	50
12.0061536876674	-2.36967809722113	50
12.0210207313913	-2.38462598615934	50
12.0358933045119	-2.39959287206582	50
12.0507714070293	-2.41457875494059	50
12.0656550389433	-2.42958363478365	50
12.0805442002542	-2.44460751159498	50
12.0954388909618	-2.4596503853746	50
12.1103391110661	-2.4747122561225	50
12.1252448605672	-2.48979312383869	50
12.140156139465	-2.50489298852316	50
12.1550729477595	-2.52001185017591	50
12.1699952854508	-2.53514970879694	50
12.1849231525389	-2.55030656438626	50
12.1998565490237	-2.56548241694387	50
12.2147954749052	-2.58067726646975	50
12.2297399301835	-2.59589111296392	50
12.2446899148585	-2.61112395642637	50
12.2596454289303	-2.62637579685711	50
12.2746064723988	-2.64164663425612	50
12.2895730452641	-2.65693646862343	50
12.3045451475261	-2.67224529995901	50
12.3195227791848	-2.68757312826288	50
12.3345059402403	-2.70291995353503	50
12.3494946306926	-2.71828577577546	50
12.3644888505415	-2.73367059498418	50
12.3794885997873	-2.74907441116118	50
12.3944938784297	-2.76449722430647	50
12.4095046864689	-2.77993903442003	50
12.4245210239049	-2.79539984150188	50
12.4395428907376	-2.81087964555202	50
12.4545702869671	-2.82637844657043	50
12.4696032125933	-2.84189624455713	50
12.4846416676162	-2.85743303951212	50
12.4996856520359	-2.87298883143539	50
12.5147351658523	-2.88856362032694	50
12.5297902090655	-2.90415740618677	50
12.5448507816754	-2.91977018901488	50
12.5599168836821	-2.93540196881129	50
12.5749885150855	-2.95105274557597	50
12.5900656758856	-2.96672251930893	50
12.6051483660825	-2.98241129001018	50
12.6202365856761	-2.99811905767972	50
12.6353303346665	-3.01384582231753	50
12.6504296130536	-3.02959158392363	50
12.6655344208375	-3.04535634249801	50
12.6806447580181	-3.06114009804068	50
12.6957606245955	-3.07694285055163	50
12.7108820205696	-3.09276460003086	50
12.7260089459405	-3.10860534647838	50
12.7411414007081	-3.12446508989418	50
12.7562793848724	-3.14034383027826	50
12.7714228984335	-3.15624156763062	50
12.7865719413913	-3.17215830195127	50
12.8017265137459	-3.1880940332402	50
12.8168866154972	-3.20404876149742	50
12.8320522466453	-3.22002248672292	50
12.8472234071901	-3.2360152089167	50
12.8624000971316	-3.25202692807876	50
12.8775823164699	-3.26805764420911	50
12.8927700652049	-3.28410735730774	50
12.9079633433367	-3.30017606737465	50
12.9231621508653	-3.31626377440985	50
12.9383664877905	-3.33237047841333	50
12.9535763541125	-3.3484961793851	50
12.9687917498313	-3.36464087732515	50
12.9840126749468	-3.38080457223348	50
12.9992391294591	-3.39698726411009	50
13.0144711133681	-3.41318895295499	50
13.0297086266738	-3.42940963876817	50
13.0449516693763	-3.44564932154963	50
13.0602002414755	-3.46190800129938	50
13.0754543429715	-3.47818567801741	50
13.0907139738642	-3.49448235170372	50
13.1059791341537	-3.51079802235832	50
13.1212498238399	-3.5271326899812	50
13.1365260429228	-3.54348635457236	50
13.1518077914025	-3.55985901613181	50
13.167095069279	-3.57625067465954	50
13.1823878765522	-3.59266133015555	50
13.1976862132221	-3.60909098261984	50
13.2129900792888	-3.62553963205242	50
13.2282994747522	-3.64200727845329	50
13.2436143996123	-3.65849392182243	50
13.2589348538692	-3.67499956215986	50
13.2742608375229	-3.69152419946557	50
13.2895923505733	-3.70806783373957	50
13.3049293930204	-3.72463046498185	50
13.3202719648643	-3.74121209319241	50
13.3356200661049	-3.75781271837126	50
13.3509736967423	-3.77443234051838	50
13.3663328567764	-3.79107095963379	50
13.3816975462073	-3.80772857571749	50
13.3970677650349	-3.82440518876947	50
13.4124435132593	-3.84110079878973	50
13.4278247908804	-3.85781540577827	50
13.4432115978982	-3.8745490097351	50
13.4586039343128	-3.89130161066021	50
13.4740018001241	-3.90807320855361	50
13.4894051953322	-3.92486380341529	50
13.504814119937	-3.94167339524525	50
13.5202285739386	-3.95850198404349	50
13.5356485573369	-3.97534956981002	50
13.5510740701319	-3.99221615254483	50
13.5665051123237	-4.00910173224792	50
13.5819416839123	-4.0260063089193	50
13.5973837848976	-4.04292988255896	50
13.6128314152796	-4.0598724531669	50
13.6282845750584	-4.07683402074313	50
13.6437432642339	-4.09381458528764	50
13.6514336920897	-4.10210696764811	50
13.6592790522283	-4.11025292432078	50
13.6672765572306	-4.11824956108601	50
13.6754233656213	-4.12609403677686	50
13.6837165828779	-4.13378356428845	50
13.69215326246	-4.14131541156827	50
13.7007304068554	-4.14868690258686	50
13.7094449686457	-4.15589541828855	50
13.7182938515884	-4.16293839752203	50
13.7272739117177	-4.16981333795033	50
13.7363819584608	-4.17651779693985	50
13.7456147557722	-4.18304939242822	50
13.754969023283	-4.18940580377068	50
13.7644414374664	-4.19558477256453	50
13.7740286328188	-4.2015841034516	50
13.7837272030553	-4.20740166489818	50
13.7935337023202	-4.21303538995238	50
13.8034446464108	-4.21848327697854	50
13.813456514016	-4.22374339036831	50
13.8235657479669	-4.22881386122847	50
13.8337687565008	-4.23369288804487	50
13.8440619145373	-4.2383787373225	50
13.8544415649664	-4.24286974420142	50
13.8649040199478	-4.24716431304829	50
13.875445562221	-4.25126091802324	50
13.8860624464261	-4.25515810362202	50
13.8967509004349	-4.25885448519315	50
13.9075071266905	-4.26234874942986	50
13.918327303557	-4.2656396548367	50
13.9292075866769	-4.26872603217066	50
13.9401441103375	-4.27160678485656	50
13.9511329888442	-4.27428088937668	50
13.9621703179005	-4.27674739563444	50
13.9732521759961	-4.27900542729189	50
13.9843746257996	-4.28105418208115	50
13.9955337155575	-4.28289293208938	50
14.0067254804983	-4.28452102401748	50
14.0179459442413	-4.28593787941212	50
14.0291911202092	-4.28714299487133	50
14.0404570130444	-4.28813594222334	50
14.0517396200288	-4.28891636867867	50
14.063034932506	-4.28948399695551	50
14.0743389373051	-4.28983862537826	50
14.0856476181672	-4.2899801279491	50
14.0969569571717	-4.28990845439287	50
14.1082629361643	-4.28962363017482	50
14.1195615381846	-4.28912575649165	50
14.1308487488931	-4.28841501023551	50
14.1421205579975	-4.28749164393115	50
14.1533729606777	-4.28635598564623	50
14.1646019590086	-4.28500843887473	50
14.1758035633806	-4.28344948239361	50
14.1869737939171	-4.28167967009266	50
14.1981086818882	-4.27969963077779	50
14.2092042711213	-4.27751006794752	50
14.2202566194064	-4.27511175954312	50
14.2312617998967	-4.27250555767212	50
14.2422159025041	-4.26969238830565	50
14.253115035288	-4.26667325094939	50
14.2639553258385	-4.26344921828847	50
14.2747329226519	-4.26002143580634	50
14.2854439964994	-4.25639112137778	50
14.2960847417876	-4.25255956483624	50
14.3066513779101	-4.24852812751551	50
14.3171401505916	-4.24429824176607	50
14.3275473332211	-4.23987141044618	50
14.337869228176	-4.23524920638794	50
14.3481021681364	-4.23043327183844	50
14.3582425173873	-4.2254253178763	50
14.368286673111	-4.2202271238037	50
14.3782310666667	-4.21484053651425	50
14.3880721648587	-4.20926746983677	50
14.3978064711918	-4.20350990385531	50
14.4074305271133	-4.19756988420565	50
14.4169409132418	-4.19144952134848	50
14.4263342505826	-4.18515098981959	50
14.4356072017275	-4.17867652745724	50
14.4447564720412	-4.17202843460707	50
14.4537788108315	-4.16520907330483	50
14.4626710125044	-4.1582208664371	50
14.471429917703	-4.15106629688051	50
14.4800524144299	-4.14374790661956	50
14.4885354391532	-4.13626829584347	50
14.4968759778945	-4.12863012202232	50
14.5050710673002	-4.12083609896291	50
14.5131177956939	-4.11288899584451	50
14.5210133041115	-4.10479163623503	50
14.5287547873164	-4.09654689708776	50
14.5363394947964	-4.08815770771929	50
14.5437647317411	-4.07962704876864	50
14.5510278599992	-4.07095795113831	50
14.5581262990158	-4.06215349491742	50
14.5650575267492	-4.05321680828734	50
14.5718190805674	-4.04415106641028	50
14.5784085581224	-4.03495949030115	50
14.5848236182042	-4.02564534568319	50
14.5910619815725	-4.01621194182761	50
14.5971214317665	-4.0066626303779	50
14.6029998158925	-3.99700080415895	50
14.6086950453885	-3.9872298959716	50
14.6142050967665	-3.977353377373	50
14.6195280123317	-3.96737475744319	50
14.6246619008774	-3.95729758153832	50
14.6296049383575	-3.94712543003099	50
14.6343553685343	-3.9368619170382	50
14.6389115036025	-3.92651068913726	50
14.6432717247892	-3.91607542407013	50
14.6474344829284	-3.90555982943682	50
14.651398299012	-3.89496764137803	50
14.655161764715	-3.88430262324773	50
14.658723542896	-3.87356856427608	50
14.6620823680722	-3.86276927822313	50
14.6652370468689	-3.85190860202379	50
14.6681864584439	-3.8409903944246	50
14.6709295548851	-3.83001853461273	50
14.6734653615836	-3.81899692083772	50
14.6757929775793	-3.80792946902647	50
14.6779115758812	-3.79682011139192	50
14.6798204037616	-3.78567279503592	50
14.6815187830229	-3.77449148054691	50
14.6830061102391	-3.76328014059267	50
14.6842818569699	-3.75204275850891	50
14.6853455699485	-3.74078332688397	50
14.6861968712429	-3.72950584614031	50
14.6868354583897	-3.71821432311312	50
14.6872611045019	-3.70691276962678	50
14.6874736583495	-3.69560520106942	50
14.6874730444132	-3.68429563496631	50
14.687259262911	-3.67298808955244	50
14.6868323897985	-3.66168658234484	50
14.6861925767418	-3.65039512871522	50
14.6853400510632	-3.63911774046328	50
14.6842751156612	-3.62785842439138	50
14.6829981489023	-3.61662118088089	50
14.6815096044865	-3.60541000247093	50
14.6798100112867	-3.59422887243981	50
14.6778999731603	-3.58308176338979	50
14.6757801687347	-3.57197263583563	50
14.6734513511663	-3.56090543679746	50
14.6709143478728	-3.54988409839839	50
14.6681700602396	-3.53891253646749	50
14.6652194632989	-3.52799464914846	50
14.6620636053838	-3.51713431551467	50
14.6587036077555	-3.50633539419097	50
14.6551406642053	-3.49560172198267	50
14.65137604063	-3.48493711251239	50
14.6474110745823	-3.47434535486511	50
14.643247174796	-3.46383021224188	50
14.6388858206847	-3.45339542062281	50
14.6343285618168	-3.44304468743967	50
14.6295770173647	-3.43278169025868	50
14.6246328755295	-3.42261007547386	50
14.6194978929412	-3.41253345701151	50
14.6141738940347	-3.4025554150462	50
14.6086627704016	-3.39267949472873	50
14.6029664801176	-3.38290920492655	50
14.5970870470477	-3.37324801697711	50
14.5910265601265	-3.36369936345448	50
14.5847871726161	-3.3542666369498	50
14.5783711013411	-3.34495318886588	50
14.5717806259011	-3.33576232822648	50
14.5650180878608	-3.32669732050061	50
14.5580858899175	-3.31776138644235	50
14.5509864950484	-3.30895770094654	50
14.5437224256345	-3.3002893919207	50
14.5362962625651	-3.29175953917376	50
14.5294413940806	-3.28415585944353	50
14.522589830622	-3.27662427049193	50
14.5151299338029	-3.2684239727281	50
14.5072848543265	-3.25980026736848	50
14.4991283897041	-3.25083427771661	50
14.4917423503666	-3.24271518298927	50
14.4831421490994	-3.23326142855785	50
14.4732115614445	-3.22234525776726	50
14.465794086784	-3.21419162507251	50
14.4576981690023	-3.20529222155512	50
14.448888837684	-3.19560860743144	50
14.4393312104994	-3.18510243990899	50
14.4289905885274	-3.17373557797836	50
14.4178325515778	-3.16147018720515	50
14.4058230535138	-3.14826884452187	50
14.3929285175751	-3.13409464301987	50
14.3861390194684	-3.12663135372871	50
14.3791159317	-3.11891129674125	50
14.3718552316351	-3.11093005052874	50
14.364352943848	-3.10268324547081	50
14.356605143101	-3.09416656713029	50
14.3486079573229	-3.0853757595279	50
14.3403575705878	-3.07630662841702	50
14.3318502260946	-3.06695504455843	50
14.3230822291448	-3.05731694699505	50
14.3140499501223	-3.04738834632671	50
14.3047498274716	-3.03716532798487	50
14.295178370677	-3.02664405550741	50
14.285332163241	-3.01582077381331	50
14.2752078656637	-3.00469181247748	50
14.2648022184212	-2.99325358900542	50
14.2541120449445	-2.98150261210804	50
14.2431342545985	-2.96943548497638	50
14.2318658456608	-2.95704890855634	50
14.2203039083002	-2.94433968482346	50
14.208445627556	-2.93130472005765	50
14.1962882863166	-2.91794102811792	50
14.1838292682983	-2.90424573371717	50
14.1710660610241	-2.8902160756969	50
14.1579962588029	-2.87584941030198	50
14.1446175657076	-2.86114321445539	50
14.1309277985548	-2.84609508903295	50
14.116924889883	-2.8307027621381	50
14.1026068909316	-2.81496409237663	50
14.0879719746198	-2.79887707213143	50
14.0730184385256	-2.78243983083722	50
14.057744707864	-2.76565063825534	50
14.0421493384666	-2.74850790774844	50
14.0262310197601	-2.7310101995553	50
14.0099885777449	-2.71315622406548	50
13.9934209779743	-2.69494484509419	50
13.9765273285331	-2.67637508315691	50
13.9593068830158	-2.65744611874327	50
13.9417590432414	-2.63815729530198	50
13.923883359969	-2.61850812002628	50
13.9056795314936	-2.59849826231004	50
13.8871474019227	-2.57812755185209	50
13.8682869594513	-2.55739597675862	50
13.8490983346365	-2.53630368164563	50
13.8295817986722	-2.5148509657414	50
13.809737761664	-2.49303828098886	50
13.7895667709038	-2.47086623014812	50
13.7690695091448	-2.44833556489886	50
13.7482467928761	-2.42544718394276	50
13.7270995705975	-2.402202131106	50
13.7056289210942	-2.37860159344162	50
13.6838360517118	-2.35464689933204	50
13.6617222966308	-2.33033951659145	50
13.6392891151414	-2.30568105056825	50
13.6165380899186	-2.28067324224756	50
13.5934709252965	-2.25531796635354	50
13.5700894455432	-2.22961722945196	50
13.5463955931359	-2.20357316805257	50
13.5223914270353	-2.17718804671151	50
13.4980791209604	-2.15046425613385	50
13.4734609616634	-2.12340431127595	50
13.4485393472044	-2.09601084944794	50
13.4233167852262	-2.06828662841613	50
13.3977958912291	-2.04023452450548	50
13.3719793868455	-2.01185753070203	50
13.3458700981148	-1.98315875475536	50
13.3194709537582	-1.95414141728098	50
13.2927849834534	-1.92480884986284	50
13.2658153161093	-1.8951644931557	50
13.238565178141	-1.86521189498765	50
13.2110378917443	-1.83495470846247	50
13.1832368731706	-1.80439669006213	50
13.1551656310016	-1.77354169774922	50
13.1268277644243	-1.74239368906936	50
13.0982269615054	-1.71095671925368	50
13.0693669974662	-1.67923493932125	50
13.0402517329576	-1.64723259418149	50
13.0108851123346	-1.61495402073667	50
12.9812711619312	-1.58240364598431	50
12.951413988335	-1.54958598511962	50
12.9213177766621	-1.51650563963796	50
12.890986788832	-1.48316729543727	50
12.8604253618421	-1.44957572092052	50
12.8296379060425	-1.41573576509813	50
12.7986289034111	-1.38165235569047	50
12.7674029058278	-1.3473304972302	50
12.7359645333499	-1.31277526916481	50
12.7043184724864	-1.27799182395901	50
12.6724694744729	-1.24298538519718	50
12.6404223535464	-1.20776124568581	50
12.60818198522	-1.17232476555596	50
12.5757533045579	-1.13668137036566	50
12.5431413044498	-1.10083654920242	50
12.510351033886	-1.06479585278559	50
12.4773875962318	-1.02856489156884	50
12.4442561475028	-0.992149333842634	50
12.4109618946392	-0.955554903836609	50
12.3775100937806	-0.918787379822064	50
12.343906048541	-0.881852592214363	50
12.3101551082835	-0.844756421675421	50
12.276262666395	-0.807504797216109	50
12.242234158561	-0.770103694298698	50
12.2080750610402	-0.73255913293932	50
12.1737908889396	-0.69487717581041	50
12.1393871944891	-0.657063926343111	50
12.1048695653162	-0.619125526829762	50
12.0702436227207	-0.581068156526295	50
12.0355150199499	-0.542898029754726	50
12.0006894404727	-0.504621394005554	50
11.965772596255	-0.466244528040215	50
11.930770226034	-0.427773739993531	50
11.8956880935933	-0.389215365476145	50
11.8605319860375	-0.350575765676966	50
11.8253077120669	-0.31186132546561	50
11.7900211002525	-0.273078451494822	50
11.7546779973105	-0.234233570302951	50
11.7192842663773	-0.195333126416382	50
11.683845785284	-0.156383580451945	50
11.6483684448316	-0.117391407219399	50
11.6128581470652	-0.0783630938238509	50
11.5773208035493	-0.0393051377682023	50
11.5417623336421	-0.000224045055592814	50
11.5061886627707	0.0388736717081768	50
11.4706057207056	0.0779814952121716	50
11.4350194398355	0.117092905337892	50
11.3994357534422	0.156201381056488	50
11.3638605939776	0.195300402322851	50
11.328299891342	0.234383451966351	50
11.2927595711631	0.273444017581013	50
11.2572455530748	0.312475593415612	50
11.2217637489963	0.351471682263907	50
11.1863200614108	0.390425797354734	50
11.1509203816447	0.429331464242192	50
11.1155705881462	0.468182222695787	50
11.0802765447644	0.506971628590592	50
11.0450440990279	0.545693255797392	50
11.0098790804244	0.584340698072869	50
10.9747872986787	0.622907570949707	50
10.9397745420323	0.661387513626799	50
10.904846575522	0.69977419085937	50
10.870009139259	0.738061294849135	50
10.8352679467075	0.776242547134471	50
10.800628682964	0.814311700480554	50
10.7660970030356	0.852262540769519	50
10.7316785301199	0.89008888889063	50
10.6973788538827	0.927784602630415	50
10.6632035287381	0.965343578562816	50
10.6291580721263	1.00275975393938	50
10.5952479627934	1.04002710857938	50
10.5614786390699	1.07713966675998	50
10.5278554971494	1.11409149910639	50
10.494383889368	1.15087672448203	50
10.4610691224829	1.18748951187866	50
10.4279164559513	1.22392408230659	50
10.3949311002096	1.26017471068475	50
10.3621182149519	1.29623572773092	50
10.329482907409	1.33210152185186	50
10.2970302306277	1.36776654103347	50
10.2647651817492	1.4032252947309	50
10.2326927002882	1.43847235575878	50
10.2008176664119	1.47350236218134	50
10.1691448992188	1.50831001920254	50
10.1376791550178	1.54289010105626	50
10.1064251256067	1.57723745289645	50
10.0753874365515	1.61134699268727	50
10.0445706454651	1.64521371309327	50
10.0139792402863	1.67883268336951	50
9.98361763755863	1.71219905125173	50
9.95349018070942	1.74530804484654	50
9.92360113832848	1.77815497452153	50
9.89395470244717	1.81073523479542	50
9.86455498681724	1.84304430622827	50
9.83540602518977	1.87507775731156	50
9.80651176959403	1.90683124635843	50
9.77787608861644	1.93830052339377	50
9.74950276567947	1.96948143204437	50
9.72139549732051	2.00036991142915	50
9.69355789147082	2.03096199804923	50
9.6659934657344	2.06125382767813	50
9.63870564566693	2.09124163725193	50
9.61169776305466	2.12092176675939	50
9.58497305419331	2.15029066113214	50
9.55853465816702	2.17934487213482	50
9.53238561512718	2.20808106025523	50
9.50652886457143	2.2364959965945	50
9.48096724362249	2.26458656475724	50
9.4557034853071	2.29234976274167	50
9.43074021683494	2.31978270482983	50
9.40607995787752	2.34688262347767	50
9.38172511884708	2.37364687120527	50
9.35767799917551	2.40007292248693	50
9.33394078559327	2.42615837564139	50
9.31051555040826	2.45190095472192	50
9.28740424978478	2.47729851140655	50
9.26460872202238	2.50234902688813	50
9.24213068583479	2.52705061376458	50
9.21997173862886	2.55140151792899	50
9.19813335478344	2.5754001204598	50
9.17661688392826	2.59904493951091	50
9.15542354922289	2.62233463220191	50
9.1345544456356	2.64526799650817	50
9.1140105382223	2.66784397315103	50
9.09379266040546	2.69006164748793	50
9.07390151225294	2.71192025140259	50
9.05433765875701	2.73341916519517	50
9.03510152811316	2.75455791947237	50
9.01619340999907	2.77533619703766	50
8.99761345385349	2.79575383478139	50
8.97936166715513	2.81581082557095	50
8.96143791370162	2.83550732014094	50
8.94384191188836	2.8548436289833	50
8.92657323298791	2.87382022423702	50
8.90963129964085	2.89243774134539	50
8.8930153862155	2.91069697866023	50
8.87672462139149	2.92859889460309	50
8.86075799112979	2.94614460440178	50
8.84511434164556	2.96333537682393	50
8.82979238238105	2.9801726309104	50
8.8147906889785	2.99665793270875	50
8.80010770625297	3.01279299200675	50
8.78574175116528	3.02857965906578	50
8.77169101579487	3.04401992135432	50
8.75795357031268	3.05911590028145	50
8.74452736595403	3.07386984793024	50
8.73141023799154	3.08828414379128	50
8.71859990870795	3.10236129149611	50
8.70609399036907	3.1161039155507	50
8.69388998819661	3.12951475806888	50
8.68198530334111	3.14259667550587	50
8.67037723585479	3.15535263539168	50
8.65906298766445	3.1677857130646	50
8.64803966554434	3.17989908840466	50
8.63730428408904	3.19169604256712	50
8.6268537686864	3.20317995471586	50
8.61668495849034	3.21435429875694	50
8.60679460939379	3.22522264007201	50
8.59717939700155	3.23578863225176	50
8.58783591960319	3.24605601382941	50
8.57876070114592	3.25602860501421	50
8.56995019420747	3.2657103044248	50
8.561400782969	3.27510508582278	50
8.55310878618796	3.28421699484612	50
8.54507046017096	3.29305014574263	50
8.53728200174671	3.30160871810344	50
8.52973955123884	3.30989695359645	50
8.52243919543882	3.31791915269978	50
8.51537697057883	3.32567967143527	50
8.50854886530467	3.33318291810193	50
8.4955787480022	3.34743547021132	50
8.48349591393924	3.36071299683488	50
8.47226686240573	3.37305231315582	50
8.46185761670603	3.38449075720458	50
8.45223381929122	3.39506608532956	50
8.44336082689131	3.40481636766807	50
8.43520380564761	3.41377988361708	50
8.42772782624494	3.42199501730416	50
8.42089795904394	3.42950015305824	50
8.41178846676272	3.43951029381648	50
8.40393772717245	3.44813722392064	50
8.39522973266064	3.45770615777104	50
8.38828982361171	3.4653321946682	50
8.38064116049786	3.47373705328357	50
8.37383395414144	3.48121726031285	50
8.36692332917132	3.48881110981683	50
8.35980000495816	3.49663718594298	50
8.35267222831822	3.50445515877478	50
8.34493249776974	3.51292051661535	50
8.33654168510467	3.52206733653367	50
8.32835324071316	3.53096265574498	50
8.32125171038813	3.53865300788689	50
8.31325458360848	3.54728699954211	50
8.30429558379346	3.55692745684808	50
8.29430779793918	3.56763637912695	50
8.28704449476967	3.57539933917145	50
8.279274045659	3.58368187346502	50
8.2709764553104	3.59250126929532	50
8.26213175868958	3.60187440782792	50
8.25272005221995	3.61181771554615	50
8.24272152497771	3.62234711569105	50
8.23211648988707	3.63347797970122	50
8.2208854149153	3.64522507865269	50
8.20900895426797	3.65760253469887	50
8.19646797958402	3.67062377251038	50
8.18324361113098	3.68430147071497	50
8.16931724900006	3.69864751333737	50
8.16208509202512	3.7060746483384	50
8.15467060430132	3.71367294123925	50
8.14707155343206	3.72144363243651	50
8.13928573035882	3.72938790355903	50
8.131310950336	3.7375068759505	50
8.12314505390577	3.74580160915183	50
8.1147859078729	3.75427309938378	50
8.10623140627965	3.76292227802932	50
8.09747947138058	3.77175001011625	50
8.0885280546174	3.78075709279962	50
8.07937513759386	3.78994425384424	50
8.07001873305054	3.79931215010719	50
8.06045688583974	3.80886136602032	50
8.05068767390031	3.81859241207272	50
8.04070920923251	3.82850572329325	50
8.03051963887285	3.83860165773301	50
8.02011714586893	3.84888049494787	50
8.0094999502543	3.85934243448089	50
7.99866631002334	3.86998759434493	50
7.98761452210602	3.88081600950506	50
7.97634292334283	3.89182763036106	50
7.96484989145963	3.90302232122999	50
7.95313384604242	3.91439985882859	50
7.94119324951227	3.92595993075585	50
7.92902660810014	3.93770213397546	50
7.91663247282169	3.94962597329836	50
7.9040094404522	3.96173085986515	50
7.89115615450138	3.97401610962867	50
7.87807130618819	3.98648094183648	50
7.86475363541575	3.9991244775133	50
7.85120193174615	4.01194573794358	50
7.83741503537529	4.02494364315396	50
7.82339183810776	4.03811701039576	50
7.80913128433168	4.05146455262749	50
7.7946323719935	4.06498487699736	50
7.77989415357294	4.07867648332573	50
7.76491573705775	4.09253776258768	50
7.74969628691861	4.10656699539542	50
7.73423502508396	4.12076235048085	50
7.71853123191488	4.13512188317804	50
7.70258424717963	4.14964353390633	50
7.68639347095429	4.16432512685546	50
7.66995836393543	4.17916437027334	50
7.65327844711024	4.19415885850613	50
7.63635330132563	4.20930607431352	50
7.61918256685683	4.22460339118567	50
7.60176594297588	4.24004807566008	50
7.58410318752023	4.25563728963855	50
7.56619411646127	4.27136809270403	50
7.54803860347288	4.28723744443754	50
7.52963657949999	4.30324220673508	50
7.51098803232712	4.31937914612454	50
7.49209300614696	4.33564493608259	50
7.47295160112887	4.3520361593516	50
7.45356397298749	4.36854931025652	50
7.43393033255125	4.38518079702181	50
7.41405094533093	4.40192694408833	50
7.39392613108822	4.41878399443027	50
7.37355626340429	4.435748111872	50
7.35294176924827	4.45281538340501	50
7.33208312854588	4.46998182150485	50
7.31098087374797	4.48724336644795	50
7.28963558939902	4.5045958886286	50
7.26804791170573	4.5220351908758	50
7.24621852810557	4.53955701077021	50
7.22414817683535	4.55715702296103	50
7.2018376464997	4.57483084148289	50
7.17928777563971	4.5925740220728	50
7.15649945230143	4.61038206448701	50
7.13347361360442	4.62825041481791	50
7.11021124531033	4.64617446781101	50
7.08671338139144	4.66414956918172	50
7.06298110359917	4.68217101793239	50
7.03901554103271	4.70023406866909	50
7.01481786970751	4.71833393391862	50
6.99038931212386	4.73646578644534	50
6.96573113683542	4.7546247615681	50
6.94084465801778	4.77280595947715	50
6.91573123503705	4.79100444755106	50
6.89039227201832	4.80921526267355	50
6.86482921741431	4.82743341355052	50
6.83904356357388	4.84565388302683	50
6.81303684631055	4.86387163040326	50
6.78681064447111	4.88208159375344	50
6.76036657950413	4.90027869224071	50
6.73370631502853	4.91845782843503	50
6.70683155640211	4.9366138906299	50
6.67974405029014	4.95474175515927	50
6.65244558423388	4.97283628871441	50
6.62493798621914	4.99089235066088	50
6.59722312424483	5.00890479535533	50
6.5693029058915	5.02686847446252	50
6.54117927788994	5.04477823927214	50
6.51285422568966	5.06262894301576	50
6.48432977302749	5.0804154431837	50
6.45560798149612	5.09813260384198	50
6.42669095011265	5.11577529794917	50
6.39758081488713	5.13333840967334	50
6.36827974839115	5.15081683670895	50
6.33878995932633	5.16820549259372	50
6.30911369209293	5.18549930902561	50
6.27925322635836	5.20269323817963	50
6.24921087662576	5.21978225502484	50
6.21898899180254	5.23676135964118	50
6.18858995476892	5.2536255795364	50
6.15801618194649	5.27036997196299	50
6.12727012286679	5.28698962623504	50
6.09635425973979	5.30347966604517	50
6.06527110702254	5.31983525178142	50
6.03402321098763	5.3360515828442	50
6.00261314929179	5.3521238999631	50
5.97104353054442	5.36804748751391	50
5.93931699387617	5.38381767583544	50
5.90743620850747	5.39942984354644	50
5.87540387331708	5.41487941986254	50
5.84322271641063	5.43016188691312	50
5.81089549468921	5.4452727820582	50
5.7784249934179	5.46020770020542	50
5.74581402579431	5.47496229612685	50
5.71306543251713	5.48953228677595	50
5.68018208135471	5.50391345360446	50
5.6471668667136	5.51810164487932	50
5.61402270920708	5.53209277799954	50
5.58075255522374	5.54588284181314	50
5.547359376496	5.55946789893402	50
5.51384616966869	5.57284408805891	50
5.4802159558676	5.58600762628422	50
5.44647178026801	5.59895481142298	50
5.41261671166326	5.61168202432176	50
5.37865384203329	5.6241857311775	50
5.34458628611321	5.63646248585453	50
5.31041718096182	5.64850893220136	50
5.2761496855302	5.66032180636764	50
5.24178698023021	5.67189793912108	50
5.2073322665031	5.68323425816431	50
5.17278876638803	5.69432779045182	50
5.13815972209061	5.70517566450684	50
5.10344839555149	5.71577511273826	50
5.06865806801485	5.72612347375754	50
5.03379203959703	5.73621819469558	50
4.99885362885503	5.74605683351967	50
4.96384617235504	5.75563706135037	50
4.92877302424107	5.7649566647784	50
4.89363755580342	5.77401354818158	50
4.85844315504729	5.78280573604171	50
4.82319322626129	5.79133137526147	50
4.78789118958601	5.79958873748135	50
4.75254048058258	5.80757622139652	50
4.71714454980121	5.81529235507377	50
4.68170686234973	5.82273579826839	50
4.64623089746217	5.82990534474109	50
4.6107201480673	5.83679992457487	50
4.57517812035714	5.84341860649199	50
4.53960833335515	5.84976060016535	50
4.50401431844669	5.85582525806843	50
4.46839961873003	5.86161207512048	50
4.43276778823907	5.86712068675638	50
4.39712239115431	5.8723508668523	50
4.36146700101384	5.87730252565119	50
4.32580519992425	5.88197570768825	50
4.29014057777165	5.88637058971647	50
4.25447673143257	5.89048747863215	50
4.21881726398499	5.89432680940035	50
4.18316578391923	5.89788914298045	50
4.14752590434899	5.9011751642516	50
4.11190124222223	5.90418567993831	50
4.07629541753222	5.90692161653584	50
4.04071205252841	5.90938401823579	50
4.00515477092747	5.91157404485159	50
3.96962719712421	5.91349296974398	50
3.93413295540256	5.91514217774653	50
3.89867566914652	5.91652316309115	50
3.86325896005113	5.91763752733356	50
3.82788644733342	5.91848697727886	50
3.79256174694341	5.91907332290697	50
3.75728847077501	5.91939847529819	50
3.72207022587703	5.91946444455863	50
3.68691061366415	5.91927333774579	50
3.65181322912782	5.91882735679404	50
3.61678166004731	5.91812879644011	50
3.58181948620059	5.9171800421486	50
3.54693027857534	5.91598356803748	50
3.5121175985799	5.91454193480363	50
3.47738499725425	5.91285778764831	50
3.44273601448091	5.91093385420264	50
3.40817417819601	5.90877294245319	50
3.37370300360013	5.90637793866738	50
3.33932599236935	5.90375180531906	50
3.30504663186619	5.90089757901401	50
3.27086839435055	5.89781836841539	50
3.2367947361907	5.8945173521693	50
3.20282909707422	5.89099777683026	50
3.16897489921899	5.88726295478671	50
3.13523554658412	5.88331626218653	50
3.10161442408092	5.87916113686256	50
3.06811489678389	5.87480107625803	50
3.03474030914166	5.87023963535217	50
3.00149398418793	5.86548042458565	50
2.96837922275249	5.86052710778607	50
2.93539930267213	5.8553834000935	50
2.90255747800162	5.85005306588601	50
2.86985697822468	5.8445399167051	50
2.83730100746493	5.83884780918125	50
2.80489274369686	5.83298064295945	50
2.77263533795678	5.82694235862463	50
2.74053191355382	5.82073693562724	50
2.70858556528084	5.81436839020871	50
2.67679935862542	5.80784077332698	50
2.64517632898083	5.80115816858197	50
2.61371948085696	5.79432469014113	50
2.58243178709133	5.78734448066491	50
2.55131618806001	5.78022170923227	50
2.52037559088859	5.7729605692662	50
2.48961286866319	5.76556527645922	50
2.45903085964132	5.75804006669886	50
2.42863236646296	5.75038919399321	50
2.39842015536144	5.74261692839637	50
2.36839695537443	5.73472755393401	50
2.33856545755491	5.72672536652883	50
2.30892831418213	5.7186146719261	50
2.27948813797254	5.71039978361913	50
2.25024750129081	5.7020850207748	50
2.22120893536073	5.69367470615905	50
2.19237492947623	5.68517316406239	50
2.1637479302123	5.67658471822543	50
2.13533034063596	5.66791368976432	50
2.10712451951726	5.65916439509633	50
2.07913278054018	5.65034114386531	50
2.05135739151364	5.64144823686718	50
2.02380057358244	5.63248996397548	50
1.99646450043823	5.62347060206687	50
1.96935129753048	5.61439441294657	50
1.94246304127741	5.60526564127396	50
1.915801758277	5.59608851248801	50
1.88936942451793	5.58686723073281	50
1.8631679645905	5.5776059767831	50
1.83719925089769	5.56830890596973	50
1.81146510286601	5.55898014610517	50
1.78596728615655	5.54962379540907	50
1.76070751187591	5.54024392043369	50
1.73568743578714	5.53084455398946	50
1.71090865752073	5.52142969307045	50
1.68637271978559	5.5120032967799	50
1.66208110757995	5.5025692842557	50
1.63803524740238	5.49313153259591	50
1.61423650646275	5.48369387478426	50
1.59068619189313	5.47426009761568	50
1.56738554995884	5.46483393962174	50
1.54433576526934	5.45541908899623	50
1.52153795998924	5.44601918152061	50
1.49899319304924	5.43663779848955	50
1.47670245935708	5.42727846463639	50
1.45466668900855	5.41794464605872	50
1.43288674649839	5.4086397481438	50
1.4113634299313	5.39936711349412	50
1.39009747023287	5.39013001985287	50
1.36908953036057	5.38093167802949	50
1.3483402045147	5.37177522982512	50
1.32785001734935	5.36266374595816	50
1.30761942318336	5.35360022398971	50
1.28764880521128	5.34458758624913	50
1.26793847471435	5.33562867775955	50
1.24848867027146	5.32672626416329	50
1.22929955697008	5.31788302964748	50
1.21037122561725	5.30910157486948	50
1.19170369195055	5.30038441488242	50
1.17329689585932	5.2917339770775	50
1.15515070095653	5.28315259970077	50
1.1372648952005	5.27464253208922	50
1.11963919200291	5.26620593570384	50
1.10227323136102	5.25784488520191	50
1.08516658098978	5.24956136950948	50
1.06831873745404	5.24135729289375	50
1.05172912730068	5.23323447603545	50
1.03539710819078	5.22519465710122	50
1.01932197003177	5.21723949281605	50
1.00350293610963	5.20937055953568	50
0.987939164221015	5.20158935431892	50
0.972629747805416	5.19389729600016	50
0.957573717077344	5.18629572626165	50
0.942770040158482	5.17878591070602	50
0.928217624209839	5.17136903992856	50
0.913915316563926	5.1640462305897	50
0.899861905856903	5.15681852648737	50
0.886056123160751	5.1496868996294	50
0.87249664311543	5.14265225130593	50
0.859182085061041	5.13571541316179	50
0.846111014169987	5.12887714826891	50
0.833281942579137	5.12213815219872	50
0.820693330521984	5.11549905409453	50
0.80834358746081	5.10896041774393	50
0.796231073218846	5.10252274265123	50
0.784354099112435	5.09618646510977	50
0.772710929083192	5.08995195927442	50
0.761299780830167	5.08381953823389	50
0.750118826942004	5.07778945508317	50
0.73916619602911	5.07186190399593	50
0.728439973855807	5.0660370212969	50
0.7179382044725	5.06031488653429	50
0.707658891347837	5.05469552355213	50
0.69759999850087	5.04917890156277	50
0.687759451633219	5.04376493621916	50
0.67813513926123	5.03845349068733	50
0.66872491384814	5.03324437671875	50
0.659526592936238	5.02813735572275	50
0.650537960279024	5.0231321398389	50
0.641756766973375	5.01822839300939	50
0.62480754631412	5.00872372772985	50
0.608660329623124	4.99961974822571	50
0.593296065517383	4.99091214031422	50
0.578695288795412	4.982595921605	50
0.56483815666642	4.97466547581682	50
0.551704484979484	4.96711458709417	50
0.539273784452723	4.95993647432412	50
0.527525296902473	4.95312382545289	50
0.516438031472459	4.94666883180269	50
0.50599080086297	4.94056322238831	50
0.496162257560034	4.9347982982339	50
0.486930930064592	4.92936496668968	50
0.478275259121671	4.92425377574856	50
0.466323829984702	4.91716953524302	50
0.455546037532262	4.91075385676569	50
0.445869116721294	4.90497134128636	50
0.437220775295398	4.89978563917038	50
0.427166150926799	4.89373566002831	50
0.41673717398514	4.88743713003333	50
0.406945289560771	4.88150338417788	50
0.397667890079795	4.87586706231884	50
0.3887960368702	4.87047080284215	50
