-27.8877596390278	4.8676995905616	50
-27.896315440253	4.86242117370517	50
-27.9048042371513	4.85703566107092	50
-27.9132246892434	4.85154390309371	50
-27.9215754668423	4.84594676698581	50
-27.9298552512632	4.84024513659988	50
-27.9380627350324	4.83443991228946	50
-27.9461966220929	4.82853201076676	50
-27.9542556280097	4.82252236495792	50
-27.9622384801724	4.81641192385568	50
-27.9701439179961	4.81020165236951	50
-27.9779706931204	4.8038925311733	50
-27.9857175696069	4.7974855565504	50
-27.9933833241339	4.79098174023638	50
-28.00096674619	4.78438210925923	50
-28.0084666382649	4.7776877057772	50
-28.0158818160387	4.77089958691418	50
-28.0232111085689	4.76401882459285	50
-28.0304533584752	4.75704650536533	50
-28.0376074221223	4.74998373024167	50
-28.0446721698008	4.74283161451591	50
-28.0516464859051	4.73559128759006	50
-28.0585292691098	4.72826389279566	50
-28.0653194325436	4.72085058721329	50
-28.072015903961	4.71335254148984	50
-28.0786176259116	4.70577093965365	50
-28.0851235559069	4.69810697892754	50
-28.0915326665852	4.69036186953975	50
-28.0978439458736	4.68253683453284	50
-28.1040563971479	4.67463310957055	50
-28.1101690393901	4.66665194274266	50
-28.116180907343	4.65859459436795	50
-28.1220910516632	4.65046233679513	50
-28.1278985390701	4.64225645420193	50
-28.1336024524943	4.63397824239235	50
-28.1392018912218	4.625629008592	50
-28.1446959710362	4.61721007124167	50
-28.1500838243586	4.60872275978918	50
-28.1553646003845	4.60016841447938	50
-28.1605374652182	4.59154838614257	50
-28.1656016020044	4.58286403598115	50
-28.1705562110571	4.57411673535468	50
-28.1754005099862	4.56530786556333	50
-28.1801337338207	4.55643881762976	50
-28.1847551351297	4.54751099207946	50
-28.1892639841403	4.53852579871956	50
-28.1936595688531	4.52948465641626	50
-28.1979411951541	4.52038899287074	50
-28.2021081869251	4.5112402443937	50
-28.2061598861497	4.50203985567861	50
-28.2100956530176	4.49278927957348	50
-28.2139148660256	4.48348997685151	50
-28.2176169220758	4.47414341598041	50
-28.2212012365704	4.4647510728905	50
-28.2246672435048	4.45531443074161	50
-28.2280143955563	4.44583497968895	50
-28.2312421641707	4.43631421664772	50
-28.2343500396459	4.42675364505677	50
-28.2373375312125	4.41715477464118	50
-28.2402041671108	4.40751912117388	50
-28.2429494946658	4.39784820623624	50
-28.2455730803584	4.38814355697784	50
-28.2480745098942	4.3784067058753	50
-28.2504533882683	4.36863919049027	50
-28.2527093398282	4.35884255322668	50
-28.2548420083332	4.3490183410871	50
-28.25685105701	4.33916810542852	50
-28.2587361686066	4.32929340171734	50
-28.2604970454421	4.31939578928375	50
-28.2621334094536	4.30947683107548	50
-28.2636450022401	4.29953809341102	50
-28.2650315851038	4.28958114573226	50
-28.2662929390871	4.27960756035667	50
-28.2674288650076	4.269618912229	50
-28.2684391834894	4.25961677867256	50
-28.2693237349915	4.24960273914021	50
-28.270082379833	4.23957837496487	50
-28.270714998215	4.22954526910985	50
-28.2712214902398	4.21950500591887	50
-28.2716017759264	4.20945917086588	50
-28.2718557952234	4.19940935030468	50
-28.271983508018	4.18935713121846	50
-28.2719848941431	4.17930410096912	50
-28.2718599533796	4.1692518470467	50
-28.2716087054572	4.1592019568186	50
-28.2712311900509	4.14915601727899	50
-28.2707274667747	4.1391156147982	50
-28.2700976151723	4.12908233487216	50
-28.2693417347047	4.11905776187207	50
-28.268459944734	4.10904347879423	50
-28.2674523845053	4.09904106701003	50
-28.2663192131238	4.08905210601623	50
-28.2650606095306	4.07907817318558	50
-28.2636767724736	4.06912084351768	50
-28.2621679204769	4.05918168939032	50
-28.2605342918056	4.04926228031116	50
-28.2587761444287	4.03936418266988	50
-28.2568937559779	4.02948895949084	50
-28.2548874237044	4.01963817018625	50
-28.252757464431	4.00981337030995	50
-28.2505042145033	4.00001611131172	50
-28.2481280297353	3.99024794029234	50
-28.2456292853543	3.98051039975924	50
-28.243008375941	3.97080502738295	50
-28.2402657153672	3.96113335575429	50
-28.237401736731	3.95149691214232	50
-28.2344168922878	3.94189721825319	50
-28.231311653379	3.93233578998986	50
-28.228086510358	3.92281413721268	50
-28.2247419725121	3.91333376350101	50
-28.2212785679827	3.90389616591576	50
-28.2176968436815	3.89450283476299	50
-28.2139973652043	3.88515525335858	50
-28.2101807167416	3.87585489779399	50
-28.2062475009865	3.86660323670318	50
-28.2021983390393	3.85740173103069	50
-28.1980338703097	3.84825183380093	50
-28.1937547524155	3.83915498988874	50
-28.189361661079	3.83011263579123	50
-28.1848552900203	3.82112619940093	50
-28.1802363508477	3.81219709978032	50
-28.1755055729451	3.80332674693774	50
-28.1706637033573	3.79451654160474	50
-28.1657115066715	3.78576787501486	50
-28.1606497648971	3.77708212868399	50
-28.1554792773417	3.76846067419215	50
-28.1502008604852	3.75990487296695	50
-28.144815347851	3.75141607606859	50
-28.1393235898738	3.7429956239765	50
-28.1337264537659	3.73464484637767	50
-28.1280248233799	3.72636506195671	50
-28.1222195990695	3.71815757818755	50
-28.1163116975468	3.71002369112702	50
-28.110302051738	3.70196468521018	50
-28.1041916106357	3.69398183304749	50
-28.0979813391496	3.68607639522384	50
-28.0916722179534	3.67824962009951	50
-28.0852652433305	3.67050274361303	50
-28.0787614270164	3.66283698908599	50
-28.0721617960393	3.65525356702989	50
-28.0654673925573	3.647753674955	50
-28.0586792736942	3.6403384971812	50
-28.0517985113729	3.63300920465104	50
-28.0448261921454	3.62576695474476	50
-28.0377634170217	3.61861289109758	50
-28.030611301296	3.61154814341909	50
-28.0233709743701	3.60457382731483	50
-28.0160435795757	3.59769104411017	50
-28.0086302739934	3.59090088067637	50
-28.0011322282699	3.58420440925894	50
-27.9935506264337	3.57760268730836	50
-27.9858866657076	3.57109675731303	50
-27.9781415563198	3.56468764663475	50
-27.9703165213129	3.55837636734636	50
-27.9624127963506	3.55216391607204	50
-27.9544316295227	3.54605127382986	50
-27.946374281148	3.5400394058769	50
-27.9382420235752	3.53412926155678	50
-27.930036140982	3.52832177414981	50
-27.9217579291724	3.52261786072558	50
-27.9134086953721	3.51701842199814	50
-27.9049897580217	3.51152434218378	50
-27.8965024465692	3.50613648886138	50
-27.8879481012594	3.50085571283544	50
-27.8793280729226	3.49568284800171	50
-27.8706437227612	3.49061871121553	50
-27.8618964221347	3.48566410216278	50
-27.8530875523434	3.48081980323368	50
-27.8442185044098	3.47608657939919	50
-27.8352906788595	3.47146517809021	50
-27.8263054854996	3.46695632907959	50
-27.8172643431963	3.46256074436685	50
-27.8081686796508	3.45827911806578	50
-27.7990199311738	3.4541121262948	50
-27.7898195424587	3.45006042707022	50
-27.7805689663535	3.44612466020231	50
-27.7712696636316	3.44230544719429	50
-27.7619231027605	3.43860339114417	50
-27.7525307596706	3.43501907664951	50
-27.7430941175217	3.43155306971511	50
-27.733614666469	3.42820591766367	50
-27.7240939034278	3.42497814904928	50
-27.7145333318368	3.42187027357402	50
-27.7049344614212	3.41888278200747	50
-27.6952988079539	3.41601614610917	50
-27.6856278930163	3.41327081855416	50
-27.6759232437579	3.41064723286149	50
-27.6661863926554	3.40814580332575	50
-27.6564188772703	3.40576692495166	50
-27.6466222400067	3.4035109733917	50
-27.6367980278672	3.40137830488677	50
-27.6269477922086	3.39936925620995	50
-27.6170730884974	3.39748414461331	50
-27.6071754760638	3.39572326777783	50
-27.5972565178555	3.39408690376637	50
-27.5873177801911	3.39257531097979	50
-27.5773608325123	3.39118872811609	50
-27.5673872471367	3.3899273741328	50
-27.5573985990091	3.38879144821233	50
-27.5473964654526	3.38778112973054	50
-27.5373824259203	3.38689657822844	50
-27.5273580617449	3.38613793338697	50
-27.5173249558899	3.38550531500494	50
-27.5072846926989	3.38499882298012	50
-27.4972388576459	3.38461853729349	50
-27.4871890370848	3.38436451799654	50
-27.4771368179985	3.38423680520189	50
-27.4670837877492	3.38423541907686	50
-27.4570315338268	3.38436035984033	50
-27.4469816435987	3.38461160776271	50
-27.4369357040591	3.38498912316904	50
-27.4268953015783	3.38549284644526	50
-27.4168620216522	3.38612269804763	50
-27.4068374486521	3.38687857851527	50
-27.3968231655743	3.3877603684859	50
-27.3868207537901	3.38876792871467	50
-27.3768317927963	3.38990110009612	50
-27.3668578599656	3.39115970368936	50
-27.3569005302977	3.3925435407463	50
-27.3469613761704	3.39405239274303	50
-27.3370419670912	3.39568602141431	50
-27.3271438694499	3.39744416879125	50
-27.3172686462709	3.39932655724199	50
-27.305137064357	3.40174011831474	50
-27.2951911837357	3.40369953114862	50
-27.2852397737177	3.40563994701422	50
-27.275282834303	3.40756136591154	50
-27.2653203654915	3.40946378784058	50
-27.2553523672833	3.41134721280133	50
-27.2453788396783	3.41321164079379	50
-27.2353997826766	3.41505707181798	50
-27.2254151962781	3.41688350587388	50
-27.2154250804829	3.4186909429615	50
-27.2054294352909	3.42047938308083	50
-27.1954282607022	3.42224882623189	50
-27.1854215567168	3.42399927241465	50
-27.1754093233346	3.42573072162914	50
-27.1653915605557	3.42744317387534	50
-27.15536826838	3.42913662915326	50
-27.1453394468076	3.4308110874629	50
-27.1353050958384	3.43246654880425	50
-27.1252652154725	3.43410301317732	50
-27.1152198057098	3.4357204805821	50
-27.1051688665504	3.4373189510186	50
-27.0951123979943	3.43889842448682	50
-27.0850504000414	3.44045890098676	50
-27.0749828726918	3.44200038051841	50
-27.0649098159454	3.44352286308178	50
-27.0548312298023	3.44502634867687	50
-27.0447471142624	3.44651083730367	50
-27.0346574693258	3.44797632896219	50
-27.0245622949924	3.44942282365243	50
-27.0144615912623	3.45085032137438	50
-27.0043553581355	3.45225882212805	50
-26.9942435956119	3.45364832591344	50
-26.9841263036915	3.45501883273054	50
-26.9740034823745	3.45637034257936	50
-26.9638751316606	3.4577028554599	50
-26.9537412515501	3.45901637137215	50
-26.9436018420428	3.46031089031612	50
-26.9334569031387	3.46158641229181	50
-26.9233064348379	3.46284293729921	50
-26.9131504371404	3.46408046533833	50
-26.9029889100461	3.46529899640917	50
-26.892821853555	3.46649853051173	50
-26.8826492676673	3.467679067646	50
-26.8724711523827	3.46884060781199	50
-26.8622875077015	3.46998315100969	50
-26.8520983336234	3.47110669723911	50
-26.8419036301487	3.47221124650025	50
-26.8317033972772	3.4732967987931	50
-26.8214976350089	3.47436335411768	50
-26.8112863433439	3.47541091247396	50
-26.8010695222822	3.47643947386197	50
-26.7908471718237	3.47744903828169	50
-26.7806192919685	3.47843960573313	50
-26.7703858827165	3.47941117621629	50
-26.7601469440678	3.48036374973116	50
-26.7499024760224	3.48129732627775	50
-26.7396524785802	3.48221190585605	50
-26.7293969517412	3.48310748846607	50
-26.7191358955055	3.48398407410781	50
-26.7088693098731	3.48484166278127	50
-26.6985971948439	3.48568025448644	50
-26.688319550418	3.48649984922333	50
-26.6780363765953	3.48730044699194	50
-26.6677476733759	3.48808204779226	50
-26.6574534407597	3.4888446516243	50
-26.6471536787468	3.48958825848806	50
-26.6368483873372	3.49031286838353	50
-26.6265375665308	3.49101848131072	50
-26.6162212163277	3.49170509726963	50
-26.6058993367278	3.49237271626025	50
-26.5955719277312	3.49302133828259	50
-26.5852389893378	3.49365096333665	50
-26.5749005215477	3.49426159142242	50
-26.5645565243608	3.49485322253991	50
-26.5542069977772	3.49542585668912	50
-26.5438519417969	3.49597949387004	50
-26.5334913564198	3.49651413408268	50
-26.5231252416459	3.49702977732704	50
-26.5127535974753	3.49752642360312	50
-26.502376423908	3.49800407291091	50
-26.4919937209439	3.49846272525041	50
-26.4816054885831	3.49890238062164	50
-26.4712117268256	3.49932303902458	50
-26.4608124356713	3.49972470045924	50
-26.4504076151202	3.50010736492561	50
-26.4399972651724	3.5004710324237	50
-26.4295813858279	3.50081570295351	50
-26.4191599770866	3.50114137651504	50
-26.4087330389486	3.50144805310828	50
-26.3983005714138	3.50173573273324	50
-26.3878625744823	3.50200441538991	50
-26.377419048154	3.50225410107831	50
-26.366969992429	3.50248478979841	50
-26.3565154073073	3.50269648155024	50
-26.3460552927888	3.50288917633378	50
-26.3355896488735	3.50306287414904	50
-26.3251184755616	3.50321757499602	50
-26.3146417728528	3.50335327887471	50
-26.3041595407474	3.50346998578512	50
-26.2936717792451	3.50356769572725	50
-26.2831784883462	3.50364640870109	50
-26.2726796680505	3.50370612470665	50
-26.262175318358	3.50374684374393	50
-26.2516654392688	3.50376856581292	50
-26.2411500307829	3.50377129091363	50
-26.2306290929002	3.50375501904606	50
-26.2201026256208	3.5037197502102	50
-26.2095706289446	3.50366548440606	50
-26.1990331028717	3.50359222163364	50
-26.188490047402	3.50349996189293	50
-26.1779414625356	3.50338870518394	50
-26.1673873482725	3.50325845150667	50
-26.1568277046126	3.50310920086111	50
-26.1462625315559	3.50294095324727	50
-26.1356918291026	3.50275370866515	50
-26.1251155972524	3.50254746711474	50
-26.1145338360056	3.50232222859605	50
-26.1039465453619	3.50207799310909	50
-26.0933537253216	3.50181476065383	50
-26.0827553758845	3.50153253123029	50
-26.0721514970506	3.50123130483847	50
-26.06154208882	3.50091108147836	50
-26.0509271511927	3.50057186114997	50
-26.0403066841686	3.5002136438533	50
-26.0296806877478	3.49983642958835	50
-26.0190491619302	3.49944021835511	50
-26.0084121067159	3.49902501015359	50
-25.9977695221048	3.49859080498378	50
-25.987121408097	3.49813760284569	50
-25.9764677646925	3.49766540373933	50
-25.9658085918912	3.49717420766467	50
-25.9551438896931	3.49666401462173	50
-25.9444736580983	3.49613482461051	50
-25.9337978971068	3.49558663763101	50
-25.9231166067185	3.49501945368322	50
-25.9124297869335	3.49443327276715	50
-25.9017374377518	3.4938280948828	50
-25.8910395591733	3.49320392003016	50
-25.880336151198	3.49256074820924	50
-25.869627213826	3.49189857942004	50
-25.8589127470573	3.49121741366255	50
-25.8481927508918	3.49051725093678	50
-25.8374672253296	3.48979809124272	50
-25.8267361703706	3.48905993458039	50
-25.8159995860149	3.48830278094977	50
-25.8052574722624	3.48752663035086	50
-25.7945098291132	3.48673148278368	50
-25.7837566565672	3.48591733824821	50
-25.7729979546245	3.48508419674446	50
-25.7622337232851	3.48423205827242	50
-25.7514639625489	3.4833609228321	50
-25.740688672416	3.4824707904235	50
-25.7299078528863	3.48156166104661	50
-25.7191215039599	3.48063353470144	50
-25.7083296256367	3.47968641138799	50
-25.6975322179168	3.47872029110626	50
-25.6867292808002	3.47773517385624	50
-25.6759208142868	3.47673105963794	50
-25.6651068183766	3.47570794845135	50
-25.6542872930697	3.47466584029648	50
-25.6434622383661	3.47360473517333	50
-25.6326316542657	3.4725246330819	50
-25.6217955407686	3.47142553402218	50
-25.6109538978748	3.47030743799418	50
-25.6001067255841	3.46917034499789	50
-25.5892540238968	3.46801425503332	50
-25.5783957928127	3.46683916810047	50
-25.5675320323319	3.46564508419934	50
-25.5566627424543	3.46443200332992	50
-25.5457879231799	3.46319992549222	50
-25.5349075745089	3.46194885068624	50
-25.524021696441	3.46067877891197	50
-25.5131302889765	3.45938971016942	50
-25.5022333521152	3.45808164445858	50
-25.4913308858571	3.45675458177947	50
-25.4804228902023	3.45540852213207	50
-25.4695093651508	3.45404346551638	50
-25.4585903107025	3.45265941193242	50
-25.4476657268575	3.45125636138017	50
-25.4367356136157	3.44983431385963	50
-25.4257999709772	3.44839326937082	50
-25.4148587989419	3.44693322791371	50
-25.4039120975099	3.44545418948833	50
-25.3929598666811	3.44395615409467	50
-25.3820021064556	3.44243912173272	50
-25.3710388168334	3.44090309240248	50
-25.3600699978144	3.43934806610397	50
-25.3490956493987	3.43777404283717	50
-25.3381157715862	3.43618102260208	50
-25.327130364377	3.43456900539872	50
-25.316139427771	3.43293799122707	50
-25.3051429617683	3.43128798008714	50
-25.2941409663688	3.42961897197892	50
-25.2831334415726	3.42793096690242	50
-25.2721203873797	3.42622396485764	50
-25.26110180379	3.42449796584458	50
-25.2500776908036	3.42275296986323	50
-25.2390480484204	3.4209889769136	50
-25.2280128766405	3.41920598699568	50
-25.2169721754638	3.41740400010948	50
-25.2059259448904	3.415583016255	50
-25.1948741849202	3.41374303543224	50
-25.1838168955533	3.41188405764119	50
-25.1727540767897	3.41000608288186	50
-25.1616857286293	3.40810911115424	50
-25.1506118510722	3.40619314245835	50
-25.1395324441183	3.40425817679417	50
-25.1284475077677	3.4023042141617	50
-25.1173570420203	3.40033125456095	50
-25.1062610468762	3.39833929799192	50
-25.0951595223354	3.39632834445461	50
-25.0840524683978	3.39429839394901	50
-25.0729398850634	3.39224944647513	50
-25.0618217723323	3.39018150203297	50
-25.0506981302045	3.38809456062252	50
-25.0395689586799	3.38598862224379	50
-25.0284342577586	3.38386368689678	50
-25.0172940274405	3.38171975458148	50
-25.0061482677257	3.3795568252979	50
-24.9949969786142	3.37737489904604	50
-24.9838401601058	3.37517397582589	50
-24.9726778122008	3.37295405563746	50
-24.961509934899	3.37071513848075	50
-24.9503365282005	3.36845722435575	50
-24.9391575921052	3.36618031326247	50
-24.9279731266132	3.36388440520091	50
-24.9167831317244	3.36156950017107	50
-24.9055876074389	3.35923559817294	50
-24.8943865537566	3.35688269920652	50
-24.8831799706776	3.35451080327183	50
-24.8719678582019	3.35211991036885	50
-24.8607502163294	3.34971002049759	50
-24.8495270450602	3.34728113365804	50
-24.8382983443942	3.34483324985021	50
-24.8270641143315	3.3423663690741	50
-24.815824354872	3.33988049132971	50
-24.8045790660158	3.33737561661703	50
-24.7933282477628	3.33485174493607	50
-24.7820719001131	3.33230887628682	50
-24.7708100230667	3.32974701066929	50
-24.7595426166235	3.32716614808348	50
-24.7482696807836	3.32456628852939	50
-24.7369912155469	3.32194743200701	50
-24.7257072209135	3.31930957851635	50
-24.7144176968833	3.31665272805741	50
-24.7031226434564	3.31397688063018	50
-24.6918220606327	3.31128203623467	50
-24.6805159484123	3.30856819487088	50
-24.6692043067952	3.3058353565388	50
-24.6578871357813	3.30308352123844	50
-24.6465644353706	3.30031268896979	50
-24.6352362055633	3.29752285973287	50
-24.6239024463591	3.29471403352766	50
-24.6125631577583	3.29188621035416	50
-24.6012183397607	3.28903939021239	50
-24.5898679923663	3.28617357310233	50
-24.5785121155752	3.28328875902398	50
-24.5671507093874	3.28038494797736	50
-24.5557837738028	3.27746213996245	50
-24.5444113088214	3.27452033497925	50
-24.5330333144433	3.27155953302778	50
-24.5216497906685	3.26857973410802	50
-24.5102607374969	3.26558093821998	50
-24.4988661549286	3.26256314536365	50
-24.4874660429636	3.25952635553904	50
-24.4760604016018	3.25647056874615	50
-24.4646492308432	3.25339578498497	50
-24.4532325306879	3.25030200425552	50
-24.4418103011359	3.24718922655777	50
-24.4303825421871	3.24405745189175	50
-24.4189492538416	3.24090668025744	50
-24.4075104360993	3.23773691165485	50
-24.3960660889603	3.23454814608397	50
-24.3846162124246	3.23134038354481	50
-24.373160806492	3.22811362403737	50
-24.3616998711628	3.22486786756165	50
-24.3502334064368	3.22160311411764	50
-24.3387614123141	3.21831936370535	50
-24.3272838887946	3.21501661632477	50
-24.3158008358784	3.21169487197592	50
-24.3043122535654	3.20835413065877	50
-24.2928181418557	3.20499439237335	50
-24.2813185007492	3.20161565711964	50
-24.269813330246	3.19821792489765	50
-24.2583026303461	3.19480119570738	50
-24.2467864010494	3.19136546954882	50
-24.2352646423559	3.18791074642198	50
-24.2237373542658	3.18443702632686	50
-24.2122045367788	3.18094430926345	50
-24.2006661898952	3.17743259523176	50
-24.1891223136147	3.17390188423179	50
-24.1775729079376	3.17035217626353	50
-24.1660179728637	3.16678347132699	50
-24.154457508393	3.16319576942217	50
-24.1428915145256	3.15958907054906	50
-24.1313199912615	3.15596337470767	50
-24.1197429386006	3.152318681898	50
-24.108160356543	3.14865499212004	50
-24.0965722450886	3.1449723053738	50
-24.0849786042375	3.14127062165928	50
-24.0733794339896	3.13754994097647	50
-24.061774734345	3.13381026332539	50
-24.0501645053037	3.13005158870601	50
-24.0385487468656	3.12627391711836	50
-24.0269274590308	3.12247724856242	50
-24.0153006417992	3.1186615830382	50
-24.0036682951708	3.11482692054569	50
-23.9920304191458	3.1109732610849	50
-23.980387013724	3.10710060465583	50
-23.9687380789054	3.10320895125848	50
-23.9570836146901	3.09929830089284	50
-23.945423621078	3.09536865355892	50
-23.9337580980692	3.09142000925671	50
-23.9220870456637	3.08745236798622	50
-23.9104104638614	3.08346572974745	50
-23.8987283526624	3.0794600945404	50
-23.8870407120666	3.07543546236506	50
-23.8753475420741	3.07139183322144	50
-23.8636488426848	3.06732920710954	50
-23.8519446138988	3.06324758402935	50
-23.8402348557161	3.05914696398088	50
-23.8285195681366	3.05502734696412	50
-23.8167987511604	3.05088873297909	50
-23.8050724047874	3.04673112202576	50
-23.7933405290176	3.04255451410416	50
-23.7816031238512	3.03835890921427	50
-23.769860189288	3.0341443073561	50
-23.758111725328	3.02991070852965	50
-23.7463577319713	3.02565811273491	50
-23.7345982092178	3.02138651997189	50
-23.7228331570676	3.01709593024059	50
-23.7110625755207	3.012786343541	50
-23.699286464577	3.00845775987314	50
-23.6875048242366	3.00411017923698	50
-23.6757176544994	2.99974360163255	50
-23.6639249553655	2.99535802705983	50
-23.6521267268348	2.99095345551882	50
-23.6403229689074	2.98652988700954	50
-23.6285136815833	2.98208732153197	50
-23.6166988648624	2.97762575908612	50
-23.6048785187447	2.97314519967198	50
-23.5930526432304	2.96864564328956	50
-23.5812212383192	2.96412708993886	50
-23.5693843040114	2.95958953961987	50
-23.5575418403067	2.95503299233261	50
-23.5456938472054	2.95045744807706	50
-23.5338403247073	2.94586290685322	50
-23.5219812728124	2.9412493686611	50
-23.5101166915208	2.9366168335007	50
-23.4982465808325	2.93196530137202	50
-23.4863709407474	2.92729477227505	50
-23.4744897712656	2.9226052462098	50
-23.462603072387	2.91789672317626	50
-23.4507108441117	2.91316920317444	50
-23.4388130864396	2.90842268620434	50
-23.4269097993708	2.90365717226596	50
-23.4150009829052	2.89887266135929	50
-23.403086637043	2.89406915348434	50
-23.3911667617839	2.88924664864111	50
-23.3792413571281	2.88440514682959	50
-23.3673104230756	2.87954464804979	50
-23.3553739596263	2.8746651523017	50
-23.3434319667803	2.86976665958534	50
-23.3314844445375	2.86484916990069	50
-23.319531392898	2.85991268324775	50
-23.3075728118618	2.85495719962654	50
-23.2956087014288	2.84998271903704	50
-23.283639061599	2.84498924147925	50
-23.2716638923725	2.83997676695319	50
-23.2596831937493	2.83494529545884	50
-23.2476969657293	2.82989482699621	50
-23.2357052083126	2.82482536156529	50
-23.2237079214992	2.81973689916609	50
-23.2117051052889	2.81462943979861	50
-23.199696759682	2.80950298346284	50
-23.1876828846783	2.80435753015879	50
-23.1756634802779	2.79919307988646	50
-23.1636385464807	2.79400963264584	50
-23.1516080832867	2.78880718843694	50
-23.1395720906961	2.78358574725976	50
-23.1275305687086	2.7783453091143	50
-23.1154835173245	2.77308587400055	50
-23.1034309365436	2.76780744191852	50
-23.0913728263659	2.7625100128682	50
-23.0793091867915	2.7571935868496	50
-23.0672400178204	2.75185816386272	50
-23.0551653194525	2.74650374390756	50
-23.0430850916879	2.74113032698411	50
-23.0309993345265	2.73573791309238	50
-23.0189080479684	2.73032650223236	50
-23.0068112320135	2.72489609440407	50
-22.9947088866619	2.71944668960748	50
-22.9826010119135	2.71397828784262	50
-22.9704876077684	2.70849088910947	50
-22.9583686742266	2.70298449340804	50
-22.946244211288	2.69745910073833	50
-22.9341142189527	2.69191471110033	50
-22.9219786972206	2.68635132449405	50
-22.9098376460918	2.68076894091949	50
-22.8976910655662	2.67516756037664	50
-22.8855389556439	2.66954718286551	50
-22.8733813163248	2.66390780838609	50
-22.861218147609	2.6582494369384	50
-22.8490494494965	2.65257206852242	50
-22.8368752219872	2.64687570313815	50
-22.8246954650812	2.64116034078561	50
-22.8125101787784	2.63542598146478	50
-22.8003193630789	2.62967262517567	50
-22.7881230179826	2.62390027191827	50
-22.7759211434896	2.61810892169259	50
-22.7637137395998	2.61229857449863	50
-22.7515008063133	2.60646923033638	50
-22.7392823436301	2.60062088920585	50
-22.7270583515501	2.59475355110704	50
-22.7148288300734	2.58886721603994	50
-22.7025937791999	2.58296188400457	50
-22.6903531989297	2.5770375550009	50
-22.6781070892627	2.57109422902896	50
-22.665855450199	2.56513190608873	50
-22.6535982817385	2.55915058618022	50
-22.6413355838814	2.55315026930342	50
-22.6290673566274	2.54713095545834	50
-22.6167935999767	2.54109264464498	50
-22.6045143139293	2.53503533686334	50
-22.5922294984851	2.52895903211341	50
-22.5799391536442	2.5228637303952	50
-22.5676432794065	2.5167494317087	50
-22.5553418757721	2.51061613605393	50
-22.5430349427409	2.50446384343086	50
-22.530722480313	2.49829255383952	50
-22.5184044884884	2.49210226727989	50
-22.506080967267	2.48589298375198	50
-22.4937519166489	2.47966470325579	50
-22.481417336634	2.47341742579131	50
-22.4690772272224	2.46715115135855	50
-22.456731588414	2.46086587995751	50
-22.4443804202089	2.45456161158818	50
-22.432023722607	2.44823834625057	50
-22.4196614956084	2.44189608394468	50
-22.4072937392131	2.4355348246705	50
-22.394920453421	2.42915456842804	50
-22.3825416382322	2.4227553152173	50
-22.3701572936466	2.41633706503827	50
-22.3577674196643	2.40989981789096	50
-22.3453720162852	2.40344357377537	50
-22.3329710835094	2.39696833269149	50
-22.3205646213368	2.39047409463933	50
-22.3081526297675	2.38396085961889	50
-22.2957351088015	2.37742862763016	50
-22.2833120584387	2.37087739867315	50
-22.2708834786792	2.36430717274786	50
-22.2584493695229	2.35771794985428	50
-22.2460097309699	2.35110972999243	50
-22.2335645630201	2.34448251316229	50
-22.2211138656736	2.33783629936386	50
-22.2086576389303	2.33117108859715	50
-22.1961958827903	2.32448688086216	50
-22.1837285972536	2.31778367615888	50
-22.1712557823201	2.31106147448733	50
-22.1587774379898	2.30432027584748	50
-22.1462935642629	2.29756008023936	50
-22.1338041611391	2.29078088766295	50
-22.1213092286187	2.28398269811826	50
-22.1088087667015	2.27716551160528	50
-22.0963027753875	2.27032932812402	50
-22.0837912546768	2.26347414767449	50
-22.0712742045693	2.25659997025666	50
-22.0587516250652	2.24970679587055	50
-22.0462235161642	2.24279462451616	50
-22.0336898778665	2.23586345619349	50
-22.0211507101721	2.22891329090253	50
-22.0086060130809	2.22194412864329	50
-21.996055786593	2.21495596941577	50
-21.9835000307084	2.20794881321996	50
-21.970938745427	2.20092266005587	50
-21.9583719307488	2.1938775099235	50
-21.9457995866739	2.18681336282284	50
-21.9332217132023	2.1797302187539	50
-21.9206383103339	2.17262807771668	50
-21.9080493780688	2.16550693971117	50
-21.8954549164069	2.15836680473738	50
-21.8828549253483	2.15120767279531	50
-21.8702494048929	2.14402954388495	50
-21.8576383550408	2.13683241800631	50
-21.845021775792	2.12961629515939	50
-21.8323996671464	2.12238117534418	50
-21.8197720291041	2.11512705856069	50
-21.807138861665	2.10785394480892	50
-21.7945001648292	2.10056183408886	50
-21.7818559385966	2.09325072640053	50
-21.7692061829673	2.0859206217439	50
-21.7565508979412	2.078571520119	50
-21.7438900835184	2.07120342152581	50
-21.7312237396989	2.06381632596434	50
-21.7185518664826	2.05641023343458	50
-21.7058744638695	2.04898514393654	50
-21.6931915318597	2.04154105747022	50
-21.6805030704532	2.03407797403562	50
-21.6678090796499	2.02659589363273	50
-21.6551095594499	2.01909481626156	50
-21.6424045098532	2.0115747419221	50
-21.6296939308597	2.00403567061437	50
-21.6169778224694	1.99647760233834	50
-21.6042561846824	1.98890053709404	50
-21.5915290174987	1.98130447488145	50
-21.5787963209182	1.97368941570058	50
-21.566058094941	1.96605535955143	50
-21.553314339567	1.95840230643399	50
-21.5405650547963	1.95073025634827	50
-21.5278102406288	1.94303920929427	50
-21.5150498970646	1.93532916527198	50
-21.5022840241037	1.92760012428141	50
-21.489512621746	1.91985208632256	50
-21.4767356899915	1.91208505139542	50
-21.4639532288404	1.9042990195	50
-21.4511652382924	1.89649399063629	50
-21.4383717183478	1.88866996480431	50
-21.4255726690063	1.88082694200404	50
-21.4127680902682	1.87296492223549	50
-21.3999579821333	1.86508390549865	50
-21.3871423446016	1.85718389179353	50
-21.3743211776732	1.84926488112013	50
-21.3614944813481	1.84132687347844	50
-21.3486622556262	1.83336986886847	50
-21.3358245005076	1.82539386729022	50
-21.3229812159922	1.81739886874368	50
-21.3101324020801	1.80938487322887	50
-21.2972780587712	1.80135188074576	50
-21.2844181860656	1.79329989129438	50
-21.2715527839633	1.78522890487471	50
-21.2586818524642	1.77713892148676	50
-21.2458053915683	1.76902994113052	50
-21.2329234012758	1.760901963806	50
-21.2200358815864	1.7527549895132	50
-21.2071428325004	1.74458901825212	50
-21.1942442540175	1.73640405002275	50
-21.181340146138	1.7282000848251	50
-21.1684305088617	1.71997712265916	50
-21.1555153421886	1.71173516352494	50
-21.1425946461188	1.70347420742244	50
-21.1296684206523	1.69519425435166	50
-21.116736665789	1.68689530431259	50
-21.103799381529	1.67857735730524	50
-21.0908565678722	1.67024041332961	50
-21.0779082248187	1.66188447238569	50
-21.0649543523684	1.65350953447349	50
-21.0519949505214	1.645115599593	50
-21.0390300192777	1.63670266774424	50
-21.0260595586372	1.62827073892719	50
-21.0130835685999	1.61981981314185	50
-21.0001020491659	1.61134989038824	50
-20.9871150003352	1.60286097066634	50
-20.9741224221077	1.59435305397615	50
-20.9611243144835	1.58582614031769	50
-20.9481206774626	1.57728022969094	50
-20.9351115110448	1.5687153220959	50
-20.9220968152304	1.56013141753259	50
-20.9090765900192	1.55152851600099	50
-20.8960508354113	1.5429066175011	50
-20.8830195514066	1.53426572203294	50
-20.8699827380051	1.52560582959649	50
-20.856940395207	1.51692694019176	50
-20.8438925230121	1.50822905381874	50
-20.8308391214204	1.49951217047744	50
-20.817780190432	1.49077629016786	50
-20.8047157300468	1.48202141288999	50
-20.7916457402649	1.47324753864385	50
-20.7785702210863	1.46445466742941	50
-20.7654891725109	1.4556427992467	50
-20.7524025945388	1.4468119340957	50
-20.7393104871699	1.43796207197642	50
-20.7262128504043	1.42909321288885	50
-20.7131096842419	1.42020535683301	50
-20.7000009886828	1.41129850380887	50
-20.686886763727	1.40237265381646	50
-20.6737670093744	1.39342780685576	50
-20.660641725625	1.38446396292678	50
-20.6475109124789	1.37548112202952	50
-20.6343745699361	1.36647928416397	50
-20.6212326979965	1.35745844933014	50
-20.6080852966602	1.34841861752802	50
-20.5949323659271	1.33935978875763	50
-20.5817739057973	1.33028196301895	50
-20.5686099162708	1.32118514031198	50
-20.5554403973475	1.31206932063673	50
-20.5422653490274	1.3029345039932	50
-20.5290847713107	1.29378069038139	50
-20.5158986641971	1.28460787980129	50
-20.5027070276868	1.27541607225291	50
-20.4895098617798	1.26620526773625	50
-20.4763071664761	1.2569754662513	50
-20.4630989417756	1.24772666779807	50
-20.4498851876783	1.23845887237656	50
-20.4366659041843	1.22917207998676	50
-20.4234410912936	1.21986629062868	50
-20.4102107490061	1.21054150430232	50
-20.3969748773218	1.20119772100768	50
-20.3837334762409	1.19183494074475	50
-20.3704865457631	1.18245316351353	50
-20.3572340858887	1.17305238931404	50
-20.3439760966175	1.16363261814626	50
-20.3307125779495	1.1541938500102	50
-20.3174435298848	1.14473608490585	50
-20.3041689524234	1.13525932283322	50
-20.2908888455652	1.12576356379231	50
-20.2776032093103	1.11624880778312	50
-20.2643120436586	1.10671505480564	50
-20.2510153486102	1.09716230485987	50
-20.237713124165	1.08759055794583	50
-20.2244053703231	1.0779998140635	50
-20.2110920870844	1.06839007321289	50
-20.197773274449	1.058761335394	50
-20.1844489324169	1.04911360060682	50
-20.171119060988	1.03944686885136	50
-20.1577836601624	1.02976114012761	50
-20.14444272994	1.02005641443558	50
-20.1310962703209	1.01033269177527	50
-20.117744281305	1.00058997214668	50
-20.1043867628924	0.990828255549802	50
-20.091023715083	0.981047541984641	50
-20.0776551378769	0.971247831451197	50
-20.0642810312741	0.961429123949471	50
-20.0509013952745	0.951591419479459	50
-20.0375162298782	0.941734718041166	50
-20.0241255350851	0.931859019634589	50
-20.0107293108953	0.921964324259729	50
-19.9973275573087	0.912050631916586	50
-19.9839202743254	0.902117942605159	50
-19.9705074619453	0.892166256325449	50
-19.9570891201685	0.882195573077456	50
-19.943665248995	0.87220589286118	50
-19.9302358484247	0.862197215676621	50
-19.9168009184577	0.852169541523776	50
-19.9033604590939	0.842122870402652	50
-19.8899144703334	0.832057202313242	50
-19.8764629521761	0.82197253725555	50
-19.8630059046221	0.811868875229574	50
-19.8495433276713	0.801746216235314	50
-19.8360752213238	0.791604560272773	50
-19.8226015855796	0.781443907341946	50
-19.8091224204386	0.771264257442839	50
-19.7956377259009	0.761065610575446	50
-19.7821475019664	0.750847966739771	50
-19.7686517486352	0.740611325935812	50
-19.7551504659072	0.73035568816357	50
-19.7416436537825	0.720081053423046	50
-19.728131312261	0.709787421714239	50
-19.7146134413428	0.699474793037146	50
-19.7010900410279	0.689143167391771	50
-19.6875611113162	0.678792544778113	50
-19.6740266522077	0.668422925196172	50
-19.6604866637026	0.658034308645948	50
-19.6469411458006	0.647626695127439	50
-19.633390098502	0.637200084640648	50
-19.6198335218066	0.626754477185575	50
-19.6062714157144	0.616289872762218	50
-19.5927037802255	0.605806271370576	50
-19.5791306153399	0.595303673010652	50
-19.5655519210575	0.584782077682445	50
-19.5519676973783	0.574241485385956	50
-19.5383779443025	0.563681896121181	50
-19.5247826618298	0.553103309888125	50
-19.5111818499605	0.542505726686784	50
-19.4975755086943	0.53188914651716	50
-19.4839636380315	0.521253569379254	50
-19.4703462379719	0.510598995273064	50
-19.4567233085155	0.499925424198591	50
-19.4430948496624	0.489232856155834	50
-19.4294608614126	0.478521291144796	50
-19.415821343766	0.467790729165473	50
-19.4021762967227	0.457041170217866	50
-19.3885257202826	0.446272614301976	50
-19.3748696144458	0.435485061417805	50
-19.3612079792123	0.424678511565349	50
-19.347540814582	0.41385296474461	50
-19.3338681205549	0.403008420955587	50
-19.3201898971311	0.392144880198281	50
-19.3065061443106	0.381262342472693	50
-19.2928168620933	0.370360807778821	50
-19.2791220504793	0.359440276116666	50
-19.2654217094685	0.348500747486228	50
-19.251715839061	0.337542221887504	50
-19.2380044392567	0.326564699320501	50
-19.2242875100557	0.315568179785212	50
-19.210565051458	0.304552663281641	50
-19.1968370634635	0.293518149809787	50
-19.1831035460723	0.282464639369647	50
-19.1693644992843	0.271392131961226	50
-19.1556199230996	0.260300627584523	50
-19.1418698175181	0.249190126239535	50
-19.1281141825399	0.238060627926263	50
-19.1143530181649	0.226912132644709	50
-19.1005863243932	0.215744640394872	50
-19.0868141012248	0.20455815117675	50
-19.0730363486596	0.193352664990348	50
-19.0592530666976	0.18212818183566	50
-19.0454642553389	0.170884701712688	50
-19.0316699145835	0.159622224621435	50
-19.0178700444314	0.148340750561899	50
-19.0040646448824	0.137040279534079	50
-18.9902537159368	0.125720811537975	50
-18.9764372575944	0.114382346573588	50
-18.9626152698552	0.103024884640919	50
-18.9487877527193	0.0916484257399657	50
-18.9349547061867	0.0802529698707297	50
-18.9211161302573	0.0688385170332109	50
-18.9072720249312	0.057405067227406	50
-18.8934223902083	0.0459526204533205	50
-18.8795672260887	0.0344811767109512	50
-18.8657065325723	0.0229907360002994	50
-18.8518403096592	0.0114812983213635	50
-18.8379685573494	-4.71363258567337e-05	50
-18.8240912756428	-0.0115945679413585	50
-18.8102084645395	-0.0231609965251445	50
-18.7963201240394	-0.0347464220772125	50
-18.7824262541425	-0.0463508445975647	50
-18.768526854849	-0.0579742640862011	50
-18.7546219261587	-0.0696166805431191	50
-18.7407114680716	-0.0812780939683209	50
-18.7267954805878	-0.0929585043618055	50
-18.7128739637072	-0.104657911723575	50
-18.69894691743	-0.116376316053626	50
-18.6850143417559	-0.12811371735196	50
-18.6710762366851	-0.139870115618578	50
-18.6571326022176	-0.151645510853479	50
-18.6431834383533	-0.163439903056665	50
-18.6292287450923	-0.175253292228132	50
-18.6152685224346	-0.187085678367883	50
-18.60130277038	-0.198937061475917	50
-18.5873314889288	-0.210807441552234	50
-18.5733546780808	-0.222696818596836	50
-18.5593723378361	-0.23460519260972	50
-18.5453844681946	-0.246532563590887	50
-18.5313910691564	-0.258478931540337	50
-18.5173921407214	-0.27044429645807	50
-18.5033876828897	-0.282428658344088	50
-18.4893776956612	-0.294432017198388	50
-18.475362179036	-0.306454373020971	50
-18.461341133014	-0.318495725811838	50
-18.4473145575953	-0.330556075570987	50
-18.4332824527799	-0.342635422298422	50
-18.4192448185677	-0.354733765994138	50
-18.4052016549588	-0.366851106658137	50
-18.3911529619531	-0.37898744429042	50
-18.3770987395507	-0.391142778890986	50
-18.3630389877515	-0.403317110459836	50
-18.3489737065556	-0.415510438996969	50
-18.334902895963	-0.427722764502384	50
-18.3208265559736	-0.439954086976083	50
-18.3067446865875	-0.452204406418065	50
-18.2926572878046	-0.464473722828332	50
-18.2785643596249	-0.47676203620688	50
-18.2644659020486	-0.489069346553712	50
-18.2503619150754	-0.501395653868827	50
-18.2362523987056	-0.513740958152225	50
-18.222137352939	-0.526105259403909	50
-18.2080167777756	-0.538488557623873	50
-18.1938906732155	-0.550890852812122	50
-18.1797590392587	-0.563312144968653	50
-18.1656218759051	-0.575752434093467	50
-18.1514791831548	-0.588211720186566	50
-18.1373309610077	-0.600690003247947	50
-18.1231772094639	-0.613187283277612	50
-18.1090179285233	-0.625703560275559	50
-18.094853118186	-0.63823883424179	50
-18.080682778452	-0.650793105176305	50
-18.0665069093212	-0.663366373079102	50
-18.0523255107936	-0.675958637950183	50
-18.0381385828693	-0.688569899789547	50
-18.0239461255483	-0.701200158597194	50
-18.0097481388305	-0.713849414373125	50
-17.995544622716	-0.726517667117338	50
-17.9813355772048	-0.739204916829835	50
-17.9671210022967	-0.751911163510615	50
-17.952900897992	-0.764636407159678	50
-17.9386752642905	-0.777380647777026	50
-17.9244441011923	-0.790143885362656	50
-17.9102074086973	-0.802926119916569	50
-17.8959651868055	-0.815727351438765	50
-17.8817174355171	-0.828547579929244	50
-17.8674641548318	-0.841386805388009	50
-17.8532053447499	-0.854245027815054	50
-17.8389410052712	-0.867122247210384	50
-17.8246711363957	-0.880018463573996	50
-17.8103957381235	-0.892933676905893	50
-17.7961148104546	-0.905867887206071	50
-17.7818283533889	-0.918821094474534	50
-17.7675363669265	-0.931793298711279	50
-17.7532388510673	-0.944784499916307	50
-17.7389358058114	-0.957794698089621	50
-17.7246272311587	-0.970823893231216	50
-17.7103131271093	-0.983872085341094	50
-17.6959934936631	-0.996939274419256	50
-17.6816683308202	-1.0100254604657	50
-17.6673376385806	-1.02313064348043	50
-17.6530014169442	-1.03625482346344	50
-17.6386596659111	-1.04939800041474	50
-17.6243123854812	-1.06256017433431	50
-17.6099595756546	-1.07574134522217	50
-17.5956012364312	-1.08894151307832	50
-17.5812373678111	-1.10216067790275	50
-17.5668679697943	-1.11539883969546	50
-17.5524930423807	-1.12865599845645	50
-17.5381125855703	-1.14193215418573	50
-17.5237265993632	-1.15522730688329	50
-17.5093350837594	-1.16854145654914	50
-17.4949380387588	-1.18187460318326	50
-17.4805354643615	-1.19522674678567	50
-17.4661273605674	-1.20859788735637	50
-17.4517137273766	-1.22198802489534	50
-17.4372945647891	-1.2353971594026	50
-17.4228698728048	-1.24882529087815	50
-17.4084396514237	-1.26227241932197	50
-17.3940039006459	-1.27573854473408	50
-17.3795626204714	-1.28922366711448	50
-17.3651158109001	-1.30272778646315	50
-17.3506634719321	-1.31625090278011	50
-17.3362056035673	-1.32979301606536	50
-17.3217422058058	-1.34335412631888	50
-17.3072732786476	-1.35693423354069	50
-17.2927988220926	-1.37053333773079	50
-17.2783188361408	-1.38415143888916	50
-17.2638333207924	-1.39778853701582	50
-17.2493422760471	-1.41144463211076	50
-17.2348457019051	-1.42511972417399	50
-17.2203435983664	-1.4388138132055	50
-17.2058359654309	-1.45252689920529	50
-17.1913228030987	-1.46625898217336	50
-17.1768041113698	-1.48001006210972	50
-17.1622798902441	-1.49378013901437	50
-17.1477501397216	-1.50756921288729	50
-17.1332148598025	-1.5213772837285	50
-17.1186740504865	-1.53520435153799	50
-17.1041277117738	-1.54905041631576	50
-17.0895758436644	-1.56291547806182	50
-17.0750184461582	-1.57679953677616	50
-17.0604555192553	-1.59070259245879	50
-17.0458870629557	-1.6046246451097	50
-17.0313130772593	-1.61856569472889	50
-17.0167335621661	-1.63252574131636	50
-17.0021485176763	-1.64650478487212	50
-16.9875579437896	-1.66050282539616	50
-16.9729618405062	-1.67451986288848	50
-16.9583602078261	-1.68855589734909	50
-16.9437530457492	-1.70261092877798	50
-16.9291403542756	-1.71668495717516	50
-16.9145221334053	-1.73077798254061	50
-16.8998983831382	-1.74489000487435	50
-16.8852691034743	-1.75902102417638	50
-16.8706342944137	-1.77317104044668	50
-16.8559939559564	-1.78734005368527	50
-16.8413480881023	-1.80152806389215	50
-16.8266966908515	-1.8157350710673	50
-16.8120397642039	-1.82996107521074	50
-16.7973773081596	-1.84420607632247	50
-16.7827093227186	-1.85847007440247	50
-16.7680358078808	-1.87275306945076	50
-16.7533567636462	-1.88705506146733	50
-16.7386721900149	-1.90137605045219	50
-16.7239820869869	-1.91571603640533	50
-16.7092864545621	-1.93007501932675	50
-16.6945852927406	-1.94445299921646	50
-16.6798786015223	-1.95884997607445	50
-16.6651663809073	-1.97326594990072	50
-16.6504486308956	-1.98770092069527	50
-16.6357253514871	-2.00215488845811	50
-16.6209965426818	-2.01662785318923	50
-16.6062622044798	-2.03111981488864	50
-16.5915223368811	-2.04563077355633	50
-16.5767769398856	-2.0601607291923	50
-16.5620260134934	-2.07470968179655	50
-16.5472695577044	-2.08927763136909	50
-16.5325075725187	-2.10386457790991	50
-16.5177400579362	-2.11847052141902	50
-16.502967013957	-2.13309546189641	50
-16.4881884405811	-2.14773939934208	50
-16.4734043378084	-2.16240233375603	50
-16.458614705639	-2.17708426513827	50
-16.4438195440728	-2.19178519348879	50
-16.4290188531099	-2.20650511880759	50
-16.4142126327502	-2.22124404109468	50
-16.3994008829938	-2.23600196035005	50
-16.3845836038406	-2.25077887657371	50
-16.3697607952907	-2.26557478976564	50
-16.3549324573441	-2.28038969992586	50
-16.3400985900007	-2.29522360705437	50
-16.3252591932605	-2.31007651115115	50
-16.3104142671237	-2.32494841221622	50
-16.29556381159	-2.33983931024958	50
-16.2807078266597	-2.35474920525121	50
-16.2658463123326	-2.36967809722113	50
-16.2509792686087	-2.38462598615934	50
-16.2361066954881	-2.39959287206582	50
-16.2212285929707	-2.41457875494059	50
-16.2063449610567	-2.42958363478365	50
-16.1914557997458	-2.44460751159498	50
-16.1765611090382	-2.4596503853746	50
-16.1616608889339	-2.4747122561225	50
-16.1467551394328	-2.48979312383869	50
-16.131843860535	-2.50489298852316	50
-16.1169270522405	-2.52001185017591	50
-16.1020047145492	-2.53514970879694	50
-16.0870768474611	-2.55030656438626	50
-16.0721434509763	-2.56548241694387	50
-16.0572045250948	-2.58067726646975	50
-16.0422600698165	-2.59589111296392	50
-16.0273100851415	-2.61112395642637	50
-16.0123545710697	-2.62637579685711	50
-15.9973935276012	-2.64164663425612	50
-15.9824269547359	-2.65693646862343	50
-15.9674548524739	-2.67224529995901	50
-15.9524772208152	-2.68757312826288	50
-15.9374940597597	-2.70291995353503	50
-15.9225053693074	-2.71828577577546	50
-15.9075111494585	-2.73367059498418	50
-15.8925114002127	-2.74907441116118	50
-15.8775061215703	-2.76449722430647	50
-15.862495313531	-2.77993903442003	50
-15.8474789760951	-2.79539984150188	50
-15.8324571092624	-2.81087964555202	50
-15.8174297130329	-2.82637844657043	50
-15.8023967874067	-2.84189624455713	50
-15.7873583323838	-2.85743303951212	50
-15.7723143479641	-2.87298883143539	50
-15.7572648341477	-2.88856362032694	50
-15.7422097909345	-2.90415740618677	50
-15.7271492183246	-2.91977018901488	50
-15.7120831163179	-2.93540196881129	50
-15.6970114849145	-2.95105274557597	50
-15.6819343241144	-2.96672251930893	50
-15.6668516339175	-2.98241129001018	50
-15.6517634143239	-2.99811905767972	50
-15.6366696653335	-3.01384582231753	50
-15.6215703869463	-3.02959158392363	50
-15.6064655791625	-3.04535634249801	50
-15.5913552419819	-3.06114009804068	50
-15.5762393754045	-3.07694285055163	50
-15.5611179794304	-3.09276460003086	50
-15.5459910540595	-3.10860534647838	50
-15.5308585992919	-3.12446508989418	50
-15.5157206151276	-3.14034383027826	50
-15.5005771015665	-3.15624156763062	50
-15.4854280586087	-3.17215830195127	50
-15.4702734862541	-3.1880940332402	50
-15.4551133845028	-3.20404876149742	50
-15.4399477533547	-3.22002248672292	50
-15.4247765928099	-3.2360152089167	50
-15.4095999028684	-3.25202692807876	50
-15.3944176835301	-3.26805764420911	50
-15.3792299347951	-3.28410735730774	50
-15.3640366566633	-3.30017606737465	50
-15.3488378491347	-3.31626377440985	50
-15.3336335122095	-3.33237047841333	50
-15.3184236458875	-3.3484961793851	50
-15.3032082501687	-3.36464087732515	50
-15.2879873250532	-3.38080457223348	50
-15.2727608705409	-3.39698726411009	50
-15.2575288866319	-3.41318895295499	50
-15.2422913733262	-3.42940963876817	50
-15.2270483306237	-3.44564932154963	50
-15.2117997585245	-3.46190800129938	50
-15.1965456570285	-3.47818567801741	50
-15.1812860261358	-3.49448235170372	50
-15.1660208658463	-3.51079802235832	50
-15.1507501761601	-3.5271326899812	50
-15.1354739570772	-3.54348635457236	50
-15.1201922085975	-3.55985901613181	50
-15.104904930721	-3.57625067465954	50
-15.0896121234478	-3.59266133015555	50
-15.0743137867779	-3.60909098261984	50
-15.0590099207112	-3.62553963205242	50
-15.0437005252478	-3.64200727845329	50
-15.0283856003877	-3.65849392182243	50
-15.0130651461308	-3.67499956215986	50
-14.9977391624771	-3.69152419946557	50
-14.9824076494267	-3.70806783373957	50
-14.9670706069796	-3.72463046498185	50
-14.9517280351357	-3.74121209319241	50
-14.9363799338951	-3.75781271837126	50
-14.9210263032577	-3.77443234051838	50
-14.9056671432236	-3.79107095963379	50
-14.8903024537927	-3.80772857571749	50
-14.8749322349651	-3.82440518876947	50
-14.8595564867407	-3.84110079878973	50
-14.8441752091196	-3.85781540577827	50
-14.8287884021018	-3.8745490097351	50
-14.8133960656872	-3.89130161066021	50
-14.7979981998759	-3.90807320855361	50
-14.7825948046678	-3.92486380341529	50
-14.767185880063	-3.94167339524525	50
-14.7517714260614	-3.95850198404349	50
-14.7363514426631	-3.97534956981002	50
-14.7209259298681	-3.99221615254483	50
-14.7054948876763	-4.00910173224792	50
-14.6900583160877	-4.0260063089193	50
-14.6746162151024	-4.04292988255896	50
-14.6591685847204	-4.0598724531669	50
-14.6437154249416	-4.07683402074313	50
-14.6282567357661	-4.09381458528764	50
-14.6205663079103	-4.10210696764811	50
-14.6127209477717	-4.11025292432078	50
-14.6047234427694	-4.11824956108601	50
-14.5965766343787	-4.12609403677686	50
-14.5882834171221	-4.13378356428845	50
-14.57984673754	-4.14131541156827	50
-14.5712695931446	-4.14868690258686	50
-14.5625550313543	-4.15589541828855	50
-14.5537061484116	-4.16293839752203	50
-14.5447260882823	-4.16981333795033	50
-14.5356180415392	-4.17651779693985	50
-14.5263852442278	-4.18304939242822	50
-14.517030976717	-4.18940580377068	50
-14.5075585625336	-4.19558477256453	50
-14.4979713671812	-4.2015841034516	50
-14.4882727969447	-4.20740166489818	50
-14.4784662976798	-4.21303538995238	50
-14.4685553535892	-4.21848327697854	50
-14.458543485984	-4.22374339036831	50
-14.4484342520331	-4.22881386122847	50
-14.4382312434992	-4.23369288804487	50
-14.4279380854627	-4.2383787373225	50
-14.4175584350336	-4.24286974420142	50
-14.4070959800522	-4.24716431304829	50
-14.396554437779	-4.25126091802324	50
-14.3859375535739	-4.25515810362202	50
-14.3752490995651	-4.25885448519315	50
-14.3644928733095	-4.26234874942986	50
-14.353672696443	-4.2656396548367	50
-14.3427924133231	-4.26872603217066	50
-14.3318558896625	-4.27160678485656	50
-14.3208670111558	-4.27428088937668	50
-14.3098296820995	-4.27674739563444	50
-14.2987478240039	-4.27900542729189	50
-14.2876253742004	-4.28105418208115	50
-14.2764662844425	-4.28289293208938	50
-14.2652745195017	-4.28452102401748	50
-14.2540540557586	-4.28593787941212	50
-14.2428088797908	-4.28714299487133	50
-14.2315429869556	-4.28813594222334	50
-14.2202603799712	-4.28891636867867	50
-14.208965067494	-4.28948399695551	50
-14.1976610626949	-4.28983862537826	50
-14.1863523818328	-4.2899801279491	50
-14.1750430428283	-4.28990845439287	50
-14.1637370638357	-4.28962363017482	50
-14.1524384618154	-4.28912575649165	50
-14.1411512511069	-4.28841501023551	50
-14.1298794420025	-4.28749164393115	50
-14.1186270393223	-4.28635598564623	50
-14.1073980409914	-4.28500843887473	50
-14.0961964366194	-4.28344948239361	50
-14.0850262060829	-4.28167967009266	50
-14.0738913181118	-4.27969963077779	50
-14.0627957288787	-4.27751006794752	50
-14.0517433805936	-4.27511175954312	50
-14.0407382001033	-4.27250555767212	50
-14.0297840974959	-4.26969238830565	50
-14.018884964712	-4.26667325094939	50
-14.0080446741615	-4.26344921828847	50
-13.9972670773481	-4.26002143580634	50
-13.9865560035006	-4.25639112137778	50
-13.9759152582124	-4.25255956483624	50
-13.9653486220899	-4.24852812751551	50
-13.9548598494084	-4.24429824176607	50
-13.9444526667789	-4.23987141044618	50
-13.934130771824	-4.23524920638794	50
-13.9238978318636	-4.23043327183844	50
-13.9137574826127	-4.2254253178763	50
-13.903713326889	-4.2202271238037	50
-13.8937689333333	-4.21484053651425	50
-13.8839278351413	-4.20926746983677	50
-13.8741935288082	-4.20350990385531	50
-13.8645694728867	-4.19756988420565	50
-13.8550590867582	-4.19144952134848	50
-13.8456657494174	-4.18515098981959	50
-13.8363927982725	-4.17867652745724	50
-13.8272435279588	-4.17202843460707	50
-13.8182211891685	-4.16520907330483	50
-13.8093289874956	-4.1582208664371	50
-13.800570082297	-4.15106629688051	50
-13.7919475855701	-4.14374790661956	50
-13.7834645608468	-4.13626829584347	50
-13.7751240221055	-4.12863012202232	50
-13.7669289326998	-4.12083609896291	50
-13.7588822043061	-4.11288899584451	50
-13.7509866958885	-4.10479163623503	50
-13.7432452126836	-4.09654689708776	50
-13.7356605052036	-4.08815770771929	50
-13.7282352682589	-4.07962704876864	50
-13.7209721400008	-4.07095795113831	50
-13.7138737009842	-4.06215349491742	50
-13.7069424732508	-4.05321680828734	50
-13.7001809194326	-4.04415106641028	50
-13.6935914418776	-4.03495949030115	50
-13.6871763817958	-4.02564534568319	50
-13.6809380184275	-4.01621194182761	50
-13.6748785682335	-4.0066626303779	50
-13.6690001841075	-3.99700080415895	50
-13.6633049546115	-3.9872298959716	50
-13.6577949032335	-3.977353377373	50
-13.6524719876683	-3.96737475744319	50
-13.6473380991226	-3.95729758153832	50
-13.6423950616425	-3.94712543003099	50
-13.6376446314657	-3.9368619170382	50
-13.6330884963975	-3.92651068913726	50
-13.6287282752108	-3.91607542407013	50
-13.6245655170716	-3.90555982943682	50
-13.620601700988	-3.89496764137803	50
-13.616838235285	-3.88430262324773	50
-13.613276457104	-3.87356856427608	50
-13.6099176319278	-3.86276927822313	50
-13.6067629531311	-3.85190860202379	50
-13.6038135415561	-3.8409903944246	50
-13.6010704451149	-3.83001853461273	50
-13.5985346384164	-3.81899692083772	50
-13.5962070224207	-3.80792946902647	50
-13.5940884241188	-3.79682011139192	50
-13.5921795962384	-3.78567279503592	50
-13.5904812169771	-3.77449148054691	50
-13.5889938897609	-3.76328014059267	50
-13.5877181430301	-3.75204275850891	50
-13.5866544300515	-3.74078332688397	50
-13.5858031287571	-3.72950584614031	50
-13.5851645416103	-3.71821432311312	50
-13.5847388954981	-3.70691276962678	50
-13.5845263416505	-3.69560520106942	50
-13.5845269555868	-3.68429563496631	50
-13.584740737089	-3.67298808955244	50
-13.5851676102015	-3.66168658234484	50
-13.5858074232582	-3.65039512871522	50
-13.5866599489368	-3.63911774046328	50
-13.5877248843388	-3.62785842439138	50
-13.5890018510977	-3.61662118088089	50
-13.5904903955135	-3.60541000247093	50
-13.5921899887133	-3.59422887243981	50
-13.5941000268397	-3.58308176338979	50
-13.5962198312653	-3.57197263583563	50
-13.5985486488337	-3.56090543679746	50
-13.6010856521272	-3.54988409839839	50
-13.6038299397604	-3.53891253646749	50
-13.6067805367011	-3.52799464914846	50
-13.6099363946162	-3.51713431551467	50
-13.6132963922445	-3.50633539419097	50
-13.6168593357947	-3.49560172198267	50
-13.62062395937	-3.48493711251239	50
-13.6245889254177	-3.47434535486511	50
-13.628752825204	-3.46383021224188	50
-13.6331141793153	-3.45339542062281	50
-13.6376714381832	-3.44304468743967	50
-13.6424229826353	-3.43278169025868	50
-13.6473671244705	-3.42261007547386	50
-13.6525021070588	-3.41253345701151	50
-13.6578261059653	-3.4025554150462	50
-13.6633372295984	-3.39267949472873	50
-13.6690335198824	-3.38290920492655	50
-13.6749129529523	-3.37324801697711	50
-13.6809734398735	-3.36369936345448	50
-13.6872128273839	-3.3542666369498	50
-13.6936288986589	-3.34495318886588	50
-13.7002193740989	-3.33576232822648	50
-13.7069819121392	-3.32669732050061	50
-13.7139141100825	-3.31776138644235	50
-13.7210135049516	-3.30895770094654	50
-13.7282775743655	-3.3002893919207	50
-13.7357037374349	-3.29175953917376	50
-13.7425586059194	-3.28415585944353	50
-13.749410169378	-3.27662427049193	50
-13.7568700661971	-3.2684239727281	50
-13.7647151456735	-3.25980026736848	50
-13.7728716102959	-3.25083427771661	50
-13.7802576496334	-3.24271518298927	50
-13.7888578509006	-3.23326142855785	50
-13.7987884385555	-3.22234525776726	50
-13.806205913216	-3.21419162507251	50
-13.8143018309977	-3.20529222155512	50
-13.823111162316	-3.19560860743144	50
-13.8326687895006	-3.18510243990899	50
-13.8430094114726	-3.17373557797836	50
-13.8541674484222	-3.16147018720515	50
-13.8661769464862	-3.14826884452187	50
-13.8790714824249	-3.13409464301987	50
-13.8858609805316	-3.12663135372871	50
-13.8928840683	-3.11891129674125	50
-13.9001447683649	-3.11093005052874	50
-13.907647056152	-3.10268324547081	50
-13.915394856899	-3.09416656713029	50
-13.9233920426771	-3.0853757595279	50
-13.9316424294122	-3.07630662841702	50
-13.9401497739054	-3.06695504455843	50
-13.9489177708552	-3.05731694699505	50
-13.9579500498777	-3.04738834632671	50
-13.9672501725284	-3.03716532798487	50
-13.976821629323	-3.02664405550741	50
-13.986667836759	-3.01582077381331	50
-13.9967921343363	-3.00469181247748	50
-14.0071977815788	-2.99325358900542	50
-14.0178879550555	-2.98150261210804	50
-14.0288657454015	-2.96943548497638	50
-14.0401341543392	-2.95704890855634	50
-14.0516960916998	-2.94433968482346	50
-14.063554372444	-2.93130472005765	50
-14.0757117136834	-2.91794102811792	50
-14.0881707317017	-2.90424573371717	50
-14.1009339389759	-2.8902160756969	50
-14.1140037411971	-2.87584941030198	50
-14.1273824342924	-2.86114321445539	50
-14.1410722014452	-2.84609508903295	50
-14.155075110117	-2.8307027621381	50
-14.1693931090684	-2.81496409237663	50
-14.1840280253802	-2.79887707213143	50
-14.1989815614744	-2.78243983083722	50
-14.214255292136	-2.76565063825534	50
-14.2298506615334	-2.74850790774844	50
-14.2457689802399	-2.7310101995553	50
-14.2620114222551	-2.71315622406548	50
-14.2785790220257	-2.69494484509419	50
-14.2954726714669	-2.67637508315691	50
-14.3126931169842	-2.65744611874327	50
-14.3302409567586	-2.63815729530198	50
-14.348116640031	-2.61850812002628	50
-14.3663204685064	-2.59849826231004	50
-14.3848525980773	-2.57812755185209	50
-14.4037130405487	-2.55739597675862	50
-14.4229016653635	-2.53630368164563	50
-14.4424182013278	-2.5148509657414	50
-14.462262238336	-2.49303828098886	50
-14.4824332290962	-2.47086623014812	50
-14.5029304908552	-2.44833556489886	50
-14.5237532071239	-2.42544718394276	50
-14.5449004294025	-2.402202131106	50
-14.5663710789058	-2.37860159344162	50
-14.5881639482882	-2.35464689933204	50
-14.6102777033692	-2.33033951659145	50
-14.6327108848586	-2.30568105056825	50
-14.6554619100814	-2.28067324224756	50
-14.6785290747035	-2.25531796635354	50
-14.7019105544568	-2.22961722945196	50
-14.7256044068641	-2.20357316805257	50
-14.7496085729647	-2.17718804671151	50
-14.7739208790396	-2.15046425613385	50
-14.7985390383366	-2.12340431127595	50
-14.8234606527956	-2.09601084944794	50
-14.8486832147738	-2.06828662841613	50
-14.8742041087709	-2.04023452450548	50
-14.9000206131545	-2.01185753070203	50
-14.9261299018852	-1.98315875475536	50
-14.9525290462418	-1.95414141728098	50
-14.9792150165466	-1.92480884986284	50
-15.0061846838907	-1.8951644931557	50
-15.033434821859	-1.86521189498765	50
-15.0609621082557	-1.83495470846247	50
-15.0887631268294	-1.80439669006213	50
-15.1168343689984	-1.77354169774922	50
-15.1451722355757	-1.74239368906936	50
-15.1737730384946	-1.71095671925368	50
-15.2026330025338	-1.67923493932125	50
-15.2317482670424	-1.64723259418149	50
-15.2611148876654	-1.61495402073667	50
-15.2907288380688	-1.58240364598431	50
-15.320586011665	-1.54958598511962	50
-15.3506822233379	-1.51650563963796	50
-15.381013211168	-1.48316729543727	50
-15.4115746381579	-1.44957572092052	50
-15.4423620939575	-1.41573576509813	50
-15.4733710965889	-1.38165235569047	50
-15.5045970941722	-1.3473304972302	50
-15.5360354666501	-1.31277526916481	50
-15.5676815275136	-1.27799182395901	50
-15.5995305255271	-1.24298538519718	50
-15.6315776464536	-1.20776124568581	50
-15.66381801478	-1.17232476555596	50
-15.6962466954421	-1.13668137036566	50
-15.7288586955502	-1.10083654920242	50
-15.761648966114	-1.06479585278559	50
-15.7946124037682	-1.02856489156884	50
-15.8277438524972	-0.992149333842634	50
-15.8610381053608	-0.955554903836609	50
-15.8944899062194	-0.918787379822064	50
-15.928093951459	-0.881852592214363	50
-15.9618448917165	-0.844756421675421	50
-15.995737333605	-0.807504797216109	50
-16.029765841439	-0.770103694298698	50
-16.0639249389598	-0.73255913293932	50
-16.0982091110604	-0.69487717581041	50
-16.1326128055109	-0.657063926343111	50
-16.1671304346838	-0.619125526829762	50
-16.2017563772793	-0.581068156526295	50
-16.2364849800501	-0.542898029754726	50
-16.2713105595273	-0.504621394005554	50
-16.306227403745	-0.466244528040215	50
-16.341229773966	-0.427773739993531	50
-16.3763119064067	-0.389215365476145	50
-16.4114680139625	-0.350575765676966	50
-16.4466922879331	-0.31186132546561	50
-16.4819788997475	-0.273078451494822	50
-16.5173220026895	-0.234233570302951	50
-16.5527157336227	-0.195333126416382	50
-16.588154214716	-0.156383580451945	50
-16.6236315551684	-0.117391407219399	50
-16.6591418529348	-0.0783630938238509	50
-16.6946791964507	-0.0393051377682023	50
-16.7302376663579	-0.000224045055592814	50
-16.7658113372293	0.0388736717081768	50
-16.8013942792944	0.0779814952121716	50
-16.8369805601645	0.117092905337892	50
-16.8725642465578	0.156201381056488	50
-16.9081394060224	0.195300402322851	50
-16.943700108658	0.234383451966351	50
-16.9792404288369	0.273444017581013	50
-17.0147544469252	0.312475593415612	50
-17.0502362510037	0.351471682263907	50
-17.0856799385892	0.390425797354734	50
-17.1210796183553	0.429331464242192	50
-17.1564294118538	0.468182222695787	50
-17.1917234552356	0.506971628590592	50
-17.2269559009721	0.545693255797392	50
-17.2621209195756	0.584340698072869	50
-17.2972127013213	0.622907570949707	50
-17.3322254579677	0.661387513626799	50
-17.367153424478	0.69977419085937	50
-17.401990860741	0.738061294849135	50
-17.4367320532925	0.776242547134471	50
-17.471371317036	0.814311700480554	50
-17.5059029969644	0.852262540769519	50
-17.5403214698801	0.89008888889063	50
-17.5746211461173	0.927784602630415	50
-17.6087964712619	0.965343578562816	50
-17.6428419278737	1.00275975393938	50
-17.6767520372066	1.04002710857938	50
-17.7105213609301	1.07713966675998	50
-17.7441445028506	1.11409149910639	50
-17.777616110632	1.15087672448203	50
-17.8109308775171	1.18748951187866	50
-17.8440835440487	1.22392408230659	50
-17.8770688997904	1.26017471068475	50
-17.9098817850481	1.29623572773092	50
-17.942517092591	1.33210152185186	50
-17.9749697693723	1.36776654103347	50
-18.0072348182508	1.4032252947309	50
-18.0393072997118	1.43847235575878	50
-18.0711823335881	1.47350236218134	50
-18.1028551007812	1.50831001920254	50
-18.1343208449822	1.54289010105626	50
-18.1655748743933	1.57723745289645	50
-18.1966125634485	1.61134699268727	50
-18.2274293545349	1.64521371309327	50
-18.2580207597137	1.67883268336951	50
-18.2883823624414	1.71219905125173	50
-18.3185098192906	1.74530804484654	50
-18.3483988616715	1.77815497452153	50
-18.3780452975528	1.81073523479542	50
-18.4074450131828	1.84304430622827	50
-18.4365939748102	1.87507775731156	50
-18.465488230406	1.90683124635843	50
-18.4941239113836	1.93830052339377	50
-18.5224972343205	1.96948143204437	50
-18.5506045026795	2.00036991142915	50
-18.5784421085292	2.03096199804923	50
-18.6060065342656	2.06125382767813	50
-18.6332943543331	2.09124163725193	50
-18.6603022369453	2.12092176675939	50
-18.6870269458067	2.15029066113214	50
-18.713465341833	2.17934487213482	50
-18.7396143848728	2.20808106025523	50
-18.7654711354286	2.2364959965945	50
-18.7910327563775	2.26458656475724	50
-18.8162965146929	2.29234976274167	50
-18.8412597831651	2.31978270482983	50
-18.8659200421225	2.34688262347767	50
-18.8902748811529	2.37364687120527	50
-18.9143220008245	2.40007292248693	50
-18.9380592144067	2.42615837564139	50
-18.9614844495917	2.45190095472192	50
-18.9845957502152	2.47729851140655	50
-19.0073912779776	2.50234902688813	50
-19.0298693141652	2.52705061376458	50
-19.0520282613711	2.55140151792899	50
-19.0738666452166	2.5754001204598	50
-19.0953831160717	2.59904493951091	50
-19.1165764507771	2.62233463220191	50
-19.1374455543644	2.64526799650817	50
-19.1579894617777	2.66784397315103	50
-19.1782073395945	2.69006164748793	50
-19.1980984877471	2.71192025140259	50
-19.217662341243	2.73341916519517	50
-19.2368984718868	2.75455791947237	50
-19.2558065900009	2.77533619703766	50
-19.2743865461465	2.79575383478139	50
-19.2926383328449	2.81581082557095	50
-19.3105620862984	2.83550732014094	50
-19.3281580881116	2.8548436289833	50
-19.3454267670121	2.87382022423702	50
-19.3623687003591	2.89243774134539	50
-19.3789846137845	2.91069697866023	50
-19.3952753786085	2.92859889460309	50
-19.4112420088702	2.94614460440178	50
-19.4268856583544	2.96333537682393	50
-19.4422076176189	2.9801726309104	50
-19.4572093110215	2.99665793270875	50
-19.471892293747	3.01279299200675	50
-19.4862582488347	3.02857965906578	50
-19.5003089842051	3.04401992135432	50
-19.5140464296873	3.05911590028145	50
-19.527472634046	3.07386984793024	50
-19.5405897620085	3.08828414379128	50
-19.553400091292	3.10236129149611	50
-19.5659060096309	3.1161039155507	50
-19.5781100118034	3.12951475806888	50
-19.5900146966589	3.14259667550587	50
-19.6016227641452	3.15535263539168	50
-19.6129370123355	3.1677857130646	50
-19.6239603344557	3.17989908840466	50
-19.634695715911	3.19169604256712	50
-19.6451462313136	3.20317995471586	50
-19.6553150415097	3.21435429875694	50
-19.6652053906062	3.22522264007201	50
-19.6748206029984	3.23578863225176	50
-19.6841640803968	3.24605601382941	50
-19.6932392988541	3.25602860501421	50
-19.7020498057925	3.2657103044248	50
-19.710599217031	3.27510508582278	50
-19.718891213812	3.28421699484612	50
-19.726929539829	3.29305014574263	50
-19.7347179982533	3.30160871810344	50
-19.7422604487612	3.30989695359645	50
-19.7495608045612	3.31791915269978	50
-19.7566230294212	3.32567967143527	50
-19.7634511346953	3.33318291810193	50
-19.7764212519978	3.34743547021132	50
-19.7885040860608	3.36071299683488	50
-19.7997331375943	3.37305231315582	50
-19.810142383294	3.38449075720458	50
-19.8197661807088	3.39506608532956	50
-19.8286391731087	3.40481636766807	50
-19.8367961943524	3.41377988361708	50
-19.8442721737551	3.42199501730416	50
-19.8511020409561	3.42950015305824	50
-19.8602115332373	3.43951029381648	50
-19.8680622728276	3.44813722392064	50
-19.8767702673394	3.45770615777104	50
-19.8837101763883	3.4653321946682	50
-19.8913588395021	3.47373705328357	50
-19.8981660458586	3.48121726031285	50
-19.9050766708287	3.48881110981683	50
-19.9121999950418	3.49663718594298	50
-19.9193277716818	3.50445515877478	50
-19.9270675022303	3.51292051661535	50
-19.9354583148953	3.52206733653367	50
-19.9436467592868	3.53096265574498	50
-19.9507482896119	3.53865300788689	50
-19.9587454163915	3.54728699954211	50
-19.9677044162065	3.55692745684808	50
-19.9776922020608	3.56763637912695	50
-19.9849555052303	3.57539933917145	50
-19.992725954341	3.58368187346502	50
-20.0010235446896	3.59250126929532	50
-20.0098682413104	3.60187440782792	50
-20.01927994778	3.61181771554615	50
-20.0292784750223	3.62234711569105	50
-20.0398835101129	3.63347797970122	50
-20.0511145850847	3.64522507865269	50
-20.062991045732	3.65760253469887	50
-20.075532020416	3.67062377251038	50
-20.088756388869	3.68430147071497	50
-20.1026827509999	3.69864751333737	50
-20.1099149079749	3.7060746483384	50
-20.1173293956987	3.71367294123925	50
-20.1249284465679	3.72144363243651	50
-20.1327142696412	3.72938790355903	50
-20.140689049664	3.7375068759505	50
-20.1488549460942	3.74580160915183	50
-20.1572140921271	3.75427309938378	50
-20.1657685937203	3.76292227802932	50
-20.1745205286194	3.77175001011625	50
-20.1834719453826	3.78075709279962	50
-20.1926248624061	3.78994425384424	50
-20.2019812669495	3.79931215010719	50
-20.2115431141603	3.80886136602032	50
-20.2213123260997	3.81859241207272	50
-20.2312907907675	3.82850572329325	50
-20.2414803611272	3.83860165773301	50
-20.2518828541311	3.84888049494787	50
-20.2625000497457	3.85934243448089	50
-20.2733336899767	3.86998759434493	50
-20.284385477894	3.88081600950506	50
-20.2956570766572	3.89182763036106	50
-20.3071501085404	3.90302232122999	50
-20.3188661539576	3.91439985882859	50
-20.3308067504877	3.92595993075585	50
-20.3429733918999	3.93770213397546	50
-20.3553675271783	3.94962597329836	50
-20.3679905595478	3.96173085986515	50
-20.3808438454986	3.97401610962867	50
-20.3939286938118	3.98648094183648	50
-20.4072463645842	3.9991244775133	50
-20.4207980682538	4.01194573794358	50
-20.4345849646247	4.02494364315396	50
-20.4486081618922	4.03811701039576	50
-20.4628687156683	4.05146455262749	50
-20.4773676280065	4.06498487699736	50
-20.4921058464271	4.07867648332573	50
-20.5070842629423	4.09253776258768	50
-20.5223037130814	4.10656699539542	50
-20.537764974916	4.12076235048085	50
-20.5534687680851	4.13512188317804	50
-20.5694157528204	4.14964353390633	50
-20.5856065290457	4.16432512685546	50
-20.6020416360646	4.17916437027334	50
-20.6187215528898	4.19415885850613	50
-20.6356466986744	4.20930607431352	50
-20.6528174331432	4.22460339118567	50
-20.6702340570241	4.24004807566008	50
-20.6878968124798	4.25563728963855	50
-20.7058058835387	4.27136809270403	50
-20.7239613965271	4.28723744443754	50
-20.7423634205	4.30324220673508	50
-20.7610119676729	4.31937914612454	50
-20.779906993853	4.33564493608259	50
-20.7990483988711	4.3520361593516	50
-20.8184360270125	4.36854931025652	50
-20.8380696674487	4.38518079702181	50
-20.8579490546691	4.40192694408833	50
-20.8780738689118	4.41878399443027	50
-20.8984437365957	4.435748111872	50
-20.9190582307517	4.45281538340501	50
-20.9399168714541	4.46998182150485	50
-20.961019126252	4.48724336644795	50
-20.982364410601	4.5045958886286	50
-21.0039520882943	4.5220351908758	50
-21.0257814718944	4.53955701077021	50
-21.0478518231647	4.55715702296103	50
-21.0701623535003	4.57483084148289	50
-21.0927122243603	4.5925740220728	50
-21.1155005476986	4.61038206448701	50
-21.1385263863956	4.62825041481791	50
-21.1617887546897	4.64617446781101	50
-21.1852866186086	4.66414956918172	50
-21.2090188964008	4.68217101793239	50
-21.2329844589673	4.70023406866909	50
-21.2571821302925	4.71833393391862	50
-21.2816106878761	4.73646578644534	50
-21.3062688631646	4.7546247615681	50
-21.3311553419822	4.77280595947715	50
-21.356268764963	4.79100444755106	50
-21.3816077279817	4.80921526267355	50
-21.4071707825857	4.82743341355052	50
-21.4329564364261	4.84565388302683	50
-21.4589631536894	4.86387163040326	50
-21.4851893555289	4.88208159375344	50
-21.5116334204959	4.90027869224071	50
-21.5382936849715	4.91845782843503	50
-21.5651684435979	4.9366138906299	50
-21.5922559497099	4.95474175515927	50
-21.6195544157661	4.97283628871441	50
-21.6470620137809	4.99089235066088	50
-21.6747768757552	5.00890479535533	50
-21.7026970941085	5.02686847446252	50
-21.7308207221101	5.04477823927214	50
-21.7591457743103	5.06262894301576	50
-21.7876702269725	5.0804154431837	50
-21.8163920185039	5.09813260384198	50
-21.8453090498874	5.11577529794917	50
-21.8744191851129	5.13333840967334	50
-21.9037202516088	5.15081683670895	50
-21.9332100406737	5.16820549259372	50
-21.9628863079071	5.18549930902561	50
-21.9927467736416	5.20269323817963	50
-22.0227891233742	5.21978225502484	50
-22.0530110081975	5.23676135964118	50
-22.0834100452311	5.2536255795364	50
-22.1139838180535	5.27036997196299	50
-22.1447298771332	5.28698962623504	50
-22.1756457402602	5.30347966604517	50
-22.2067288929775	5.31983525178142	50
-22.2379767890124	5.3360515828442	50
-22.2693868507082	5.3521238999631	50
-22.3009564694556	5.36804748751391	50
-22.3326830061238	5.38381767583544	50
-22.3645637914925	5.39942984354644	50
-22.3965961266829	5.41487941986254	50
-22.4287772835894	5.43016188691312	50
-22.4611045053108	5.4452727820582	50
-22.4935750065821	5.46020770020542	50
-22.5261859742057	5.47496229612685	50
-22.5589345674829	5.48953228677595	50
-22.5918179186453	5.50391345360446	50
-22.6248331332864	5.51810164487932	50
-22.6579772907929	5.53209277799954	50
-22.6912474447763	5.54588284181314	50
-22.724640623504	5.55946789893402	50
-22.7581538303313	5.57284408805891	50
-22.7917840441324	5.58600762628422	50
-22.825528219732	5.59895481142298	50
-22.8593832883367	5.61168202432176	50
-22.8933461579667	5.6241857311775	50
-22.9274137138868	5.63646248585453	50
-22.9615828190382	5.64850893220136	50
-22.9958503144698	5.66032180636764	50
-23.0302130197698	5.67189793912108	50
-23.0646677334969	5.68323425816431	50
-23.099211233612	5.69432779045182	50
-23.1338402779094	5.70517566450684	50
-23.1685516044485	5.71577511273826	50
-23.2033419319852	5.72612347375754	50
-23.238207960403	5.73621819469558	50
-23.273146371145	5.74605683351967	50
-23.308153827645	5.75563706135037	50
-23.3432269757589	5.7649566647784	50
-23.3783624441966	5.77401354818158	50
-23.4135568449527	5.78280573604171	50
-23.4488067737387	5.79133137526147	50
-23.484108810414	5.79958873748135	50
-23.5194595194174	5.80757622139652	50
-23.5548554501988	5.81529235507377	50
-23.5902931376503	5.82273579826839	50
-23.6257691025378	5.82990534474109	50
-23.6612798519327	5.83679992457487	50
-23.6968218796429	5.84341860649199	50
-23.7323916666448	5.84976060016535	50
-23.7679856815533	5.85582525806843	50
-23.80360038127	5.86161207512048	50
-23.8392322117609	5.86712068675638	50
-23.8748776088457	5.8723508668523	50
-23.9105329989862	5.87730252565119	50
-23.9461948000757	5.88197570768825	50
-23.9818594222284	5.88637058971647	50
-24.0175232685674	5.89048747863215	50
-24.053182736015	5.89432680940035	50
-24.0888342160808	5.89788914298045	50
-24.124474095651	5.9011751642516	50
-24.1600987577778	5.90418567993831	50
-24.1957045824678	5.90692161653584	50
-24.2312879474716	5.90938401823579	50
-24.2668452290725	5.91157404485159	50
-24.3023728028758	5.91349296974398	50
-24.3378670445974	5.91514217774653	50
-24.3733243308535	5.91652316309115	50
-24.4087410399489	5.91763752733356	50
-24.4441135526666	5.91848697727886	50
-24.4794382530566	5.91907332290697	50
-24.514711529225	5.91939847529819	50
-24.549929774123	5.91946444455863	50
-24.5850893863359	5.91927333774579	50
-24.6201867708722	5.91882735679404	50
-24.6552183399527	5.91812879644011	50
-24.6901805137994	5.9171800421486	50
-24.7250697214247	5.91598356803748	50
-24.7598824014201	5.91454193480363	50
-24.7946150027458	5.91285778764831	50
-24.8292639855191	5.91093385420264	50
-24.863825821804	5.90877294245319	50
-24.8982969963999	5.90637793866738	50
-24.9326740076306	5.90375180531906	50
-24.9669533681338	5.90089757901401	50
-25.0011316056494	5.89781836841539	50
-25.0352052638093	5.8945173521693	50
-25.0691709029258	5.89099777683026	50
-25.103025100781	5.88726295478671	50
-25.1367644534159	5.88331626218653	50
-25.1703855759191	5.87916113686256	50
-25.2038851032161	5.87480107625803	50
-25.2372596908583	5.87023963535217	50
-25.2705060158121	5.86548042458565	50
-25.3036207772475	5.86052710778607	50
-25.3366006973279	5.8553834000935	50
-25.3694425219984	5.85005306588601	50
-25.4021430217753	5.8445399167051	50
-25.4346989925351	5.83884780918125	50
-25.4671072563031	5.83298064295945	50
-25.4993646620432	5.82694235862463	50
-25.5314680864462	5.82073693562724	50
-25.5634144347192	5.81436839020871	50
-25.5952006413746	5.80784077332698	50
-25.6268236710192	5.80115816858197	50
-25.658280519143	5.79432469014113	50
-25.6895682129087	5.78734448066491	50
-25.72068381194	5.78022170923227	50
-25.7516244091114	5.7729605692662	50
-25.7823871313368	5.76556527645922	50
-25.8129691403587	5.75804006669886	50
-25.843367633537	5.75038919399321	50
-25.8735798446386	5.74261692839637	50
-25.9036030446256	5.73472755393401	50
-25.9334345424451	5.72672536652883	50
-25.9630716858179	5.7186146719261	50
-25.9925118620275	5.71039978361913	50
-26.0217524987092	5.7020850207748	50
-26.0507910646393	5.69367470615905	50
-26.0796250705238	5.68517316406239	50
-26.1082520697877	5.67658471822543	50
-26.136669659364	5.66791368976432	50
-26.1648754804827	5.65916439509633	50
-26.1928672194598	5.65034114386531	50
-26.2206426084864	5.64144823686718	50
-26.2481994264176	5.63248996397548	50
-26.2755354995618	5.62347060206687	50
-26.3026487024695	5.61439441294657	50
-26.3295369587226	5.60526564127396	50
-26.356198241723	5.59608851248801	50
-26.3826305754821	5.58686723073281	50
-26.4088320354095	5.5776059767831	50
-26.4348007491023	5.56830890596973	50
-26.460534897134	5.55898014610517	50
-26.4860327138434	5.54962379540907	50
-26.5112924881241	5.54024392043369	50
-26.5363125642129	5.53084455398946	50
-26.5610913424793	5.52142969307045	50
-26.5856272802144	5.5120032967799	50
-26.6099188924201	5.5025692842557	50
-26.6339647525976	5.49313153259591	50
-26.6577634935373	5.48369387478426	50
-26.6813138081069	5.47426009761568	50
-26.7046144500412	5.46483393962174	50
-26.7276642347307	5.45541908899623	50
-26.7504620400108	5.44601918152061	50
-26.7730068069508	5.43663779848955	50
-26.7952975406429	5.42727846463639	50
-26.8173333109914	5.41794464605872	50
-26.8391132535016	5.4086397481438	50
-26.8606365700687	5.39936711349412	50
-26.8819025297671	5.39013001985287	50
-26.9029104696394	5.38093167802949	50
-26.9236597954853	5.37177522982512	50
-26.9441499826506	5.36266374595816	50
-26.9643805768166	5.35360022398971	50
-26.9843511947887	5.34458758624913	50
-27.0040615252856	5.33562867775955	50
-27.0235113297285	5.32672626416329	50
-27.0427004430299	5.31788302964748	50
-27.0616287743827	5.30910157486948	50
-27.0802963080494	5.30038441488242	50
-27.0987031041407	5.2917339770775	50
-27.1168492990435	5.28315259970077	50
-27.1347351047995	5.27464253208922	50
-27.1523608079971	5.26620593570384	50
-27.169726768639	5.25784488520191	50
-27.1868334190102	5.24956136950948	50
-27.203681262546	5.24135729289375	50
-27.2202708726993	5.23323447603545	50
-27.2366028918092	5.22519465710122	50
-27.2526780299682	5.21723949281605	50
-27.2684970638904	5.20937055953568	50
-27.284060835779	5.20158935431892	50
-27.2993702521946	5.19389729600016	50
-27.3144262829227	5.18629572626165	50
-27.3292299598415	5.17878591070602	50
-27.3437823757902	5.17136903992856	50
-27.3580846834361	5.1640462305897	50
-27.3721380941431	5.15681852648737	50
-27.3859438768392	5.1496868996294	50
-27.3995033568846	5.14265225130593	50
-27.412817914939	5.13571541316179	50
-27.42588898583	5.12887714826891	50
-27.4387180574209	5.12213815219872	50
-27.451306669478	5.11549905409453	50
-27.4636564125392	5.10896041774393	50
-27.4757689267812	5.10252274265123	50
-27.4876459008876	5.09618646510977	50
-27.4992890709168	5.08995195927442	50
-27.5107002191698	5.08381953823389	50
-27.521881173058	5.07778945508317	50
-27.5328338039709	5.07186190399593	50
-27.5435600261442	5.0660370212969	50
-27.5540617955275	5.06031488653429	50
-27.5643411086522	5.05469552355213	50
-27.5744000014991	5.04917890156277	50
-27.5842405483668	5.04376493621916	50
-27.5938648607388	5.03845349068733	50
-27.6032750861519	5.03324437671875	50
-27.6124734070638	5.02813735572275	50
-27.621462039721	5.0231321398389	50
-27.6302432330266	5.01822839300939	50
-27.6471924536859	5.00872372772985	50
-27.6633396703769	4.99961974822571	50
-27.6787039344826	4.99091214031422	50
-27.6933047112046	4.982595921605	50
-27.7071618433336	4.97466547581682	50
-27.7202955150205	4.96711458709417	50
-27.7327262155473	4.95993647432412	50
-27.7444747030975	4.95312382545289	50
-27.7555619685275	4.94666883180269	50
-27.766009199137	4.94056322238831	50
-27.77583774244	4.9347982982339	50
-27.7850690699354	4.92936496668968	50
-27.7937247408783	4.92425377574856	50
-27.8056761700153	4.91716953524302	50
-27.8164539624677	4.91075385676569	50
-27.8261308832787	4.90497134128636	50
-27.8347792247046	4.89978563917038	50
-27.8448338490732	4.89373566002831	50
-27.8552628260149	4.88743713003333	50
-27.8650547104392	4.88150338417788	50
-27.8743321099202	4.87586706231884	50
-27.8832039631298	4.87047080284215	50
