-27.9155269930011	15.7900868038348	44.5
-27.9238583882786	15.7844608575282	44.5
-27.9321184298785	15.7787306627773	44.5
-27.9403058134445	15.7728971244464	44.5
-27.9484192460938	15.7669611637186	44.5
-27.9564574466213	15.7609237179512	44.5
-27.9644191457019	15.7547857405266	44.5
-27.9723030860911	15.7485482007027	44.5
-27.9801080228234	15.7422120834594	44.5
-27.9878327234087	15.735778389343	44.5
-27.9954759680272	15.7292481343084	44.5
-28.003036549722	15.7226223495586	44.5
-28.0105132745897	15.7159020813818	44.5
-28.0179049619687	15.7090883909862	44.5
-28.0252104446258	15.7021823543325	44.5
-28.0324285689407	15.6951850619641	44.5
-28.0395581950879	15.6880976188344	44.5
-28.0465981972168	15.6809211441329	44.5
-28.0535474636293	15.6736567711081	44.5
-28.0604048969558	15.6663056468888	44.5
-28.0671694143281	15.6588689323027	44.5
-28.0738399475505	15.6513478016932	44.5
-28.0804154432684	15.6437434427341	44.5
-28.0868948631348	15.6360570562417	44.5
-28.0932771839742	15.6282898559856	44.5
-28.0995613979442	15.6204430684968	44.5
-28.1057465126946	15.612517932874	44.5
-28.1118315515239	15.6045157005879	44.5
-28.1178155535342	15.5964376352838	44.5
-28.123697573782	15.5882850125819	44.5
-28.1294766834282	15.5800591198758	44.5
-28.1351519698843	15.5717612561293	44.5
-28.1407225369569	15.5633927316712	44.5
-28.1461875049888	15.5549548679887	44.5
-28.1515460109983	15.5464489975181	44.5
-28.1567972088151	15.5378764634351	44.5
-28.1619402692142	15.5292386194422	44.5
-28.1669743800468	15.520536829555	44.5
-28.1718987463683	15.511772467887	44.5
-28.1767125905643	15.5029469184326	44.5
-28.181415152473	15.4940615748483	44.5
-28.1860056895053	15.485117840233	44.5
-28.1904834767622	15.4761171269058	44.5
-28.1948478071492	15.4670608561839	44.5
-28.1990979914879	15.4579504581574	44.5
-28.203233358625	15.4487873714636	44.5
-28.207253255538	15.4395730430603	44.5
-28.2111570474387	15.4303089279967	44.5
-28.214944117873	15.420996489184	44.5
-28.2186138688185	15.4116371971641	44.5
-28.2221657207792	15.4022325298779	44.5
-28.2255991128764	15.3927839724312	44.5
-28.2289135029377	15.383293016861	44.5
-28.2321083675824	15.3737611618989	44.5
-28.2351832023044	15.3641899127355	44.5
-28.2381375215517	15.354580780782	44.5
-28.240970858803	15.3449352834316	44.5
-28.2436827666414	15.3352549438203	44.5
-28.2462728168254	15.3255412905858	44.5
-28.248740600356	15.3157958576266	44.5
-28.2510857275415	15.3060201838596	44.5
-28.2533078280592	15.296215812977	44.5
-28.2554065510136	15.2863842932025	44.5
-28.2573815649921	15.2765271770471	44.5
-28.259232558117	15.2666460210638	44.5
-28.2609592380952	15.2567423856016	44.5
-28.2625613322637	15.2468178345593	44.5
-28.2640385876333	15.2368739351387	44.5
-28.2653907709284	15.2269122575966	44.5
-28.2666176686235	15.2169343749975	44.5
-28.2677190869772	15.2069418629647	44.5
-28.2686948520628	15.1969362994317	44.5
-28.2695448097957	15.186919264393	44.5
-28.2702688259577	15.1768923396544	44.5
-28.2708667862182	15.1668571085837	44.5
-28.2713385961525	15.1568151558602	44.5
-28.2716841812561	15.1467680672246	44.5
-28.2719034869574	15.1367174292287	44.5
-28.2719964786252	15.1266648289847	44.5
-28.2719631415752	15.1166118539148	44.5
-28.2718034810717	15.1065600915002	44.5
-28.271517522327	15.0965111290308	44.5
-28.2711053104971	15.0864665533542	44.5
-28.2705669106752	15.0764279506254	44.5
-28.2699024078809	15.0663969060561	44.5
-28.2691119070467	15.0563750036645	44.5
-28.268195533002	15.0463638260252	44.5
-28.2671534304529	15.0363649540192	44.5
-28.2659857639593	15.0263799665843	44.5
-28.2646927179095	15.0164104404658	44.5
-28.2632744964903	15.0064579499673	44.5
-28.2617313236554	14.9965240667026	44.5
-28.2600634430896	14.9866103593469	44.5
-28.2582711181707	14.9767183933896	44.5
-28.2563546319274	14.9668497308868	44.5
-28.2543142869952	14.9570059302147	44.5
-28.2521504055683	14.9471885458234	44.5
-28.2498633293485	14.9373991279919	44.5
-28.2474534194917	14.9276392225826	44.5
-28.2449210565507	14.9179103707979	44.5
-28.2422666404148	14.908214108936	44.5
-28.2394905902472	14.8985519681493	44.5
-28.2365933444184	14.8889254742018	44.5
-28.233575360437	14.8793361472283	44.5
-28.2304371148777	14.8697855014949	44.5
-28.227179103306	14.8602750451592	44.5
-28.2238018401995	14.8508062800325	44.5
-28.2203058588673	14.8413807013425	44.5
-28.2166917113653	14.8319997974975	44.5
-28.2129599684094	14.8226650498509	44.5
-28.2091112192849	14.8133779324675	44.5
-28.2051460717541	14.8041399118909	44.5
-28.2010651519597	14.7949524469115	44.5
-28.1968691043261	14.7858169883367	44.5
-28.1925585914581	14.7767349787612	44.5
-28.1881342940354	14.7677078523396	44.5
-28.1835969107061	14.7587370345598	44.5
-28.1789471579755	14.749823942018	44.5
-28.1741857700934	14.7409699821947	44.5
-28.1693134989382	14.732176553233	44.5
-28.164331113898	14.723445043717	44.5
-28.1592394017492	14.7147768324535	44.5
-28.1540391665322	14.7061732882534	44.5
-28.1487312294242	14.6976357697162	44.5
-28.1433164286103	14.6891656250149	44.5
-28.1377956191501	14.6807641916837	44.5
-28.1321696728435	14.6724327964061	44.5
-28.1264394780926	14.6641727548062	44.5
-28.1206059397616	14.6559853712402	44.5
-28.1146699790339	14.647871938591	44.5
-28.1086325332664	14.6398337380635	44.5
-28.1024945558418	14.6318720389828	44.5
-28.096257016018	14.6239880985936	44.5
-28.0899208987747	14.6161831618613	44.5
-28.0834872046583	14.6084584612761	44.5
-28.0769569496237	14.6008152166576	44.5
-28.0703311648739	14.5932546349627	44.5
-28.063610896697	14.585777910095	44.5
-28.0567972063015	14.5783862227161	44.5
-28.0498911696478	14.5710807400589	44.5
-28.0428938772793	14.563862615744	44.5
-28.0358064341496	14.5567329895968	44.5
-28.0286299594481	14.549692987468	44.5
-28.0213655864234	14.5427437210554	44.5
-28.0140144622041	14.5358862877289	44.5
-28.006577747618	14.5291217703566	44.5
-27.9990566170085	14.5224512371343	44.5
-27.9914522580493	14.5158757414164	44.5
-27.983765871557	14.50939632155	44.5
-27.9759986713009	14.5030140007105	44.5
-27.9681518838121	14.4967297867405	44.5
-27.9602267481893	14.4905446719902	44.5
-27.9522245159032	14.4844596331608	44.5
-27.9441464505991	14.4784756311506	44.5
-27.9359938278972	14.4725936109028	44.5
-27.9277679351911	14.4668145012566	44.5
-27.9194700714445	14.4611392148004	44.5
-27.9111015469865	14.4555686477278	44.5
-27.9026636833039	14.4501036796959	44.5
-27.8941578128334	14.4447451736864	44.5
-27.8855852787504	14.4394939758696	44.5
-27.8769474347574	14.4343509154705	44.5
-27.8682456448702	14.429316804638	44.5
-27.8594812832023	14.4243924383164	44.5
-27.8506557337479	14.4195785941204	44.5
-27.8417703901636	14.4148760322118	44.5
-27.8328266555482	14.4102854951795	44.5
-27.8238259422211	14.4058077079226	44.5
-27.8147696714992	14.4014433775356	44.5
-27.8056592734726	14.3971931931968	44.5
-27.7964961867789	14.3930578260598	44.5
-27.7872818583756	14.3890379291467	44.5
-27.778017743312	14.3851341372461	44.5
-27.7687053044992	14.3813470668118	44.5
-27.7593460124794	14.3776773158662	44.5
-27.7499413451932	14.3741254639055	44.5
-27.7404927877465	14.3706920718083	44.5
-27.7310018321762	14.3673776817471	44.5
-27.7214699772142	14.3641828171024	44.5
-27.7118987280508	14.3611079823803	44.5
-27.7022895960973	14.3581536631331	44.5
-27.6926440987469	14.3553203258818	44.5
-27.6829637591356	14.3526084180433	44.5
-27.6732501059011	14.3500183678593	44.5
-27.6635046729419	14.3475505843287	44.5
-27.6537289991749	14.3452054571432	44.5
-27.6439246282922	14.3429833566255	44.5
-27.6340931085178	14.3408846336711	44.5
-27.6242359923624	14.3389096196926	44.5
-27.6143548363791	14.3370586265677	44.5
-27.6044512009169	14.3353319465896	44.5
-27.5945266498746	14.3337298524211	44.5
-27.5845827504539	14.3322525970514	44.5
-27.5746210729119	14.3309004137563	44.5
-27.5646431903128	14.3296735160612	44.5
-27.55465067828	14.3285720977075	44.5
-27.544645114747	14.3275963326219	44.5
-27.5346280797082	14.326746374889	44.5
-27.5246011549697	14.3260223587271	44.5
-27.514565923899	14.3254243984665	44.5
-27.5045239711755	14.3249525885323	44.5
-27.4944768825399	14.3246070034286	44.5
-27.484426244544	14.3243876977274	44.5
-27.4743736443	14.3242947060595	44.5
-27.4643206692301	14.3243280431095	44.5
-27.4542689068155	14.324487703613	44.5
-27.4442199443461	14.3247736623578	44.5
-27.4341753686695	14.3251858741876	44.5
-27.4241367659407	14.3257242740095	44.5
-27.4141057213714	14.3263887768039	44.5
-27.4040838189798	14.327179277638	44.5
-27.3940726413405	14.3280956516827	44.5
-27.3840737693345	14.3291377542319	44.5
-27.3740887818996	14.3303054207254	44.5
-27.364119255781	14.3315984667752	44.5
-27.3541667652826	14.3330166881944	44.5
-27.3442328820179	14.3345598610293	44.5
-27.3343191746622	14.3362277415951	44.5
-27.3244272087049	14.3380200665141	44.5
-27.3145585462021	14.3399365527573	44.5
-27.3047147455299	14.3419768976895	44.5
-27.2948973611387	14.3441407791165	44.5
-27.2851079433072	14.3464278553362	44.5
-27.2721453515624	14.3495666689954	44.5
-27.261350517635	14.3521600012879	44.5
-27.2505519688628	14.3547327855804	44.5
-27.2397497052457	14.357285021873	44.5
-27.2289437267837	14.3598167101655	44.5
-27.2181340334769	14.362327850458	44.5
-27.2073206253251	14.3648184427505	44.5
-27.1965035023286	14.367288487043	44.5
-27.1856826644871	14.3697379833356	44.5
-27.1748581118008	14.372166931628	44.5
-27.1640298442696	14.3745753319205	44.5
-27.1531978618935	14.376963184213	44.5
-27.1423621646725	14.3793304885055	44.5
-27.1315227526067	14.381677244798	44.5
-27.120679625696	14.3840034530904	44.5
-27.1098327839405	14.3863091133829	44.5
-27.0989822273401	14.3885942256753	44.5
-27.0881279558948	14.3908587899678	44.5
-27.0772699696046	14.3931028062602	44.5
-27.0664082684695	14.3953262745527	44.5
-27.0555428524896	14.3975291948451	44.5
-27.0446737216648	14.3997115671375	44.5
-27.0338008759952	14.4018733914299	44.5
-27.0229243154806	14.4040146677223	44.5
-27.0120440401212	14.4061353960147	44.5
-27.001160049917	14.4082355763071	44.5
-26.9902723448678	14.4103152085995	44.5
-26.9793809249738	14.4123742928919	44.5
-26.9684857902349	14.4144128291843	44.5
-26.9575869406512	14.4164308174766	44.5
-26.9466843762225	14.418428257769	44.5
-26.935778096949	14.4204051500614	44.5
-26.9248681028307	14.4223614943537	44.5
-26.9139543938674	14.424297290646	44.5
-26.9030369700593	14.4262125389384	44.5
-26.8921158314063	14.4281072392307	44.5
-26.8811909779084	14.429981391523	44.5
-26.8702624095657	14.4318349958154	44.5
-26.8593301263781	14.4336680521077	44.5
-26.8483941283456	14.4354805604	44.5
-26.8374544154683	14.4372725206923	44.5
-26.8265109877461	14.4390439329846	44.5
-26.815563845179	14.4407947972768	44.5
-26.804612987767	14.4425251135691	44.5
-26.7936584155102	14.4442348818614	44.5
-26.7827001284085	14.4459241021537	44.5
-26.7717381264619	14.4475927744459	44.5
-26.7607724096705	14.4492408987382	44.5
-26.7498029780341	14.4508684750304	44.5
-26.738829831553	14.4524755033227	44.5
-26.7278529702269	14.4540619836149	44.5
-26.716872394056	14.4556279159071	44.5
-26.7058881030402	14.4571733001993	44.5
-26.6949000971795	14.4586981364916	44.5
-26.6839083764739	14.4602024247838	44.5
-26.6729129409235	14.461686165076	44.5
-26.6619137905282	14.4631493573682	44.5
-26.6509109252881	14.4645920016604	44.5
-26.639904345203	14.4660140979525	44.5
-26.6288940502731	14.4674156462447	44.5
-26.6178800404984	14.4687966465369	44.5
-26.6068623158787	14.4701570988291	44.5
-26.5958408764142	14.4714970031212	44.5
-26.5848157221048	14.4728163594134	44.5
-26.5737868529505	14.4741151677055	44.5
-26.5627542689514	14.4753934279976	44.5
-26.5517179701074	14.4766511402898	44.5
-26.5406779564185	14.4778883045819	44.5
-26.5296342278848	14.479104920874	44.5
-26.5185867845062	14.4803009891661	44.5
-26.5075356262827	14.4814765094582	44.5
-26.4964807532143	14.4826314817503	44.5
-26.4854221653011	14.4837659060424	44.5
-26.474359862543	14.4848797823345	44.5
-26.46329384494	14.4859731106266	44.5
-26.4522241124921	14.4870458909187	44.5
-26.4411506651994	14.4880981232107	44.5
-26.4300735030618	14.4891298075028	44.5
-26.4189926260794	14.4901409437949	44.5
-26.407908034252	14.4911315320869	44.5
-26.3968197275798	14.492101572379	44.5
-26.3857277060628	14.493051064671	44.5
-26.3746319697008	14.493980008963	44.5
-26.363532518494	14.494888405255	44.5
-26.3524293524423	14.4957762535471	44.5
-26.3413224715457	14.4966435538391	44.5
-26.3302118758043	14.4974903061311	44.5
-26.319097565218	14.4983165104231	44.5
-26.3079795397868	14.4991221667151	44.5
-26.2968577995108	14.4999072750071	44.5
-26.2857323443898	14.500671835299	44.5
-26.2746031744241	14.501415847591	44.5
-26.2634702896134	14.502139311883	44.5
-26.2523336899579	14.5028422281749	44.5
-26.2411933754575	14.5035245964669	44.5
-26.2300493461122	14.5041864167588	44.5
-26.218901601922	14.5048276890508	44.5
-26.207750142887	14.5054484133427	44.5
-26.1965949690071	14.5060485896346	44.5
-26.1854360802823	14.5066282179266	44.5
-26.1742734767127	14.5071872982185	44.5
-26.1631071582982	14.5077258305104	44.5
-26.1519371250388	14.5082438148023	44.5
-26.1407633769346	14.5087412510942	44.5
-26.1295859139855	14.5092181393861	44.5
-26.1184047361915	14.5096744796779	44.5
-26.1072198435526	14.5101102719698	44.5
-26.0960312360689	14.5105255162617	44.5
-26.0848389137403	14.5109202125536	44.5
-26.0736428765668	14.5112943608454	44.5
-26.0624431245484	14.5116479611373	44.5
-26.0512396576852	14.5119810134291	44.5
-26.0400324759771	14.5122935177209	44.5
-26.0288215794242	14.5125854740128	44.5
-26.0176069680263	14.5128568823046	44.5
-26.0063886417836	14.5131077425964	44.5
-25.995166600696	14.5133380548882	44.5
-25.9839408447636	14.51354781918	44.5
-25.9727113739863	14.5137370354718	44.5
-25.9614781883641	14.5139057037636	44.5
-25.950241287897	14.5140538240554	44.5
-25.9390006725851	14.5141813963472	44.5
-25.9277563424283	14.514288420639	44.5
-25.9165082974266	14.5143748969308	44.5
-25.90525653758	14.5144408252225	44.5
-25.8940010628886	14.5144862055143	44.5
-25.8827418733523	14.514511037806	44.5
-25.8714789689711	14.5145153220978	44.5
-25.8602123497451	14.5144990583895	44.5
-25.8489420156742	14.5144622466812	44.5
-25.8376679667584	14.5144048869729	44.5
-25.8263902029978	14.5143269792647	44.5
-25.8151087243922	14.5142285235564	44.5
-25.8038235309419	14.5141095198481	44.5
-25.7925346226466	14.5139699681398	44.5
-25.7812419995064	14.5138098684315	44.5
-25.7699456615214	14.5136292207231	44.5
-25.7586456086916	14.5134280250148	44.5
-25.7473418410168	14.5132062813065	44.5
-25.7360343584972	14.5129639895982	44.5
-25.7247231611327	14.5127011498898	44.5
-25.7134082489233	14.5124177621815	44.5
-25.7020896218691	14.5121138264731	44.5
-25.69076727997	14.5117893427648	44.5
-25.679441223226	14.5114443110564	44.5
-25.6681114516371	14.511078731348	44.5
-25.6567779652034	14.5106926036396	44.5
-25.6454407639248	14.5102859279313	44.5
-25.6340998478014	14.5098587042229	44.5
-25.622755216833	14.5094109325145	44.5
-25.6114068710198	14.5089426128061	44.5
-25.6000548103617	14.5084537450977	44.5
-25.5886990348588	14.5079443293892	44.5
-25.577339544511	14.5074143656808	44.5
-25.5659763393183	14.5068638539724	44.5
-25.5546094192807	14.5062927942639	44.5
-25.5432387843983	14.5057011865555	44.5
-25.531864434671	14.5050890308471	44.5
-25.5204863700988	14.5044563271386	44.5
-25.5091045906817	14.5038030754301	44.5
-25.4977190964198	14.5031292757217	44.5
-25.486329887313	14.5024349280132	44.5
-25.4749369633613	14.5017200323047	44.5
-25.4635403245648	14.5009845885962	44.5
-25.4521399709234	14.5002285968877	44.5
-25.4407359024371	14.4994520571792	44.5
-25.4293281191059	14.4986549694707	44.5
-25.4179166209299	14.4978373337622	44.5
-25.406501407909	14.4969991500537	44.5
-25.3950824800433	14.4961404183452	44.5
-25.3836598373326	14.4952611386366	44.5
-25.3722334797771	14.4943613109281	44.5
-25.3608034073767	14.4934409352196	44.5
-25.3493696201315	14.492500011511	44.5
-25.3379321180413	14.4915385398024	44.5
-25.3264909011063	14.4905565200939	44.5
-25.3150459693265	14.4895539523853	44.5
-25.3035973227017	14.4885308366767	44.5
-25.2921449612321	14.4874871729681	44.5
-25.2806888849176	14.4864229612596	44.5
-25.2692290937583	14.485338201551	44.5
-25.2577655877541	14.4842328938424	44.5
-25.246298366905	14.4831070381338	44.5
-25.234827431211	14.4819606344251	44.5
-25.2233527806722	14.4807936827165	44.5
-25.2118744152885	14.4796061830079	44.5
-25.2003923350599	14.4783981352993	44.5
-25.1889065399864	14.4771695395906	44.5
-25.1774170300681	14.475920395882	44.5
-25.1659238053049	14.4746507041733	44.5
-25.1544268656968	14.4733604644646	44.5
-25.1429262112439	14.472049676756	44.5
-25.1314218419461	14.4707183410473	44.5
-25.1199137578034	14.4693664573386	44.5
-25.1084019588158	14.4679940256299	44.5
-25.0968864449834	14.4666010459213	44.5
-25.0853672163061	14.4651875182126	44.5
-25.0738442727839	14.4637534425039	44.5
-25.0623176144169	14.4622988187951	44.5
-25.050787241205	14.4608236470864	44.5
-25.0392531531482	14.4593279273777	44.5
-25.0277153502465	14.457811659669	44.5
-25.0161738325	14.4562748439602	44.5
-25.0046285999086	14.4547174802515	44.5
-24.9930796524724	14.4531395685427	44.5
-24.9815269901912	14.451541108834	44.5
-24.9699706130652	14.4499221011252	44.5
-24.9584105210943	14.4482825454165	44.5
-24.9468467142786	14.4466224417077	44.5
-24.9352791926179	14.4449417899989	44.5
-24.9237079561124	14.4432405902901	44.5
-24.9121330047621	14.4415188425813	44.5
-24.9005543385668	14.4397765468725	44.5
-24.8889719575267	14.4380137031637	44.5
-24.8773858616417	14.4362303114549	44.5
-24.8657960509119	14.4344263717461	44.5
-24.8542025253371	14.4326018840372	44.5
-24.8426052849175	14.4307568483284	44.5
-24.8310043296531	14.4288912646196	44.5
-24.8193996595437	14.4270051329107	44.5
-24.8077912745895	14.4250984532019	44.5
-24.7961791747904	14.423171225493	44.5
-24.7845633601465	14.4212234497842	44.5
-24.7729438306576	14.4192551260753	44.5
-24.7613205863239	14.4172662543664	44.5
-24.7496936271454	14.4152568346575	44.5
-24.7380629531219	14.4132268669486	44.5
-24.7264285642536	14.4111763512397	44.5
-24.7147904605404	14.4091052875308	44.5
-24.7031486419824	14.4070136758219	44.5
-24.6915031085795	14.404901516113	44.5
-24.6798538603317	14.4027688084041	44.5
-24.668200897239	14.4006155526952	44.5
-24.6565442193014	14.3984417489862	44.5
-24.644883826519	14.3962473972773	44.5
-24.6332197188917	14.3940324975683	44.5
-24.6215518964196	14.3917970498594	44.5
-24.6098803591026	14.3895410541504	44.5
-24.5982051069407	14.3872645104415	44.5
-24.5865261399339	14.3849674187325	44.5
-24.5748434580822	14.3826497790235	44.5
-24.5631570613857	14.3803115913145	44.5
-24.5514669498443	14.3779528556055	44.5
-24.5397731234581	14.3755735718965	44.5
-24.5280755822269	14.3731737401875	44.5
-24.5163743261509	14.3707533604785	44.5
-24.5046693552301	14.3683124327695	44.5
-24.4929606694643	14.3658509570605	44.5
-24.4812482688537	14.3633689333514	44.5
-24.4695321533982	14.3608663616424	44.5
-24.4578123230979	14.3583432419334	44.5
-24.4460887779526	14.3557995742243	44.5
-24.4343615179625	14.3532353585152	44.5
-24.4226305431276	14.3506505948062	44.5
-24.4108958534477	14.3480452830971	44.5
-24.399157448923	14.345419423388	44.5
-24.3874153295534	14.342773015679	44.5
-24.375669495339	14.3401060599699	44.5
-24.3639199462796	14.3374185562608	44.5
-24.3521666823754	14.3347105045517	44.5
-24.3404097036264	14.3319819048426	44.5
-24.3286490100324	14.3292327571335	44.5
-24.3168846015936	14.3264630614243	44.5
-24.3051164783099	14.3236728177152	44.5
-24.2933446401814	14.3208620260061	44.5
-24.2815690872079	14.3180306862969	44.5
-24.2697898193896	14.3151787985878	44.5
-24.2580068367264	14.3123063628786	44.5
-24.2462201392184	14.3094133791695	44.5
-24.2344297268655	14.3064998474603	44.5
-24.2226355996677	14.3035657677511	44.5
-24.210837757625	14.300611140042	44.5
-24.1990362007375	14.2976359643328	44.5
-24.1872309290051	14.2946402406236	44.5
-24.1754219424278	14.2916239689144	44.5
-24.1636092410057	14.2885871492052	44.5
-24.1517928247387	14.285529781496	44.5
-24.1399726936268	14.2824518657868	44.5
-24.12814884767	14.2793534020775	44.5
-24.1163212868684	14.2762343903683	44.5
-24.1044900112219	14.2730948306591	44.5
-24.0926550207305	14.2699347229498	44.5
-24.0808163153943	14.2667540672406	44.5
-24.0689738952132	14.2635528635313	44.5
-24.0571277601872	14.2603311118221	44.5
-24.0452779103163	14.2570888121128	44.5
-24.0334243456006	14.2538259644035	44.5
-24.02156706604	14.2505425686943	44.5
-24.0097060716345	14.247238624985	44.5
-23.9978413623842	14.2439141332757	44.5
-23.9859729382889	14.2405690935664	44.5
-23.9741007993488	14.2372035058571	44.5
-23.9622249455639	14.2338173701478	44.5
-23.9503453769341	14.2304106864384	44.5
-23.9384620934593	14.2269834547291	44.5
-23.9265750951398	14.2235356750198	44.5
-23.9146843819753	14.2200673473104	44.5
-23.902789953966	14.2165784716011	44.5
-23.8908918111118	14.2130690478918	44.5
-23.8789899534128	14.2095390761824	44.5
-23.8670843808688	14.205988556473	44.5
-23.85517509348	14.2024174887637	44.5
-23.8432620912463	14.1988258730543	44.5
-23.8313453741678	14.1952137093449	44.5
-23.8194249422444	14.1915809976355	44.5
-23.8075007954761	14.1879277379261	44.5
-23.7955729338629	14.1842539302167	44.5
-23.7836413574049	14.1805595745073	44.5
-23.771706066102	14.1768446707979	44.5
-23.7597670599542	14.1731092190885	44.5
-23.7478243389616	14.1693532193791	44.5
-23.7358779031241	14.1655766716696	44.5
-23.7239277524417	14.1617795759602	44.5
-23.7119738869144	14.1579619322507	44.5
-23.7000163065423	14.1541237405413	44.5
-23.6880550113253	14.1502650008318	44.5
-23.6760900012634	14.1463857131224	44.5
-23.6641212763566	14.1424858774129	44.5
-23.652148836605	14.1385654937034	44.5
-23.6401726820085	14.1346245619939	44.5
-23.6281928125672	14.1306630822844	44.5
-23.6162092282809	14.1266810545749	44.5
-23.6042219291498	14.1226784788654	44.5
-23.5922309151739	14.1186553551559	44.5
-23.580236186353	14.1146116834464	44.5
-23.5682377426873	14.1105474637369	44.5
-23.5562355841767	14.1064626960274	44.5
-23.5442297108212	14.1023573803178	44.5
-23.5322201226209	14.0982315166083	44.5
-23.5202068195757	14.0940851048987	44.5
-23.5081898016856	14.0899181451892	44.5
-23.4961690689507	14.0857306374796	44.5
-23.4841446213708	14.0815225817701	44.5
-23.4721164589462	14.0772939780605	44.5
-23.4600845816766	14.0730448263509	44.5
-23.4480489895622	14.0687751266413	44.5
-23.4360096826029	14.0644848789317	44.5
-23.4239666607987	14.0601740832221	44.5
-23.4119199241496	14.0558427395125	44.5
-23.3998694726557	14.0514908478029	44.5
-23.3878153063169	14.0471184080933	44.5
-23.3757574251333	14.0427254203837	44.5
-23.3636958291047	14.038311884674	44.5
-23.3516305182313	14.0338778009644	44.5
-23.339561492513	14.0294231692547	44.5
-23.3274887519499	14.0249479895451	44.5
-23.3154122965419	14.0204522618354	44.5
-23.303332126289	14.0159359861258	44.5
-23.2912482411912	14.0113991624161	44.5
-23.2791606412486	14.0068417907064	44.5
-23.2670693264611	14.0022638709967	44.5
-23.2549742968287	13.9976654032871	44.5
-23.2428755523514	13.9930463875774	44.5
-23.2307730930293	13.9884068238677	44.5
-23.2186669188623	13.983746712158	44.5
-23.2065570298505	13.9790660524482	44.5
-23.1944434259937	13.9743648447385	44.5
-23.1823261072921	13.9696430890288	44.5
-23.1702050737456	13.9649007853191	44.5
-23.1580803253543	13.9601379336093	44.5
-23.1459518621181	13.9553545338996	44.5
-23.133819684037	13.9505505861898	44.5
-23.121683791111	13.9457260904801	44.5
-23.1095441833402	13.9408810467703	44.5
-23.0974008607245	13.9360154550605	44.5
-23.0852538232639	13.9311293153507	44.5
-23.0731030709584	13.926222627641	44.5
-23.0609486038081	13.9212953919312	44.5
-23.0487904218129	13.9163476082214	44.5
-23.0366285249729	13.9113792765116	44.5
-23.0244629132879	13.9063903968018	44.5
-23.0122935867581	13.9013809690919	44.5
-23.0001205453834	13.8963509933821	44.5
-22.9879437891639	13.8913004696723	44.5
-22.9757633180995	13.8862293979625	44.5
-22.9635791321902	13.8811377782526	44.5
-22.951391231436	13.8760256105428	44.5
-22.939199615837	13.8708928948329	44.5
-22.9270042853931	13.865739631123	44.5
-22.9148052401043	13.8605658194132	44.5
-22.9026024799706	13.8553714597033	44.5
-22.8903960049921	13.8501565519934	44.5
-22.8781858151687	13.8449210962835	44.5
-22.8659719105004	13.8396650925736	44.5
-22.8537542909873	13.8343885408637	44.5
-22.8415329566293	13.8290914411538	44.5
-22.8293079074264	13.8237737934439	44.5
-22.8170791433787	13.818435597734	44.5
-22.804846664486	13.8130768540241	44.5
-22.7926104707485	13.8076975623142	44.5
-22.7803705621662	13.8022977226042	44.5
-22.7681269387389	13.7968773348943	44.5
-22.7558796004668	13.7914363991843	44.5
-22.7436285473499	13.7859749154744	44.5
-22.731373779388	13.7804928837644	44.5
-22.7191152965813	13.7749903040544	44.5
-22.7068530989297	13.7694671763445	44.5
-22.6945871864332	13.7639235006345	44.5
-22.6823175590919	13.7583592769245	44.5
-22.6700442169057	13.7527745052145	44.5
-22.6577671598746	13.7471691855045	44.5
-22.6454863879986	13.7415433177945	44.5
-22.6332019012778	13.7358969020845	44.5
-22.6209136997121	13.7302299383744	44.5
-22.6086217833016	13.7245424266644	44.5
-22.5963261520461	13.7188343669544	44.5
-22.5840268059458	13.7131057592443	44.5
-22.5717237450006	13.7073566035343	44.5
-22.5594169692106	13.7015868998242	44.5
-22.5471064785756	13.6957966481142	44.5
-22.5347922730958	13.6899858484041	44.5
-22.5224743527712	13.684154500694	44.5
-22.5101527176016	13.678302604984	44.5
-22.4978273675872	13.6724301612739	44.5
-22.485498302728	13.6665371695638	44.5
-22.4731655230238	13.6606236298537	44.5
-22.4608290284748	13.6546895421436	44.5
-22.4484888190809	13.6487349064335	44.5
-22.4361448948421	13.6427597227234	44.5
-22.4237972557585	13.6367639910132	44.5
-22.41144590183	13.6307477113031	44.5
-22.3990908330566	13.624710883593	44.5
-22.3867320494383	13.6186535078828	44.5
-22.3743695509752	13.6125755841727	44.5
-22.3620033376672	13.6064771124625	44.5
-22.3496334095143	13.6003580927524	44.5
-22.3372597665166	13.5942185250422	44.5
-22.324882408674	13.588058409332	44.5
-22.3125013359865	13.5818777456218	44.5
-22.3001165484541	13.5756765339117	44.5
-22.2877280460769	13.5694547742015	44.5
-22.2753358288548	13.5632124664913	44.5
-22.2629398967879	13.5569496107811	44.5
-22.250540249876	13.5506662070708	44.5
-22.2381368881193	13.5443622553606	44.5
-22.2257298115177	13.5380377556504	44.5
-22.2133190200713	13.5316927079402	44.5
-22.2009045137799	13.5253271122299	44.5
-22.1884862926437	13.5189409685197	44.5
-22.1760643566627	13.5125342768094	44.5
-22.1636387058367	13.5061070370992	44.5
-22.1512093401659	13.4996592493889	44.5
-22.1387762596502	13.4931909136786	44.5
-22.1263394642897	13.4867020299684	44.5
-22.1138989540843	13.4801925982581	44.5
-22.101454729034	13.4736626185478	44.5
-22.0890067891388	13.4671120908375	44.5
-22.0765551343987	13.4605410151272	44.5
-22.0640997648138	13.4539493914169	44.5
-22.0516406803841	13.4473372197066	44.5
-22.0391778811094	13.4407044999963	44.5
-22.0267113669899	13.4340512322859	44.5
-22.0142411380255	13.4273774165756	44.5
-22.0017671942162	13.4206830528653	44.5
-21.9892895355621	13.4139681411549	44.5
-21.976808162063	13.4072326814446	44.5
-21.9643230737192	13.4004766737342	44.5
-21.9518342705304	13.3937001180238	44.5
-21.9393417524968	13.3869030143135	44.5
-21.9268455196183	13.3800853626031	44.5
-21.9143455718949	13.3732471628927	44.5
-21.9018419093267	13.3663884151823	44.5
-21.8893345319136	13.3595091194719	44.5
-21.8768234396556	13.3526092757615	44.5
-21.8643086325527	13.3456888840511	44.5
-21.851790110605	13.3387479443407	44.5
-21.8392678738124	13.3317864566302	44.5
-21.8267419221749	13.3248044209198	44.5
-21.8142122556926	13.3178018372094	44.5
-21.8016788743654	13.3107787054989	44.5
-21.7891417781933	13.3037350257885	44.5
-21.7766009671763	13.296670798078	44.5
-21.7640564413145	13.2895860223676	44.5
-21.7515082006078	13.2824806986571	44.5
-21.7389562450562	13.2753548269466	44.5
-21.7264005746598	13.2682084072361	44.5
-21.7138411894185	13.2610414395257	44.5
-21.7012780893323	13.2538539238152	44.5
-21.6887112744012	13.2466458601047	44.5
-21.6761407446253	13.2394172483942	44.5
-21.6635665000045	13.2321680886836	44.5
-21.6509885405388	13.2248983809731	44.5
-21.6384068662283	13.2176081252626	44.5
-21.6258214770729	13.2102973215521	44.5
-21.6132323730726	13.2029659698415	44.5
-21.6006395542274	13.195614070131	44.5
-21.5880430205374	13.1882416224204	44.5
-21.5754427720025	13.1808486267099	44.5
-21.5628388086227	13.1734350829993	44.5
-21.5502311303981	13.1660009912887	44.5
-21.5376197373286	13.1585463515782	44.5
-21.5250046294142	13.1510711638676	44.5
-21.5123858066549	13.143575428157	44.5
-21.4997632690508	13.1360591444464	44.5
-21.4871370166018	13.1285223127358	44.5
-21.4745070493079	13.1209649330252	44.5
-21.4618733671692	13.1133870053146	44.5
-21.4492359701856	13.1057885296039	44.5
-21.4365948583571	13.0981695058933	44.5
-21.4239500316837	13.0905299341827	44.5
-21.4113014901655	13.082869814472	44.5
-21.3986492338024	13.0751891467614	44.5
-21.3859932625944	13.0674879310507	44.5
-21.3733335765416	13.0597661673401	44.5
-21.3606701756439	13.0520238556294	44.5
-21.3480030599013	13.0442609959187	44.5
-21.3353322293138	13.0364775882081	44.5
-21.3226576838815	13.0286736324974	44.5
-21.3099794236043	13.0208491287867	44.5
-21.2972974484822	13.013004077076	44.5
-21.2846117585153	13.0051384773653	44.5
-21.2719223537034	12.9972523296546	44.5
-21.2592292340468	12.9893456339439	44.5
-21.2465323995452	12.9814183902331	44.5
-21.2338318501988	12.9734705985224	44.5
-21.2211275860075	12.9655022588117	44.5
-21.2084196069713	12.9575133711009	44.5
-21.1957079130902	12.9495039353902	44.5
-21.1829925043643	12.9414739516794	44.5
-21.1702733807935	12.9334234199687	44.5
-21.1575505423779	12.9253523402579	44.5
-21.1448239891174	12.9172607125471	44.5
-21.132093721012	12.9091485368363	44.5
-21.1193597380617	12.9010158131255	44.5
-21.1066220402665	12.8928625414148	44.5
-21.0938806276265	12.884688721704	44.5
-21.0811355001416	12.8764943539931	44.5
-21.0683866578119	12.8682794382823	44.5
-21.0556341006372	12.8600439745715	44.5
-21.0428778286177	12.8517879628607	44.5
-21.0301178417534	12.8435114031499	44.5
-21.0173541400441	12.835214295439	44.5
-21.00458672349	12.8268966397282	44.5
-20.991815592091	12.8185584360173	44.5
-20.9790407458471	12.8101996843065	44.5
-20.9662621847584	12.8018203845956	44.5
-20.9534799088248	12.7934205368847	44.5
-20.9406939180463	12.7850001411738	44.5
-20.927904212423	12.776559197463	44.5
-20.9151107919548	12.7680977057521	44.5
-20.9023136566417	12.7596156660412	44.5
-20.8895128064837	12.7511130783303	44.5
-20.8767082414809	12.7425899426194	44.5
-20.8638999616332	12.7340462589085	44.5
-20.8510879669406	12.7254820271975	44.5
-20.8382722574032	12.7168972474866	44.5
-20.8254528330209	12.7082919197757	44.5
-20.8126296937937	12.6996660440647	44.5
-20.7998028397216	12.6910196203538	44.5
-20.7869722708047	12.6823526486428	44.5
-20.7741379870429	12.6736651289319	44.5
-20.7612999884362	12.6649570612209	44.5
-20.7484582749846	12.6562284455099	44.5
-20.7356128466882	12.6474792817989	44.5
-20.7227637035469	12.638709570088	44.5
-20.7099108455608	12.629919310377	44.5
-20.6970542727297	12.621108502666	44.5
-20.6841939850538	12.612277146955	44.5
-20.6713299825331	12.603425243244	44.5
-20.6584622651674	12.5945527915329	44.5
-20.6455908329569	12.5856597918219	44.5
-20.6327156859015	12.5767462441109	44.5
-20.6198368240012	12.5678121483998	44.5
-20.6069542472561	12.5588575046888	44.5
-20.5940679556661	12.5498823129778	44.5
-20.5811779492312	12.5408865732667	44.5
-20.5682842279515	12.5318702855556	44.5
-20.5553867918269	12.5228334498446	44.5
-20.5424856408574	12.5137760661335	44.5
-20.529580775043	12.5046981344224	44.5
-20.5166721943838	12.4955996547113	44.5
-20.5037598988797	12.4864806270002	44.5
-20.4908438885307	12.4773410512891	44.5
-20.4779241633368	12.468180927578	44.5
-20.4650007232981	12.4590002558669	44.5
-20.4520735684145	12.4497990361558	44.5
-20.4391426986861	12.4405772684447	44.5
-20.4262081141127	12.4313349527335	44.5
-20.4132698146945	12.4220720890224	44.5
-20.4003278004315	12.4127886773112	44.5
-20.3873820713235	12.4034847176001	44.5
-20.3744326273707	12.3941602098889	44.5
-20.361479468573	12.3848151541778	44.5
-20.3485225949304	12.3754495504666	44.5
-20.335562006443	12.3660633987554	44.5
-20.3225977031107	12.3566566990442	44.5
-20.3096296849335	12.347229451333	44.5
-20.2966579519115	12.3377816556219	44.5
-20.2836825040445	12.3283133119106	44.5
-20.2707033413328	12.3188244201994	44.5
-20.2577204637761	12.3093149804882	44.5
-20.2447338713746	12.299784992777	44.5
-20.2317435641281	12.2902344570658	44.5
-20.2187495420369	12.2806633733545	44.5
-20.2057518051007	12.2710717416433	44.5
-20.1927503533197	12.261459561932	44.5
-20.1797451866938	12.2518268342208	44.5
-20.166736305223	12.2421735585095	44.5
-20.1537237089074	12.2324997347983	44.5
-20.1407073977469	12.222805363087	44.5
-20.1276873717415	12.2130904433757	44.5
-20.1146636308913	12.2033549756644	44.5
-20.1016361751962	12.1935989599531	44.5
-20.0886050046562	12.1838223962418	44.5
-20.0755701192713	12.1740252845305	44.5
-20.0625315190416	12.1642076248192	44.5
-20.049489203967	12.1543694171079	44.5
-20.0364431740475	12.1445106613966	44.5
-20.0233934292831	12.1346313576852	44.5
-20.0103399696739	12.1247315059739	44.5
-19.9972827952198	12.1148111062626	44.5
-19.9842219059208	12.1048701585512	44.5
-19.971157301777	12.0949086628399	44.5
-19.9580889827883	12.0849266191285	44.5
-19.9450169489547	12.0749240274171	44.5
-19.9319412002763	12.0649008877058	44.5
-19.918861736753	12.0548571999944	44.5
-19.9057785583848	12.044792964283	44.5
-19.8926916651717	12.0347081805716	44.5
-19.8796010571138	12.0246028488602	44.5
-19.8665067342109	12.0144769691488	44.5
-19.8534086964633	12.0043305414374	44.5
-19.8403069438707	11.9941635657259	44.5
-19.8272014764333	11.9839760420145	44.5
-19.814092294151	11.9737679703031	44.5
-19.8009793970238	11.9635393505917	44.5
-19.7878627850518	11.9532901828802	44.5
-19.7747424582349	11.9430204671688	44.5
-19.7616184165731	11.9327302034573	44.5
-19.7484906600665	11.9224193917458	44.5
-19.7353591887149	11.9120880320344	44.5
-19.7222240025185	11.9017361243229	44.5
-19.7090851014773	11.8913636686114	44.5
-19.6959424855911	11.8809706648999	44.5
-19.6827961548601	11.8705571131884	44.5
-19.6696461092843	11.8601230134769	44.5
-19.6564923488635	11.8496683657654	44.5
-19.6433348735979	11.8391931700539	44.5
-19.6301736834874	11.8286974263424	44.5
-19.617008778532	11.8181811346308	44.5
-19.6038401587318	11.8076442949193	44.5
-19.5906678240867	11.7970869072078	44.5
-19.5774917745967	11.7865089714962	44.5
-19.5643120102618	11.7759104877846	44.5
-19.5511285310821	11.7652914560731	44.5
-19.5379413370575	11.7546518763615	44.5
-19.524750428188	11.74399174865	44.5
-19.5115558044737	11.7333110729384	44.5
-19.4983574659145	11.7226098492268	44.5
-19.4851554125104	11.7118880775152	44.5
-19.4719496442615	11.7011457578036	44.5
-19.4587401611676	11.690382890092	44.5
-19.445526963229	11.6795994743804	44.5
-19.4323100504454	11.6687955106688	44.5
-19.4190894228169	11.6579709989571	44.5
-19.4058650803436	11.6471259392455	44.5
-19.3926370230255	11.6362603315339	44.5
-19.3794052508624	11.6253741758222	44.5
-19.3661697638545	11.6144674721106	44.5
-19.3529305620017	11.6035402203989	44.5
-19.339687645304	11.5925924206873	44.5
-19.3264410137615	11.5816240729756	44.5
-19.3131906673741	11.5706351772639	44.5
-19.2999366061418	11.5596257335522	44.5
-19.2866788300646	11.5485957418405	44.5
-19.2734173391426	11.5375452021288	44.5
-19.2601521333757	11.5264741144171	44.5
-19.2468832127639	11.5153824787054	44.5
-19.2336105773073	11.5042702949937	44.5
-19.2203342270058	11.493137563282	44.5
-19.2070541618594	11.4819842835703	44.5
-19.1937703818682	11.4708104558585	44.5
-19.180482887032	11.4596160801468	44.5
-19.167191677351	11.4484011564351	44.5
-19.1538967528252	11.4371656847233	44.5
-19.1405981134544	11.4259096650115	44.5
-19.1272957592388	11.4146330972998	44.5
-19.1139896901783	11.403335981588	44.5
-19.100679906273	11.3920183178762	44.5
-19.0873664075228	11.3806801061644	44.5
-19.0740491939277	11.3693213464527	44.5
-19.0607282654877	11.3579420387409	44.5
-19.0474036222028	11.3465421830291	44.5
-19.0340752640731	11.3351217793172	44.5
-19.0207431910985	11.3236808276054	44.5
-19.0074074032791	11.3122193278936	44.5
-18.9940679006148	11.3007372801818	44.5
-18.9807246831056	11.2892346844699	44.5
-18.9673777507515	11.2777115407581	44.5
-18.9540271035526	11.2661678490462	44.5
-18.9406727415087	11.2546036093344	44.5
-18.9273146646201	11.2430188216225	44.5
-18.9139528728865	11.2314134859107	44.5
-18.9005873663081	11.2197876021988	44.5
-18.8872181448848	11.2081411704869	44.5
-18.8738452086166	11.196474190775	44.5
-18.8604685575036	11.1847866630631	44.5
-18.8470881915457	11.1730785873512	44.5
-18.8337041107429	11.1613499636393	44.5
-18.8203163150952	11.1496007919274	44.5
-18.8069248046027	11.1378310722155	44.5
-18.7935295792653	11.1260408045036	44.5
-18.780130639083	11.1142299887916	44.5
-18.7667279840559	11.1023986250797	44.5
-18.7533216141839	11.0905467133678	44.5
-18.739911529467	11.0786742536558	44.5
-18.7264977299052	11.0667812459439	44.5
-18.7130802154986	11.0548676902319	44.5
-18.6996589862471	11.0429335865199	44.5
-18.6862340421507	11.0309789348079	44.5
-18.6728053832095	11.019003735096	44.5
-18.6593730094234	11.007007987384	44.5
-18.6459369207924	10.994991691672	44.5
-18.6324971173165	10.98295484796	44.5
-18.6190535989958	10.970897456248	44.5
-18.6056063658302	10.958819516536	44.5
-18.5921554178197	10.9467210288239	44.5
-18.5787007549644	10.9346019931119	44.5
-18.5652423772642	10.9224624093999	44.5
-18.5517802847191	10.9103022776878	44.5
-18.5383144773291	10.8981215979758	44.5
-18.5248449550943	10.8859203702637	44.5
-18.5113717180146	10.8736985945517	44.5
-18.49789476609	10.8614562708396	44.5
-18.4844140993206	10.8491933991275	44.5
-18.4709297177063	10.8369099794155	44.5
-18.4574416212471	10.8246060117034	44.5
-18.443949809943	10.8122814959913	44.5
-18.4304542837941	10.7999364322792	44.5
-18.4169550428003	10.7875708205671	44.5
-18.4034520869617	10.775184660855	44.5
-18.3899454162781	10.7627779531429	44.5
-18.3764350307497	10.7503506974307	44.5
-18.3629209303764	10.7379028937186	44.5
-18.3494031151582	10.7254345420065	44.5
-18.3358815850952	10.7129456422943	44.5
-18.3223563401873	10.7004361945822	44.5
-18.3088273804345	10.68790619887	44.5
-18.2952947058369	10.6753556551579	44.5
-18.2817583163944	10.6627845634457	44.5
-18.268218212107	10.6501929237335	44.5
-18.2546743929747	10.6375807360213	44.5
-18.2411268589976	10.6249480003092	44.5
-18.2275756101756	10.612294716597	44.5
-18.2140206465087	10.5996208848848	44.5
-18.200461967997	10.5869265051726	44.5
-18.1868995746404	10.5742115774603	44.5
-18.1733334664389	10.5614761017481	44.5
-18.1597636433925	10.5487200780359	44.5
-18.1461901055013	10.5359435063237	44.5
-18.1326128527652	10.5231463866114	44.5
-18.1190318851842	10.5103287188992	44.5
-18.1054472027584	10.4974905031869	44.5
-18.0918588054877	10.4846317394747	44.5
-18.0782666933721	10.4717524277624	44.5
-18.0646708664116	10.4588525680501	44.5
-18.0510713246063	10.4459321603379	44.5
-18.0374680679561	10.4329912046256	44.5
-18.023861096461	10.4200297009133	44.5
-18.0102504101211	10.407047649201	44.5
-17.9966360089363	10.3940450494887	44.5
-17.9830178929066	10.3810219017764	44.5
-17.969396062032	10.3679782060641	44.5
-17.9557705163126	10.3549139623518	44.5
-17.9421412557483	10.3418291706394	44.5
-17.9285082803391	10.3287238309271	44.5
-17.9148715900851	10.3155979432148	44.5
-17.9012311849862	10.3024515075024	44.5
-17.8875870650424	10.2892845237901	44.5
-17.8739392302537	10.2760969920777	44.5
-17.8602876806202	10.2628889123653	44.5
-17.8466324161418	10.249660284653	44.5
-17.8329734368185	10.2364111089406	44.5
-17.8193107426504	10.2231413852282	44.5
-17.8056443336373	10.2098511135158	44.5
-17.7919742097794	10.1965402938034	44.5
-17.7783003710767	10.183208926091	44.5
-17.7646228175291	10.1698570103786	44.5
-17.7509415491366	10.1564845466662	44.5
-17.7372565658992	10.1430915349538	44.5
-17.7235678678169	10.1296779752413	44.5
-17.7098754548898	10.1162438675289	44.5
-17.6961793271178	10.1027892118164	44.5
-17.682479484501	10.089314008104	44.5
-17.6687759270392	10.0758182563915	44.5
-17.6550686547326	10.0623019566791	44.5
-17.6413576675812	10.0487651089666	44.5
-17.6276429655848	10.0352077132541	44.5
-17.6139245487436	10.0216297695417	44.5
-17.6002024170575	10.0080312778292	44.5
-17.5864765705265	9.99441223811667	44.5
-17.5727470091507	9.98077265040417	44.5
-17.55901373293	9.96711251469167	44.5
-17.5452767418644	9.95343183097916	44.5
-17.531536035954	9.93973059926664	44.5
-17.5177916151987	9.92600881955411	44.5
-17.5040434795985	9.91226649184158	44.5
-17.4902916291534	9.89850361612904	44.5
-17.4765360638635	9.8847201924165	44.5
-17.4627767837287	9.87091622070394	44.5
-17.449013788749	9.85709170099139	44.5
-17.4352470789245	9.84324663327882	44.5
-17.421476654255	9.82938101756626	44.5
-17.4077025147408	9.81549485385368	44.5
-17.3939246603816	9.8015881421411	44.5
-17.3801430911776	9.7876608824285	44.5
-17.3663578071287	9.77371307471591	44.5
-17.3525688082349	9.75974471900331	44.5
-17.3387760944962	9.7457558152907	44.5
-17.3249796659127	9.73174636357809	44.5
-17.3111795224843	9.71771636386546	44.5
-17.2973756642111	9.70366581615284	44.5
-17.2835680910929	9.6895947204402	44.5
-17.2697568031299	9.67550307672756	44.5
-17.255941800322	9.66139088501491	44.5
-17.2421230826693	9.64725814530226	44.5
-17.2283006501717	9.6331048575896	44.5
-17.2144745028292	9.61893102187694	44.5
-17.2006446406418	9.60473663816427	44.5
-17.1868110636096	9.59052170645159	44.5
-17.1729737717325	9.5762862267389	44.5
-17.1591327650105	9.56203019902621	44.5
-17.1452880434437	9.54775362331351	44.5
-17.1314396070319	9.53345649960081	44.5
-17.1175874557754	9.5191388278881	44.5
-17.1037315896739	9.50480060817538	44.5
-17.0898720087276	9.49044184046265	44.5
-17.0760087129363	9.47606252474992	44.5
-17.0621417023003	9.46166266103719	44.5
-17.0482709768193	9.44724224932445	44.5
-17.0343965364935	9.4328012896117	44.5
-17.0205183813228	9.41833978189894	44.5
-17.0066365113072	9.40385772618618	44.5
-16.9927509264468	9.38935512247341	44.5
-16.9788616267415	9.37483197076063	44.5
-16.9649686121913	9.36028827104786	44.5
-16.9510718827963	9.34572402333507	44.5
-16.9371714385564	9.33113922762228	44.5
-16.9232672794716	9.31653388390948	44.5
-16.9093594055419	9.30190799219667	44.5
-16.8954478167674	9.28726155248386	44.5
-16.881532513148	9.27259456477104	44.5
-16.8676134946837	9.25790702905821	44.5
-16.8536907613745	9.24319894534538	44.5
-16.8397643132205	9.22847031363254	44.5
-16.8258341502216	9.21372113391969	44.5
-16.8119002723779	9.19895140620685	44.5
-16.7979626796892	9.18416113049399	44.5
-16.7840213721557	9.16935030678112	44.5
-16.7700763497773	9.15451893506825	44.5
-16.7561276125541	9.13966701535537	44.5
-16.742175160486	9.12479454764249	44.5
-16.728218993573	9.10990153192961	44.5
-16.7142591118151	9.09498796821671	44.5
-16.7002955152124	9.0800538565038	44.5
-16.6863282037648	9.0650991967909	44.5
-16.6723571774723	9.05012398907798	44.5
-16.6583824363349	9.03512823336506	44.5
-16.6444039803527	9.02011192965213	44.5
-16.6304218095256	9.0050750779392	44.5
-16.6164359238537	8.99001767822626	44.5
-16.6024463233368	8.97493973051331	44.5
-16.5884530079751	8.95984123480036	44.5
-16.5744559777685	8.9447221910874	44.5
-16.5604552327171	8.92958259937443	44.5
-16.5464507728208	8.91442245966146	44.5
-16.5324425980796	8.89924177194848	44.5
-16.5184307084935	8.88404053623549	44.5
-16.5044151040626	8.8688187525225	44.5
-16.4903957847868	8.8535764208095	44.5
-16.4763727506661	8.8383135410965	44.5
-16.4623460017005	8.82303011338349	44.5
-16.4483155378901	8.80772613767047	44.5
-16.4342813592348	8.79240161395744	44.5
-16.4202434657346	8.77705654224442	44.5
-16.4062018573896	8.76169092253138	44.5
-16.3921565341997	8.74630475481834	44.5
-16.3781074961649	8.73089803910529	44.5
-16.3640547432853	8.71547077539223	44.5
-16.3499982755607	8.70002296367917	44.5
-16.3359380929913	8.6845546039661	44.5
-16.3218741955771	8.66906569625303	44.5
-16.3078065833179	8.65355624053995	44.5
-16.2937352562139	8.63802623682686	44.5
-16.2796602142651	8.62247568511376	44.5
-16.2655814574713	8.60690458540066	44.5
-16.2514989858327	8.59131293768756	44.5
-16.2374127993492	8.57570074197444	44.5
-16.2233228980208	8.56006799826132	44.5
-16.2092292818476	8.5444147065482	44.5
-16.1951319508295	8.52874086683507	44.5
-16.1810309049665	8.51304647912193	44.5
-16.1669261442586	8.49733154340878	44.5
-16.1528176687059	8.48159605969563	44.5
-16.1387054783083	8.46584002798247	44.5
-16.1245895730659	8.45006344826931	44.5
-16.1104699529785	8.43426632055614	44.5
-16.0963466180463	8.41844864484296	44.5
-16.0822195682692	8.40261042112978	44.5
-16.0680888036473	8.38675164941659	44.5
-16.0539543241805	8.37087232970339	44.5
-16.0398161298688	8.35497246199019	44.5
-16.0256742207122	8.33905204627698	44.5
-16.0115285967108	8.32311108256376	44.5
-15.9973792578644	8.30714957085054	44.5
-15.9832262041733	8.29116751113731	44.5
-15.9690694356372	8.27516490342408	44.5
-15.9549089522563	8.25914174771084	44.5
-15.9407447540305	8.24309804399759	44.5
-15.9265768409598	8.22703379228434	44.5
-15.9124052130443	8.21094899257108	44.5
-15.8982298702839	8.19484364485781	44.5
-15.8840508126786	8.17871774914454	44.5
-15.8698680402284	8.16257130543126	44.5
-15.8556815529334	8.14640431371797	44.5
-15.8414913507935	8.13021677400468	44.5
-15.8272974338087	8.11400868629138	44.5
-15.8130998019791	8.09778005057808	44.5
-15.7988984553046	8.08153086686477	44.5
-15.7846933937852	8.06526113515145	44.5
-15.770484617421	8.04897085543812	44.5
-15.7562721262118	8.03266002772479	44.5
-15.7420559201578	8.01632865201146	44.5
-15.727835999259	7.99997672829811	44.5
-15.7136123635152	7.98360425658476	44.5
-15.6993850129266	7.96721123687141	44.5
-15.6851539474931	7.95079766915805	44.5
-15.6709191672148	7.93436355344468	44.5
-15.6566806720916	7.9179088897313	44.5
-15.6424384621235	7.90143367801792	44.5
-15.6281925373105	7.88493791830453	44.5
-15.6139428976526	7.86842161059114	44.5
-15.5996895431499	7.85188475487774	44.5
-15.5854324738024	7.83532735116433	44.5
-15.5711716896099	7.81874939945092	44.5
-15.5569071905726	7.8021508997375	44.5
-15.5426389766904	7.78553185202407	44.5
-15.5283670479633	7.76889225631064	44.5
-15.5140914043914	7.7522321125972	44.5
-15.4998120459746	7.73555142088375	44.5
-15.4855289727129	7.7188501811703	44.5
-15.4712421846063	7.70212839345684	44.5
-15.4569516816549	7.68538605774338	44.5
-15.4426574638586	7.66862317402991	44.5
-15.4283595312174	7.65183974231643	44.5
-15.4140578837314	7.63503576260295	44.5
-15.3997525214005	7.61821123488946	44.5
-15.3854434442247	7.60136615917596	44.5
-15.371130652204	7.58450053546246	44.5
-15.3568141453385	7.56761436374895	44.5
-15.3424939236281	7.55070764403543	44.5
-15.3281699870728	7.53378037632191	44.5
-15.3138423356727	7.51683256060838	44.5
-15.2995109694277	7.49986419689485	44.5
-15.2851758883378	7.48287528518131	44.5
-15.270837092403	7.46586582546776	44.5
-15.2564945816234	7.44883581775421	44.5
-15.2421483559989	7.43178526204064	44.5
-15.2277984155295	7.41471415832708	44.5
-15.2134447602153	7.39762250661351	44.5
-15.1990873900562	7.38051030689993	44.5
-15.1847263050522	7.36337755918634	44.5
-15.1703615052033	7.34622426347275	44.5
-15.1559929905096	7.32905041975915	44.5
-15.141620760971	7.31185602804554	44.5
-15.1272448165875	7.29464108833193	44.5
-15.1128651573592	7.27740560061831	44.5
-15.098481783286	7.26014956490469	44.5
-15.0840946943679	7.24287298119106	44.5
-15.0697038906049	7.22557584947742	44.5
-15.0553093719971	7.20825816976378	44.5
-15.0409111385444	7.19091994205013	44.5
-15.0265091902469	7.17356116633647	44.5
-15.0121035271044	7.15618184262281	44.5
-14.9976941491171	7.13878197090914	44.5
-14.9832810562849	7.12136155119547	44.5
-14.9688642486079	7.10392058348178	44.5
-14.9544437260859	7.08645906776809	44.5
-14.9400194887191	7.0689770040544	44.5
-14.9255915365075	7.0514743923407	44.5
-14.9111598694509	7.03395123262699	44.5
-14.8967244875495	7.01640752491328	44.5
-14.8822853908032	6.99884326919956	44.5
-14.8678425792121	6.98125846548583	44.5
-14.853396052776	6.9636531137721	44.5
-14.8389458114951	6.94602721405836	44.5
-14.8244918553693	6.92838076634461	44.5
-14.8100341843987	6.91071377063086	44.5
-14.7955727985832	6.8930262269171	44.5
-14.7811076979228	6.87531813520334	44.5
-14.7666388824175	6.85758949548957	44.5
-14.7521663520674	6.83984030777579	44.5
-14.7376901068724	6.82207057206201	44.5
-14.7232101468325	6.80428028834822	44.5
-14.7087264719478	6.78646945663442	44.5
-14.6942390822182	6.76863807692062	44.5
-14.6797479776437	6.75078614920681	44.5
-14.6652531582243	6.73291367349299	44.5
-14.6507546239601	6.71502064977917	44.5
-14.643554003525	6.70629956319738	44.5
-14.6361902833883	6.69771574635605	44.5
-14.6286660798446	6.68927224904442	44.5
-14.6209840662078	6.68097207119689	44.5
-14.6131469718606	6.67281816182712	44.5
-14.6051575812853	6.66481341798028	44.5
-14.5970187330744	6.65696068370374	44.5
-14.588733318922	6.64926274903662	44.5
-14.5803042825961	6.64172234901843	44.5
-14.5717346188932	6.63434216271739	44.5
-14.5630273725742	6.62712481227857	44.5
-14.5541856372821	6.6200728619922	44.5
-14.5452125544433	6.61318881738264	44.5
-14.5361113121515	6.60647512431817	44.5
-14.5268851440348	6.59993416814195	44.5
-14.5175373281067	6.59356827282458	44.5
-14.5080711856017	6.58737970013836	44.5
-14.4984900797952	6.58137064885367	44.5
-14.4887974148084	6.57554325395784	44.5
-14.4789966343991	6.56989958589653	44.5
-14.4690912207379	6.56444164983812	44.5
-14.4590846931711	6.5591713849613	44.5
-14.4489806069702	6.5540906637661	44.5
-14.4387825520691	6.54920129140856	44.5
-14.428494151788	6.54450500505939	44.5
-14.4181190615466	6.54000347328678	44.5
-14.407660967565	6.53569829546353	44.5
-14.3971235855542	6.53159100119882	44.5
-14.386510659396	6.52768304979474	44.5
-14.3758259598123	6.52397582972783	44.5
-14.3650732830261	6.52047065815572	44.5
-14.3542564494123	6.51716878044917	44.5
-14.3433793021404	6.51407136974961	44.5
-14.3324457058089	6.51117952655233	44.5
-14.3214595450726	6.50849427831543	44.5
-14.3104247232621	6.50601657909483	44.5
-14.299345160997	6.50374730920526	44.5
-14.2882247947931	6.50168727490751	44.5
-14.2770675756635	6.49983720812196	44.5
-14.265877467715	6.49819776616852	44.5
-14.2546584467397	6.49676953153312	44.5
-14.2434144988023	6.49555301166072	44.5
-14.2321496188241	6.49454863877504	44.5
-14.2208678091632	6.49375676972499	44.5
-14.2095730781929	6.49317768585785	44.5
-14.1982694388772	6.49281159291939	44.5
-14.1869609073455	6.49265862098067	44.5
-14.1756515014652	6.49271882439189	44.5
-14.1643452394142	6.49299218176308	44.5
-14.1530461382537	6.49347859597165	44.5
-14.1417582125005	6.49417789419697	44.5
-14.1304854727009	6.49508982798168	44.5
-14.1192319240056	6.49621407332007	44.5
-14.108001564747	6.49755023077312	44.5
-14.0967983850181	6.49909782561045	44.5
-14.0856263652555	6.50085630797898	44.5
-14.0744894748245	6.5028250530983	44.5
-14.0633916706092	6.50500336148264	44.5
-14.0523368956067	6.50739045918941	44.5
-14.0413290775259	6.50998549809416	44.5
-14.0303721273921	6.51278755619192	44.5
-14.0194699381575	6.51579563792479	44.5
-14.0086263833182	6.51900867453565	44.5
-13.9978453155373	6.5224255244479	44.5
-13.9871305652771	6.52604497367104	44.5
-13.9764859394373	6.52986573623198	44.5
-13.9659152200027	6.53388645463199	44.5
-13.9554221626996	6.53810570032895	44.5
-13.9450104956613	6.54252197424497	44.5
-13.9346839181035	6.54713370729896	44.5
-13.9244460990101	6.5519392609641	44.5
-13.9143006758295	6.55693692785008	44.5
-13.9042512531821	6.56212493230965	44.5
-13.8943014015801	6.56750143106951	44.5
-13.8844546561583	6.57306451388527	44.5
-13.8747145154184	6.57881220422009	44.5
-13.8650844399861	6.58474245994696	44.5
-13.8555678513814	6.59085317407426	44.5
-13.8461681308028	6.59714217549436	44.5
-13.8368886179263	6.60360722975499	44.5
-13.8277326097187	6.61024603985317	44.5
-13.8187033592661	6.61705624705127	44.5
-13.8098040746181	6.62403543171512	44.5
-13.8010379176483	6.63118111417362	44.5
-13.7924080029304	6.63849075559982	44.5
-13.7839173966321	6.64596175891294	44.5
-13.7755691154253	6.65359146970106	44.5
-13.7673661254147	6.66137717716428	44.5
-13.7593113410834	6.66931611507782	44.5
-13.7514076242581	6.67740546277481	44.5
-13.7436577830917	6.68564234614856	44.5
-13.7360645710658	6.69402383867362	44.5
-13.7286306860126	6.7025469624456	44.5
-13.7213587691559	6.71120868923921	44.5
-13.7142514041733	6.72000594158417	44.5
-13.7073111162776	6.7289355938586	44.5
-13.7005403713201	6.73799447339958	44.5
-13.6939415749142	6.74717936163033	44.5
-13.6875170715809	6.75648699520381	44.5
-13.6812691439156	6.76591406716212	44.5
-13.6752000117774	6.77545722811149	44.5
-13.6693118314998	6.78511308741226	44.5
-13.6636066951254	6.79487821438362	44.5
-13.6580866296619	6.80474913952244	44.5
-13.6527535963623	6.81472235573603	44.5
-13.6476094900279	6.82479431958814	44.5
-13.6426561383353	6.834961452558	44.5
-13.6378953011867	6.84522014231165	44.5
-13.6333286700848	6.85556674398548	44.5
-13.628957867532	6.86599758148118	44.5
-13.6247844464535	6.87650894877186	44.5
-13.6208098896461	6.88709711121878	44.5
-13.6170356092508	6.89775830689822	44.5
-13.6134629462516	6.90848874793813	44.5
-13.6100931699984	6.9192846218639	44.5
-13.6069274777568	6.93014209295294	44.5
-13.6039669942822	6.94105730359746	44.5
-13.6012127714203	6.95202637567509	44.5
-13.5986657877333	6.96304541192676	44.5
-13.5963269481524	6.97411049734135	44.5
-13.5941970836561	6.98521770054671	44.5
-13.5922769509753	6.99636307520643	44.5
-13.5905672323238	7.00754266142195	44.5
-13.5890685351566	7.01875248713953	44.5
-13.5877813919536	7.02998856956147	44.5
-13.5867062600307	7.04124691656118	44.5
-13.5858435213772	7.05252352810158	44.5
-13.58519348252	7.0638143976563	44.5
-13.5847563744147	7.07511551363313	44.5
-13.5845323523639	7.08642286079939	44.5
-13.5845214959614	7.09773242170846	44.5
-13.5847238090646	7.10904017812721	44.5
-13.5851392197925	7.12034211246363	44.5
-13.5857675805517	7.13163420919425	44.5
-13.5866086680885	7.14291245629089	44.5
-13.5876621835687	7.15417284664605	44.5
-13.5889277526832	7.16541137949665	44.5
-13.5904049257812	7.17662406184549	44.5
-13.5920931780302	7.18780690987992	44.5
-13.5939919096023	7.19895595038728	44.5
-13.5961004458871	7.21006722216657	44.5
-13.5984180377318	7.22113677743582	44.5
-13.6009438617069	7.23216068323477	44.5
-13.6036770203993	7.24313502282217	44.5
-13.6066165427307	7.25405589706742	44.5
-13.6097613843029	7.26491942583591	44.5
-13.6131104277684	7.27572174936759	44.5
-13.6166624832283	7.28645902964835	44.5
-13.6204162886541	7.29712745177363	44.5
-13.6243705103365	7.30772322530385	44.5
-13.6285237433595	7.31824258561112	44.5
-13.6328745120991	7.32868179521682	44.5
-13.637421270748	7.33903714511948	44.5
-13.6421624038644	7.3493049561126	44.5
-13.6470962269462	7.35948158009181	44.5
-13.6522209870298	7.36956340135107	44.5
-13.6575348633121	7.3795468378673	44.5
-13.6630359677983	7.38942834257304	44.5
-13.6687223459721	7.39920440461672	44.5
-13.6745919774905	7.40887155061004	44.5
-13.6806427769012	7.41842634586206	44.5
-13.6868725943842	7.42786539559954	44.5
-13.6932792165149	7.43718534617303	44.5
-13.6998603670509	7.44638288624849	44.5
-13.7066137077408	7.45545474798371	44.5
-13.7135368391549	7.46439770818942	44.5
-13.7198328119657	7.47224718315369	44.5
-13.7265201242783	7.48050679951849	44.5
-13.7333348986348	7.48892384360586	44.5
-13.7398727270066	7.49699882233133	44.5
-13.7483913525719	7.50752030841882	44.5
-13.7562901811838	7.51727626586619	44.5
-13.7656519211339	7.52883907664717	44.5
-13.7727821021363	7.53764565217009	44.5
-13.7806773208805	7.54739712865947	44.5
-13.789383806572	7.55815060244888	44.5
-13.7989476920836	7.56996305061122	44.5
-13.8094148480013	7.58289112596888	44.5
-13.8208307166696	7.5969909521039	44.5
-13.8332401462379	7.61231791836807	44.5
-13.8398312580905	7.62045863700823	44.5
-13.8466872247056	7.62892647489312	44.5
-13.8538134110828	7.63772805790493	44.5
-13.8612151139682	7.64686992760084	44.5
-13.868897556668	7.65635853480712	44.5
-13.8768658838628	7.6662002332132	44.5
-13.8851251564212	7.6764012729657	44.5
-13.8936803462141	7.68696779426253	44.5
-13.9025363309281	7.69790582094695	44.5
-13.9116978888799	7.70922125410165	44.5
-13.9211696938302	7.72091986564277	44.5
-13.9309563097971	7.73300729191401	44.5
-13.9410621858708	7.74548902728069	44.5
-13.951491651027	7.75837041772382	44.5
-13.962248908941	7.77165665443415	44.5
-13.9733380328016	7.78535276740623	44.5
-13.9847629601249	7.79946361903253	44.5
-13.9965274875686	7.81399389769743	44.5
-14.0086352657456	7.82894811137135	44.5
-14.021089794038	7.84433058120481	44.5
-14.033894415411	7.86014543512243	44.5
-14.0470523112271	7.87639660141711	44.5
-14.0605664960595	7.89308780234398	44.5
-14.0744398125066	7.91022254771455	44.5
-14.0886749260056	7.92780412849075	44.5
-14.1032743196465	7.94583561037898	44.5
-14.1182402889858	7.96431982742422	44.5
-14.1335749368611	7.98325937560404	44.5
-14.1492801682043	8.00265660642271	44.5
-14.1653576848557	8.02251362050525	44.5
-14.1818089803784	8.04283226119151	44.5
-14.1986353348716	8.06361410813021	44.5
-14.215837809785	8.08486047087315	44.5
-14.2334172429523	8.1065723827407	44.5
-14.2513742463643	8.1287505980717	44.5
-14.26970920817	8.15139559469699	44.5
-14.2884222956657	8.17450757763327	44.5
-14.3075134582985	8.19808648279521	44.5
-14.32698243067	8.22213198070752	44.5
-14.3468287355401	8.24664348021702	44.5
-14.3670516868308	8.27162013220475	44.5
-14.3876503926294	8.29706083329804	44.5
-14.4086237581929	8.3229642295826	44.5
-14.4299704889509	8.3493287203146	44.5
-14.4516890935101	8.37615246163276	44.5
-14.4737778866571	8.40343337027042	44.5
-14.496234992363	8.43116912726768	44.5
-14.5190583467864	8.4593571816834	44.5
-14.5422457012774	8.48799475430733	44.5
-14.5657946253812	8.51707884137221	44.5
-14.5897025098419	8.54660621826583	44.5
-14.6139665696059	8.57657344324311	44.5
-14.6385838468259	8.6069768611382	44.5
-14.6635512138646	8.63781260707658	44.5
-14.6888653762979	8.6690766101871	44.5
-14.7145228759194	8.7007645973141	44.5
-14.7405200937432	8.73287209672949	44.5
-14.7668532530083	8.76539444184481	44.5
-14.7935184221818	8.79832677492336	44.5
-14.820511517963	8.83166405079225	44.5
-14.8478283082868	8.86540104055447	44.5
-14.8754644153272	8.89953233530105	44.5
-14.9034153185018	8.93405234982304	44.5
-14.9316763574743	8.96895532632367	44.5
-14.9602427351593	9.00423533813042	44.5
-14.9891095207254	9.03988629340709	44.5
-15.0182716525988	9.07590193886588	44.5
-15.0477239414674	9.11227586347951	44.5
-15.0774610732842	9.14900150219326	44.5
-15.107477612271	9.18607213963709	44.5
-15.1377680039222	9.22348091383771	44.5
-15.1683265780085	9.26122081993065	44.5
-15.1991475515804	9.29928471387239	44.5
-15.230225031972	9.33766531615238	44.5
-15.2615530198048	9.37635521550518	44.5
-15.2931254119912	9.41534687262253	44.5
-15.3249360047383	9.45463262386541	44.5
-15.3569784965514	9.49420468497616	44.5
-15.3892464912382	9.53405515479055	44.5
-15.4217335009117	9.57417601894985	44.5
-15.4544329489945	9.61455915361294	44.5
-15.4873381732225	9.65519632916837	44.5
-15.520442428648	9.69607921394646	44.5
-15.553738890644	9.7371993779314	44.5
-15.5872206579078	9.7785482964733	44.5
-15.6208807554641	9.8201173540003	44.5
-15.6547121376696	9.86189784773064	44.5
-15.6887076912159	9.90388099138475	44.5
-15.7228602381337	9.94605791889734	44.5
-15.7571625387962	9.98841968812949	44.5
-15.7916072949229	10.0309572845807	44.5
-15.8261871525833	10.073661625101	44.5
-15.8608947052005	10.1165235616032	44.5
-15.895722496555	10.1595338847744	44.5
-15.9306630237882	10.202683327789	44.5
-15.9657087404064	10.2459625700198	44.5
-16.0008520592842	10.2893622407509	44.5
-16.0360853556682	10.3328729228893	44.5
-16.071400970181	10.376485156677	44.5
-16.1067912118245	10.4201894434036	44.5
-16.1422483609838	10.4639762491174	44.5
-16.1777646724307	10.5078360083387	44.5
-16.2133323783278	10.5517591277708	44.5
-16.2489436912316	10.5957359900128	44.5
-16.2845908070968	10.6397569572713	44.5
-16.3202659082794	10.6838123750726	44.5
-16.3559611665409	10.727892575975	44.5
-16.3916687460515	10.7719878832805	44.5
-16.4273808063944	10.8160886147471	44.5
-16.4630895055685	10.8601850863002	44.5
-16.4987870029885	10.9042676157371	44.5
-16.5344654624815	10.9483265264254	44.5
-16.5701170552824	10.9923521509987	44.5
-16.6057339630293	11.0363348350534	44.5
-16.6413083807595	11.080264940845	44.5
-16.6768325199046	11.1241328509847	44.5
-16.7122986112869	11.1679289721357	44.5
-16.747698908114	11.2116437387098	44.5
-16.7830256889755	11.2552676165633	44.5
-16.8182712608377	11.2987911066943	44.5
-16.8534279620396	11.3422047489384	44.5
-16.8884881652886	11.3854991256653	44.5
-16.923444280656	11.4286648654757	44.5
-16.9582887585725	11.4716926468971	44.5
-16.993014092824	11.5145732020804	44.5
-17.0276128235472	11.5572973204968	44.5
-17.062077540225	11.5998558526334	44.5
-17.0964008846824	11.6422397136906	44.5
-17.1305755540819	11.6844398872776	44.5
-17.1645943039191	11.7264474291095	44.5
-17.1984499510185	11.7682534707034	44.5
-17.2321353765291	11.809849223075	44.5
-17.2656435289198	11.851225980435	44.5
-17.298967426975	11.8923751238853	44.5
-17.3321001627906	11.933288125116	44.5
-17.3650349047692	11.973956550101	44.5
-17.3977649006159	12.0143720627952	44.5
-17.430283480334	12.0545264288307	44.5
-17.4625840592202	12.0944115192129	44.5
-17.4946601408609	12.1340193140174	44.5
-17.526505320127	12.1733419060862	44.5
-17.5581132861702	12.2123715047241	44.5
-17.5894778254182	12.2511004393952	44.5
-17.6205928245707	12.2895211634194	44.5
-17.6514522735944	12.3276262576688	44.5
-17.6820502687192	12.365408434264	44.5
-17.7123810154335	12.4028605402707	44.5
-17.7424388314801	12.439975561396	44.5
-17.7722181498513	12.476746625685	44.5
-17.8017135217851	12.5131670072171	44.5
-17.8309196197602	12.5492301298023	44.5
-17.8598312404924	12.5849295706781	44.5
-17.8884433079294	12.6202590642055	44.5
-17.9167508762469	12.6552125055655	44.5
-17.944749132844	12.6897839544556	44.5
-17.9724334013391	12.7239676387864	44.5
-17.9997991445651	12.7577579583777	44.5
-18.0268419675653	12.7911494886552	44.5
-18.053557620589	12.8241369843467	44.5
-18.0799420020868	12.8567153831789	44.5
-18.1059911617068	12.8888798095735	44.5
-18.1317013032896	12.9206255783435	44.5
-18.1570687878642	12.9519481983903	44.5
-18.1820901366439	12.9828433763994	44.5
-18.2067620340211	13.0133070205372	44.5
-18.2310813305638	13.0433352441473	44.5
-18.2550450460107	13.0729243694473	44.5
-18.2786503722669	13.1020709312245	44.5
-18.3018946763997	13.1307716805332	44.5
-18.3247755036339	13.1590235883904	44.5
-18.3472905803476	13.1868238494726	44.5
-18.3694378170678	13.2141698858123	44.5
-18.3912153114662	13.2410593504942	44.5
-18.4126213513542	13.2674901313517	44.5
-18.4336544176793	13.2934603546634	44.5
-18.4543131875202	13.3189683888496	44.5
-18.4745965370824	13.3440128481686	44.5
-18.4945035446942	13.368592596413	44.5
-18.514033493802	13.3927067506065	44.5
-18.5331858759659	13.4163546847002	44.5
-18.5519603938555	13.4395360332686	44.5
-18.5703569642452	13.4622506952069	44.5
-18.5883757210103	13.4844988374265	44.5
-18.6060170181222	13.5062808985522	44.5
-18.6232814326392	13.527597592612	44.5
-18.6401697670274	13.5484499119012	44.5
-18.6566830476162	13.5688391250739	44.5
-18.6728225197943	13.5887667712132	44.5
-18.6885896428366	13.6082346534435	44.5
-18.7039860847294	13.6272448325429	44.5
-18.7190137169968	13.645799620555	44.5
-18.7336746095259	13.6639015744006	44.5
-18.7479710253925	13.6815534894901	44.5
-18.761905415687	13.6987583933349	44.5
-18.77548041434	13.7155195391598	44.5
-18.7886988329481	13.7318403995145	44.5
-18.8015636555992	13.7477246598861	44.5
-18.8140780336988	13.7631762123104	44.5
-18.8262452807952	13.7781991489841	44.5
-18.8380688674055	13.7927977558771	44.5
-18.8495524158412	13.8069765063436	44.5
-18.8606996950336	13.8207400547349	44.5
-18.87151461536	13.8340932300109	44.5
-18.8820012234692	13.8470410293518	44.5
-18.8921636971071	13.8595886117706	44.5
-18.9020063399424	13.8717412917247	44.5
-18.9115335763923	13.8835045327278	44.5
-18.9207499464484	13.894883940962	44.5
-18.9296601005021	13.9058852588895	44.5
-18.9382687941706	13.9165143588647	44.5
-18.9465808831222	13.9267772367463	44.5
-18.9546013179024	13.9366800055089	44.5
-18.9623351387594	13.946228888855	44.5
-18.9697874704697	13.955430214827	44.5
-18.9769635171641	13.9642904094193	44.5
-18.9838685571531	13.9728159901899	44.5
-18.9905079377526	13.9810135598727	44.5
-18.9968870701099	13.9888897999889	44.5
-19.0088865227966	14.0037053732171	44.5
-19.0199112843912	14.0173174950515	44.5
-19.0300064142153	14.029781802435	44.5
-19.0392174961563	14.0411545796578	44.5
-19.04759047309	14.0514925539394	44.5
-19.0551714813023	14.0608526910107	44.5
-19.0620066849119	14.0692919906953	44.5
-19.0709617109762	14.080348587771	44.5
-19.0784960496685	14.0896510822794	44.5
-19.0865924635626	14.0996475519664	44.5
-19.0940643508056	14.1088729251287	44.5
-19.1007043892839	14.1170712285645	44.5
-19.1070210512893	14.1248702648585	44.5
-19.1137178213917	14.1331383185109	44.5
-19.1207133667003	14.1417665475918	44.5
-19.1270392356486	14.1495517863393	44.5
-19.1338523484296	14.157915285795	44.5
-19.1404741086744	14.1660218838383	44.5
-19.1482675645838	14.1755352380004	44.5
-19.1549562428998	14.1836765905039	44.5
-19.1624273815371	14.1927454092791	44.5
-19.1707352415649	14.2027998319851	44.5
-19.1799346639353	14.2138974509949	44.5
-19.1865902013272	14.2219034919042	44.5
-19.1936829876842	14.2304149844617	44.5
-19.2012294972479	14.2394482295184	44.5
-19.2092462132708	14.249019234594	44.5
-19.2177496069092	14.2591436767524	44.5
-19.2267561161164	14.2698368654779	44.5
-19.2362821245361	14.2811137055509	44.5
-19.2463439403955	14.2929886599237	44.5
-19.2569577753983	14.3054757125965	44.5
-19.2681397236182	14.3185883314934	44.5
-19.2799057403918	14.3323394313378	44.5
-19.2922716212119	14.3467413365288	44.5
-19.3052529806209	14.3618057440168	44.5
-19.3119792896677	14.3695898607152	44.5
-19.3188652311036	14.3775436861794	44.5
-19.3259126964547	14.3856684895266	44.5
-19.3331235619805	14.3939654936973	44.5
-19.3404996880137	14.402435874296	44.5
-19.3480429183012	14.4110807584302	44.5
-19.3557550793439	14.419901223551	44.5
-19.3636379797375	14.4288982962925	44.5
-19.3716934095129	14.438072951312	44.5
-19.3799231394764	14.4474261101295	44.5
-19.3883289205503	14.456958639968	44.5
-19.3969124831134	14.466671352593	44.5
-19.405675536341	14.4765650031525	44.5
-19.4146197675458	14.4866402890171	44.5
-19.423746841518	14.4968978486194	44.5
-19.4330583998657	14.5073382602944	44.5
-19.4425560603558	14.5179620411189	44.5
-19.4522414162535	14.5287696457517	44.5
-19.4621160356636	14.5397614652733	44.5
-19.4721814608705	14.5509378260257	44.5
-19.4824392076786	14.5622989884527	44.5
-19.4928907647527	14.5738451459392	44.5
-19.5035375929588	14.5855764236514	44.5
-19.5143811247038	14.5974928773767	44.5
-19.5254227632765	14.6095944923633	44.5
-19.536663882188	14.6218811821604	44.5
-19.5481058245116	14.6343527874578	44.5
-19.5597499022238	14.6470090749261	44.5
-19.5715973955444	14.659849736056	44.5
-19.5836495522768	14.6728743859989	44.5
-19.595907587149	14.6860825624061	44.5
-19.6083726811531	14.6994737242692	44.5
-19.6210459808865	14.7130472507597	44.5
-19.6339285978921	14.7268024400688	44.5
-19.6470216079983	14.7407385082475	44.5
-19.6603260506601	14.7548545880462	44.5
-19.673842928299	14.769149727755	44.5
-19.6875732056436	14.7836228900431	44.5
-19.7015178090698	14.7982729507988	44.5
-19.7156776259417	14.8130986979696	44.5
-19.7300535039515	14.8280988304019	44.5
-19.7446462504603	14.8432719566808	44.5
-19.759456631838	14.8586165939702	44.5
-19.7744853728045	14.8741311668522	44.5
-19.7897331557692	14.8898140061678	44.5
-19.8052006201723	14.9056633478557	44.5
-19.8208883618243	14.9216773317932	44.5
-19.8367969322583	14.9378540006696	44.5
-19.852926838311	14.9541912995831	44.5
-19.8692785422162	14.970687077238	44.5
-19.885852461873	14.9873390876936	44.5
-19.9026489711197	15.0041449921288	44.5
-19.9196684000079	15.021102360607	44.5
-19.9369110350763	15.0382086738417	44.5
-19.9543771196246	15.0554613249609	44.5
-19.9720668539875	15.0728576212728	44.5
-19.9899803958085	15.0903947860302	44.5
-20.0081178603139	15.1080699601961	44.5
-20.0264793205867	15.1258802042083	44.5
-20.0450648078403	15.1438224997447	44.5
-20.0638743116929	15.1618937514884	44.5
-20.0829077804408	15.1800907888926	44.5
-20.1021651213329	15.1984103679454	44.5
-20.1216462008441	15.2168491729356	44.5
-20.1413508449497	15.2354038182169	44.5
-20.1612788393987	15.2540708499734	44.5
-20.1814299299885	15.2728467479847	44.5
-20.2018038228381	15.2917279273907	44.5
-20.2224001846624	15.3107107404567	44.5
-20.2432186430459	15.3297914783386	44.5
-20.2642587867167	15.3489663728477	44.5
-20.2855201658208	15.368231598216	44.5
-20.3070022921951	15.3875832728612	44.5
-20.3287046396421	15.4070174611515	44.5
-20.3506266442038	15.4265301751709	44.5
-20.372767704435	15.4461173764843	44.5
-20.3951271816779	15.4657749779021	44.5
-20.4177044003353	15.4854988452458	44.5
-20.4404986481453	15.5052847991128	44.5
-20.4635091764548	15.5251286166414	44.5
-20.4867352004931	15.5450260332757	44.5
-20.5101758996465	15.5649727445313	44.5
-20.5338304177318	15.5849644077593	44.5
-20.55769786327	15.6049966439125	44.5
-20.5817773097609	15.6250650393094	44.5
-20.6060677959563	15.6451651474001	44.5
-20.6305683261342	15.6652924905306	44.5
-20.655277870373	15.6854425617086	44.5
-20.6801953648249	15.7056108263677	44.5
-20.70531971199	15.7257927241334	44.5
-20.7306497809905	15.7459836705872	44.5
-20.7561844078441	15.7661790590323	44.5
-20.7819223957383	15.7863742622586	44.5
-20.8078625153042	15.8065646343072	44.5
-20.8340035048904	15.826745512236	44.5
-20.860344070837	15.8469122178848	44.5
-20.8868828877492	15.8670600596397	44.5
-20.9136185987716	15.8871843341988	44.5
-20.940549815862	15.9072803283371	44.5
-20.9676751200652	15.9273433206712	44.5
-20.9949930617869	15.9473685834247	44.5
-21.0225021610677	15.9673513841933	44.5
-21.0502009078571	15.9872869877094	44.5
-21.0780877622874	16.0071706576077	44.5
-21.1061611549472	16.0269976581897	44.5
-21.1344194871558	16.0467632561893	44.5
-21.1628611312372	16.0664627225374	44.5
-21.1914844307932	16.0860913341272	44.5
-21.2202877009785	16.105644375579	44.5
-21.2492692287735	16.1251171410056	44.5
-21.2784272732589	16.1445049357771	44.5
-21.3077600658894	16.1638030782859	44.5
-21.3372658107675	16.1830069017119	44.5
-21.3669426849178	16.2021117557875	44.5
-21.3967888385603	16.2211130085626	44.5
-21.4268023953849	16.2400060481697	44.5
-21.456981452825	16.2587862845888	44.5
-21.4873240823314	16.2774491514128	44.5
-21.5178283296464	16.295990107612	44.5
-21.5484922150775	16.3144046392998	44.5
-21.5793137337714	16.3326882614972	44.5
-21.6102908559882	16.350836519898	44.5
-21.6414215273746	16.368844992634	44.5
-21.6727036692387	16.3867092920398	44.5
-21.704135178823	16.4044250664183	44.5
-21.7357139295792	16.421988001805	44.5
-21.7674377714413	16.4393938237337	44.5
-21.7993045311002	16.4566382990014	44.5
-21.8313120122773	16.4737172374331	44.5
-21.8634579959981	16.490626493647	44.5
-21.8957402408668	16.5073619688197	44.5
-21.9281564833395	16.5239196124509	44.5
-21.9607044379989	16.5402954241288	44.5
-21.9933817978274	16.5564854552949	44.5
-22.0261862344815	16.5724858110093	44.5
-22.0591153985655	16.5882926517152	44.5
-22.0921669199057	16.6039021950048	44.5
-22.1253384078239	16.6193107173836	44.5
-22.1586274514117	16.6345145560356	44.5
-22.1920316198042	16.6495101105887	44.5
-22.2255484624539	16.6642938448793	44.5
-22.2591755094046	16.6788622887179	44.5
-22.2929102715655	16.6932120396533	44.5
-22.326750240985	16.7073397647386	44.5
-22.3606928911245	16.7212422022954	44.5
-22.3947356771324	16.7349161636794	44.5
-22.4288760361181	16.7483585350454	44.5
-22.4631113874259	16.761566279112	44.5
-22.4974391329086	16.774536436927	44.5
-22.531856657202	16.7872661296323	44.5
-22.5663613279981	16.7997525602289	44.5
-22.6009504963196	16.8119930153419	44.5
-22.6356214967936	16.823984866986	44.5
-22.6703716479255	16.8357255743298	44.5
-22.7051982523727	16.8472126854614	44.5
-22.7400985972192	16.8584438391533	44.5
-22.7750699542485	16.8694167666275	44.5
-22.8101095802184	16.8801292933202	44.5
-22.8452147171344	16.8905793406475	44.5
-22.8803825925239	16.9007649277696	44.5
-22.91561041971	16.9106841733568	44.5
-22.9508953980852	16.9203352973537	44.5
-22.9862347133857	16.9297166227446	44.5
-23.0216255379651	16.9388265773189	44.5
-23.0570650310682	16.9476636954353	44.5
-23.0925503391053	16.9562266197878	44.5
-23.1280785959256	16.9645141031698	44.5
-23.1636469230915	16.9725250102401	44.5
-23.1992524301525	16.9802583192871	44.5
-23.2348922149187	16.9877131239944	44.5
-23.2705633637352	16.9948886352055	44.5
-23.3062629517598	17.0017841826433	44.5
-23.3419880433172	17.0083992157507	44.5
-23.3777356924109	17.014733302713	44.5
-23.4135029432863	17.020786128895	44.5
-23.4492868309948	17.0265574952629	44.5
-23.485084381958	17.032047316806	44.5
-23.520892614532	17.0372556209588	44.5
-23.5567085395715	17.0421825460224	44.5
-23.5925291609939	17.0468283395864	44.5
-23.628351476344	17.0511933569508	44.5
-23.6641724773577	17.0552780595475	44.5
-23.6999891505263	17.0590830133624	44.5
-23.735798477661	17.062608887357	44.5
-23.7715974364568	17.0658564518901	44.5
-23.8073830010569	17.0688265771398	44.5
-23.8431521426167	17.071520231525	44.5
-23.8789018298684	17.0739384801275	44.5
-23.9146290296848	17.0760824831133	44.5
-23.9503307076438	17.077953494155	44.5
-23.9860038285922	17.079552858853	44.5
-24.0216453572105	17.0808820131577	44.5
-24.0572522585768	17.081942481791	44.5
-24.092821498731	17.082735876668	44.5
-24.1283500452388	17.0832638953193	44.5
-24.1638348677565	17.0835283193122	44.5
-24.1992729385947	17.0835310126727	44.5
-24.2346612332827	17.0832739203071	44.5
-24.2699967311327	17.0827590664244	44.5
-24.3052764158039	17.0819885529572	44.5
-24.340497275867	17.0809645579841	44.5
-24.375656305368	17.0796893341511	44.5
-24.410750504393	17.0781652070937	44.5
-24.4457768796316	17.0763945738584	44.5
-24.4807324449419	17.0743799013246	44.5
-24.5156142219142	17.0721237246266	44.5
-24.5504192404354	17.0696286455747	44.5
-24.5851445392534	17.0668973310778	44.5
-24.6197871665408	17.0639325115646	44.5
-24.6543441804596	17.0607369794057	44.5
-24.6888126497252	17.057313587335	44.5
-24.7231896541708	17.0536652468719	44.5
-24.7574722853112	17.0497949267429	44.5
-24.7916576469073	17.0457056513033	44.5
-24.8257428555306	17.041400498959	44.5
-24.8597250411267	17.0368826005884	44.5
-24.8936013475801	17.032155137964	44.5
-24.9273689332782	17.0272213421744	44.5
-24.9610249716756	17.0220844920457	44.5
-24.9945666518581	17.0167479125638	44.5
-25.0279911791072	17.0112149732957	44.5
-25.0612957754641	17.0054890868115	44.5
-25.0944776802939	16.9995737071061	44.5
-25.12753415085	16.993472328021	44.5
-25.1604624628382	16.9871884816663	44.5
-25.193259910981	16.980725736842	44.5
-25.2259238095814	16.9740876974601	44.5
-25.2584514930879	16.9672780009664	44.5
-25.2908403166579	16.9603003167621	44.5
-25.3230876567224	16.9531583446257	44.5
-25.3551909115501	16.9458558131348	44.5
-25.3871475018116	16.9383964780875	44.5
-25.4189548711435	16.9307841209249	44.5
-25.4506104867127	16.9230225471522	44.5
-25.4821118397808	16.9151155847608	44.5
-25.5134564462681	16.9070670826501	44.5
-25.5446418473176	16.898880909049	44.5
-25.5756656098599	16.8905609499379	44.5
-25.6065253271765	16.8821111074707	44.5
-25.6372186194649	16.8735352983959	44.5
-25.6677431344021	16.864837452479	44.5
-25.6980965477093	16.8560215109241	44.5
-25.7282765637158	16.8470914247955	44.5
-25.7582809159234	16.8380511534397	44.5
-25.7881073675705	16.828904662907	44.5
-25.8177537121965	16.8196559243735	44.5
-25.8472177742058	16.8103089125627	44.5
-25.8764974094319	16.800867604167	44.5
-25.905590505702	16.7913359762702	44.5
-25.934494983401	16.7817180047686	44.5
-25.9632087960357	16.7720176627932	44.5
-25.9917299307989	16.7622389191312	44.5
-26.020056409134	16.7523857366478	44.5
-26.0481862872987	16.7424620707083	44.5
-26.0761176569297	16.7324718675993	44.5
-26.1038486456065	16.7224190629511	44.5
-26.1313774174158	16.712307580159	44.5
-26.1587021735159	16.7021413288054	44.5
-26.1858211527005	16.6919242030813	44.5
-26.2127326319633	16.6816600802082	44.5
-26.2394349270618	16.67135281886	44.5
-26.2659263930821	16.6610062575845	44.5
-26.2922054250024	16.6506242132255	44.5
-26.3182704582579	16.6402104793443	44.5
-26.3441199693044	16.6297688246415	44.5
-26.3697524761831	16.6193029913789	44.5
-26.3951665390844	16.6088166938015	44.5
-26.420360760912	16.5983136165585	44.5
-26.4453337878476	16.587797413126	44.5
-26.4700843099149	16.5772717042282	44.5
-26.4946110615435	16.5667400762592	44.5
-26.5189128221337	16.5562060797051	44.5
-26.54298841662	16.5456732275655	44.5
-26.5668367160361	16.5351449937754	44.5
-26.5904566380784	16.5246248116267	44.5
-26.6138471476707	16.5141160721906	44.5
-26.6370072575281	16.5036221227385	44.5
-26.6599360287216	16.4931462651647	44.5
-26.6826325712418	16.4826917544075	44.5
-26.7050960445634	16.4722617968711	44.5
-26.7273256582096	16.4618595488477	44.5
-26.7493206723159	16.4514881149389	44.5
-26.7710803981945	16.4411505464777	44.5
-26.7926041988986	16.4308498399501	44.5
-26.8138914897865	16.4205889354171	44.5
-26.8349417390859	16.4103707149363	44.5
-26.855754468458	16.4001980009837	44.5
-26.8763292535619	16.3900735548754	44.5
-26.8966657246184	16.3800000751897	44.5
-26.9167635669747	16.3699801961886	44.5
-26.9366225216684	16.3600164862393	44.5
-26.9562423859917	16.3501114462368	44.5
-26.9756230140556	16.3402675080247	44.5
-26.9947643173542	16.3304870328179	44.5
-27.0136662653288	16.3207723096235	44.5
-27.0323288859104	16.3111255537018	44.5
-27.050752265686	16.3015489056919	44.5
-27.0689365493353	16.2920444320294	44.5
-27.0868819388485	16.2826141257509	44.5
-27.1045886927396	16.2732599073069	44.5
-27.1220571252587	16.263983625376	44.5
-27.1392876056057	16.2547870576779	44.5
-27.1562805571421	16.245671911787	44.5
-27.173036456605	16.2366398259461	44.5
-27.189555833319	16.2276923698798	44.5
-27.2058392684099	16.2188310456078	44.5
-27.2218873940169	16.2100572882588	44.5
-27.2377008925058	16.2013724668835	44.5
-27.2532804956819	16.1927778852686	44.5
-27.2686269840028	16.1842747827499	44.5
-27.2837411857914	16.1758643350263	44.5
-27.2986239764484	16.1675476549725	44.5
-27.3132762776656	16.1593257934534	44.5
-27.3276990566386	16.1511997401369	44.5
-27.3418933252796	16.1431704243078	44.5
-27.3558601394304	16.1352387156812	44.5
-27.3696005980754	16.127405425216	44.5
-27.3831158425539	16.1196713059283	44.5
-27.3964070557738	16.1120370537049	44.5
-27.4094754614239	16.1045033081173	44.5
-27.4223223231868	16.0970706532342	44.5
-27.434948943952	16.0897396184361	44.5
-27.4473566650288	16.0825106792279	44.5
-27.4595468653588	16.0753842580532	44.5
-27.4715209607293	16.0683607251069	44.5
-27.4832804029857	16.0614403991497	44.5
-27.4948266792447	16.0546235483206	44.5
-27.5061613111069	16.0479103909514	44.5
-27.5172858538699	16.0413010963793	44.5
-27.5282018957413	16.034795785761	44.5
-27.5389110570511	16.0283945328858	44.5
-27.5494149894649	16.0220973649897	44.5
-27.5597153751967	16.015904263568	44.5
-27.5698139262221	16.0098151651896	44.5
-27.5797123834904	16.0038299623103	44.5
-27.5894125161383	15.9979485040859	44.5
-27.5989161207022	15.9921705971862	44.5
-27.6082250203316	15.9864960066083	44.5
-27.6173410640013	15.98092445649	44.5
-27.6262661257248	15.9754556309236	44.5
-27.6350021037671	15.970089174769	44.5
-27.6435509198575	15.9648246944676	44.5
-27.6600948656979	15.954599899977	44.5
-27.6759137764549	15.9447773615214	44.5
-27.6910237903903	15.9353526305359	44.5
-27.7054413456301	15.9263207218522	44.5
-27.7191831549775	15.9176761397314	44.5
-27.732266180724	15.9094129038957	44.5
-27.7447076094616	15.9015245755606	44.5
-27.7565248268954	15.8940042834667	44.5
-27.7677353926545	15.8868447499119	44.5
-27.778357015105	15.8800383167836	44.5
-27.7884075261615	15.8735769715904	44.5
-27.7979048560989	15.8674523734942	44.5
-27.8068670083649	15.8616558793425	44.5
-27.8153120343916	15.8561785697003	44.5
-27.8270494991429	15.8485409554833	44.5
-27.8377250601767	15.8415689559137	44.5
-27.8473994779815	15.8352297674116	44.5
-27.8561331183957	15.8294898466524	44.5
-27.8664177558301	15.8227098468248	44.5
-27.8752755490923	15.8168529196966	44.5
-27.884548408576	15.8107050876008	44.5
-27.8933743039305	15.8048397413914	44.5
-27.9019197447572	15.7991512013797	44.5
-27.9104660686777	15.7934581936163	44.5
