-27.8662742966722	4.97109127697584	55
-27.8749903197212	4.96608184973059	55
-27.883642705927	4.9609632921154	55
-27.8922300889777	4.95573641240985	55
-27.9007511128259	4.95040203599884	55
-27.9092044319031	4.94496100524224	55
-27.9175887113323	4.93941417934189	55
-27.9259026271385	4.9337624342059	55
-27.9341448664581	4.92800666231033	55
-27.9423141277459	4.9221477725583	55
-27.9504091209809	4.91618669013641	55
-27.9584285678699	4.91012435636869	55
-27.966371202049	4.9039617285679	55
-27.9742357692845	4.89769977988443	55
-27.9820210276699	4.89133949915255	55
-27.9897257478226	4.88488189073433	55
-27.9973487130781	4.878327974361	55
-28.0048887196818	4.87167878497192	55
-28.0123445769792	4.86493537255118	55
-28.019715107604	4.85809880196177	55
-28.026999147664	4.85117015277744	55
-28.0341955469249	4.84415051911222	55
-28.0413031689917	4.83704100944764	55
-28.0483208914885	4.82984274645768	55
-28.0552476062357	4.82255686683153	55
-28.0620822194246	4.81518452109403	55
-28.0688236517906	4.80772687342404	55
-28.0754708387834	4.80018510147057	55
-28.0820227307351	4.79256039616685	55
-28.0884782930261	4.78485396154223	55
-28.0948365062481	4.77706701453208	55
-28.1010963663656	4.76920078478559	55
-28.1072568848741	4.76125651447163	55
-28.1133170889564	4.75323545808258	55
-28.119276021636	4.74513888223623	55
-28.1251327419283	4.73696806547575	55
-28.1308863249892	4.72872429806784	55
-28.1365358622615	4.72040888179893	55
-28.1420804616175	4.71202312976965	55
-28.1475192475008	4.70356836618745	55
-28.1528513610641	4.69504592615752	55
-28.1580759603047	4.68645715547192	55
-28.163192220198	4.67780341039712	55
-28.1681993328272	4.66908605745978	55
-28.1730965075111	4.66030647323098	55
-28.1778829709291	4.65146604410885	55
-28.1825579672432	4.64256616609963	55
-28.1871207582171	4.63360824459722	55
-28.1915706233334	4.62459369416129	55
-28.1959068599068	4.61552393829383	55
-28.2001287831952	4.60640040921445	55
-28.204235726508	4.59722454763414	55
-28.2082270413112	4.58799780252782	55
-28.2121020973299	4.5787216309055	55
-28.215860282648	4.56939749758222	55
-28.2195010038044	4.56002687494671	55
-28.2230236858869	4.55061124272891	55
-28.2264277726233	4.54115208776631	55
-28.2297127264688	4.53165090376913	55
-28.2328780286911	4.52210919108445	55
-28.2359231794523	4.51252845645933	55
-28.2388476978877	4.50291021280282	55
-28.2416511221821	4.4932559789471	55
-28.2443330096423	4.48356727940761	55
-28.246892936767	4.47384564414231	55
-28.2493304993142	4.46409260831012	55
-28.2516453123644	4.45430971202845	55
-28.2538370103819	4.44449850013004	55
-28.2559052472721	4.43466052191897	55
-28.2578496964364	4.42479733092606	55
-28.2596700508238	4.4149104846635	55
-28.2613660229792	4.40500154437891	55
-28.262937345089	4.39507207480885	55
-28.2643837690231	4.38512364393167	55
-28.2657050663745	4.37515782271992	55
-28.266901028495	4.36517618489231	55
-28.2679714665284	4.35518030666515	55
-28.2689162114399	4.3451717665035	55
-28.2697351140436	4.33515214487186	55
-28.270428045025	4.32512302398465	55
-28.2709948949626	4.31508598755632	55
-28.2714355743439	4.30504262055126	55
-28.2717500135807	4.29499450893356	55
-28.2719381630194	4.28494323941653	55
-28.2719999929489	4.27489039921213	55
-28.2719354936057	4.26483757578037	55
-28.2717446751749	4.25478635657861	55
-28.2714275677889	4.24473832881088	55
-28.2709842215227	4.23469507917724	55
-28.2704147063859	4.22465819362323	55
-28.2697191123113	4.21462925708944	55
-28.2688975491415	4.20460985326119	55
-28.2679501466108	4.19460156431852	55
-28.2668770543249	4.18460597068625	55
-28.2656784417377	4.1746246507845	55
-28.2643544981239	4.16465918077939	55
-28.2629054325496	4.15471113433414	55
-28.261331473839	4.14478208236063	55
-28.2596328705385	4.13487359277125	55
-28.2578098908772	4.12498723023138	55
-28.2558628227247	4.11512455591226	55
-28.2537919735457	4.10528712724451	55
-28.2515976703512	4.09547649767214	55
-28.2492802596472	4.0856942164073	55
-28.2468401073797	4.0759418281856	55
-28.244277598877	4.06622087302219	55
-28.241593138789	4.05653288596858	55
-28.2387871510229	4.04687939687024	55
-28.2358600786767	4.03726193012499	55
-28.2328123839692	4.02768200444233	55
-28.2296445481667	4.01814113260358	55
-28.2263570715071	4.008640821223	55
-28.2229504731211	3.99918257050989	55
-28.2194252909502	3.98976787403167	55
-28.2157820816613	3.98039821847807	55
-28.2120214205596	3.97107508342631	55
-28.208143901497	3.9617999411075	55
-28.2041501367787	3.95257425617412	55
-28.2000407570664	3.94339948546877	55
-28.1958164112788	3.93427707779411	55
-28.1914777664892	3.92520847368406	55
-28.1870255078198	3.91619510517634	55
-28.1824603383339	3.90723839558631	55
-28.1777829789246	3.89833975928225	55
-28.1729941682013	3.88950060146199	55
-28.1680946623726	3.88072231793102	55
-28.1630852351274	3.87200629488206	55
-28.1579666775122	3.86335390867621	55
-28.1527397978066	3.85476652562553	55
-28.1474054213956	3.84624550177736	55
-28.141964390639	3.83779218270015	55
-28.1364175647387	3.82940790327097	55
-28.1307658196027	3.82109398746473	55
-28.1250100477071	3.81285174814513	55
-28.1191511579551	3.8046824868573	55
-28.1131900755332	3.79658749362229	55
-28.1071277417655	3.78856804673338	55
-28.1009651139647	3.7806254125542	55
-28.0947031652812	3.77276084531875	55
-28.0883428845493	3.76497558693337	55
-28.0818852761311	3.75727086678061	55
-28.0753313597578	3.7496479015251	55
-28.0686821703687	3.74210789492142	55
-28.0619387579479	3.73465203762403	55
-28.0551021873585	3.72728150699921	55
-28.0481735381742	3.71999746693919	55
-28.041153904509	3.71280106767835	55
-28.0340443948444	3.70569344561154	55
-28.0268461318544	3.69867572311469	55
-28.0195602522283	3.69174900836753	55
-28.0121879064908	3.68491439517861	55
-28.0047302588208	3.67817296281259	55
-27.9971884868673	3.67152577581979	55
-27.9895637815636	3.66497388386808	55
-27.981857346939	3.65851832157717	55
-27.9740703999288	3.65216010835517	55
-27.9662041701824	3.64590024823766	55
-27.9582598998684	3.63973972972911	55
-27.9502388434793	3.63367952564682	55
-27.942142267633	3.62772059296725	55
-27.9339714508725	3.62186387267496	55
-27.9257276834646	3.61611028961398	55
-27.9174122671957	3.61046075234177	55
-27.9090265151664	3.60491615298575	55
-27.9005717515842	3.59947736710244	55
-27.8920493115543	3.59414525353918	55
-27.8834605408687	3.58892065429851	55
-27.8748067957939	3.58380439440522	55
-27.8660894428565	3.57879728177605	55
-27.8573098586277	3.57390010709213	55
-27.8484694295056	3.56911364367412	55
-27.8395695514964	3.56443864736007	55
-27.830611629994	3.5598758563861	55
-27.8215970795581	3.55542599126979	55
-27.8125273236906	3.55108975469644	55
-27.8034037946112	3.54686783140806	55
-27.7942279330309	3.54276088809528	55
-27.7850011879246	3.53876957329206	55
-27.7757250163023	3.53489451727328	55
-27.766400882979	3.53113633195521	55
-27.7570302603435	3.52749561079887	55
-27.7476146281257	3.52397292871633	55
-27.7381554731631	3.52056884197994	55
-27.7286542891659	3.51728388813445	55
-27.7191125764812	3.51411858591216	55
-27.7095318418561	3.51107343515097	55
-27.6999135981996	3.5081489167155	55
-27.6902593643439	3.5053454924211	55
-27.6805706648044	3.50266360496098	55
-27.6708490295391	3.50010367783625	55
-27.6610959937069	3.49766611528907	55
-27.6513130974252	3.49535130223884	55
-27.6415018855268	3.49315960422137	55
-27.6316639073157	3.49109136733117	55
-27.6218007163228	3.48914691816684	55
-27.6119138700603	3.48732656377944	55
-27.6020049297757	3.48563059162402	55
-27.5920754602056	3.48405926951425	55
-27.5821270293284	3.48261284558011	55
-27.5721612081167	3.4812915482287	55
-27.5621795702891	3.48009558610819	55
-27.5521836920619	3.47902514807487	55
-27.5421751519003	3.4780804031633	55
-27.5321555302686	3.47726150055967	55
-27.5221264093814	3.47656856957818	55
-27.5120893729531	3.47600171964068	55
-27.502046005948	3.47556104025933	55
-27.4919978943303	3.47524660102252	55
-27.4819466248133	3.47505845158385	55
-27.4718937846089	3.4749966216543	55
-27.4618409611771	3.47506112099753	55
-27.4517897419754	3.47525193942835	55
-27.4417417142076	3.47556904681431	55
-27.431698464574	3.47601239308049	55
-27.42166157902	3.47658190821736	55
-27.4116326424862	3.47727750229189	55
-27.401613238658	3.4780990654617	55
-27.3916049497153	3.47904646799246	55
-27.381609356083	3.48011956027831	55
-27.3716280361813	3.48131817286554	55
-27.3616625661762	3.48264211647934	55
-27.3517145197309	3.48409118205366	55
-27.3417854677574	3.48566514076424	55
-27.3303305452989	3.48757506499122	55
-27.3118071403543	3.49060812478251	55
-27.2932557388049	3.49357001244102	55
-27.2746763406507	3.49646072796676	55
-27.2560689458918	3.49928027135972	55
-27.237433554528	3.50202864261989	55
-27.2187701665596	3.50470584174729	55
-27.2000787819863	3.50731186874191	55
-27.1813594008083	3.50984672360376	55
-27.1626120230255	3.51231040633282	55
-27.143836648638	3.51470291692911	55
-27.1250332776456	3.51702425539262	55
-27.1062019100486	3.51927442172335	55
-27.0873425458467	3.5214534159213	55
-27.0684551850401	3.52356123798648	55
-27.0495398276287	3.52559788791887	55
-27.0305964736125	3.52756336571849	55
-27.0116251229916	3.52945767138533	55
-26.9926257757659	3.53128080491939	55
-26.9735984319355	3.53303276632067	55
-26.9545430915002	3.53471355558917	55
-26.9354597544602	3.5363231727249	55
-26.9163484208155	3.53786161772784	55
-26.8972090905659	3.53932889059801	55
-26.8780417637116	3.5407249913354	55
-26.8588464402526	3.54204991994002	55
-26.8396231201888	3.54330367641185	55
-26.8203718035202	3.5444862607509	55
-26.8010924902468	3.54559767295718	55
-26.7817851803687	3.54663791303068	55
-26.7624498738858	3.5476069809714	55
-26.7430865707981	3.54850487677934	55
-26.7236952711057	3.54933160045451	55
-26.7042759748084	3.55008715199689	55
-26.6848286819065	3.5507715314065	55
-26.6653533923997	3.55138473868333	55
-26.6458501062882	3.55192677382738	55
-26.626318823572	3.55239763683865	55
-26.6067595442509	3.55279732771714	55
-26.5871722683251	3.55312584646286	55
-26.5675569957945	3.5533831930758	55
-26.5479137266592	3.55356936755595	55
-26.5282424609191	3.55368436990334	55
-26.5085431985742	3.55372820011794	55
-26.4888159396246	3.55370085819976	55
-26.4690606840701	3.55360234414881	55
-26.449277431911	3.55343265796507	55
-26.429466183147	3.55319179964856	55
-26.4096269377783	3.55287976919927	55
-26.3897596958048	3.55249656661721	55
-26.3698644572266	3.55204219190236	55
-26.3499412220436	3.55151664505473	55
-26.3299899902558	3.55091992607433	55
-26.3100107618632	3.55025203496115	55
-26.3000106489401	3.54989139985477	55
-26.2900035368659	3.54951297171519	55
-26.2799894256404	3.54911675054242	55
-26.2699683152638	3.54870273633645	55
-26.259940205736	3.54827092909729	55
-26.249905097057	3.54782132882494	55
-26.2398629892267	3.54735393551939	55
-26.2298138822453	3.54686874918064	55
-26.2197577761127	3.5463657698087	55
-26.2096946708289	3.54584499740357	55
-26.199624566394	3.54530643196524	55
-26.1895474628078	3.54475007349372	55
-26.1794633600704	3.544175921989	55
-26.1693722581819	3.54358397745109	55
-26.1592741571421	3.54297423987998	55
-26.1491690569512	3.54234670927568	55
-26.139056957609	3.54170138563819	55
-26.1289378591157	3.5410382689675	55
-26.1188117614712	3.54035735926361	55
-26.1086786646755	3.53965865652653	55
-26.0985385687286	3.53894216075626	55
-26.0883914736305	3.53820787195279	55
-26.0782373793812	3.53745579011613	55
-26.0680762859807	3.53668591524627	55
-26.0579081934291	3.53589824734322	55
-26.0477331017262	3.53509278640697	55
-26.0375510108721	3.53426953243753	55
-26.0273619208669	3.53342848543489	55
-26.0171658317105	3.53256964539906	55
-26.0069627434028	3.53169301233004	55
-25.996752655944	3.53079858622782	55
-25.986535569334	3.5298863670924	55
-25.9763114835728	3.52895635492379	55
-25.9660803986604	3.52800854972199	55
-25.9558423145968	3.52704295148699	55
-25.945597231382	3.5260595602188	55
-25.9353451490161	3.52505837591741	55
-25.9250860674989	3.52403939858283	55
-25.9148199868305	3.52300262821505	55
-25.904546907011	3.52194806481408	55
-25.8942668280403	3.52087570837992	55
-25.8839797499183	3.51978555891256	55
-25.8736856726452	3.518677616412	55
-25.8633845962209	3.51755188087825	55
-25.8530765206454	3.51640835231131	55
-25.8427614459187	3.51524703071117	55
-25.8324393720408	3.51406791607784	55
-25.8221102990117	3.51287100841131	55
-25.8117742268314	3.51165630771159	55
-25.8014311555	3.51042381397867	55
-25.7910810850173	3.50917352721256	55
-25.7807240153835	3.50790544741325	55
-25.7703599465984	3.50661957458075	55
-25.7599888786622	3.50531590871506	55
-25.7496108115748	3.50399444981617	55
-25.7392257453362	3.50265519788408	55
-25.7288336799463	3.5012981529188	55
-25.7184346154053	3.49992331492033	55
-25.7080285517132	3.49853068388866	55
-25.6976154888698	3.4971202598238	55
-25.6871954268752	3.49569204272574	55
-25.6767683657294	3.49424603259449	55
-25.6663343054325	3.49278222943004	55
-25.6558932459843	3.4913006332324	55
-25.645445187385	3.48980124400157	55
-25.6349901296344	3.48828406173754	55
-25.6245280727327	3.48674908644031	55
-25.6140590166798	3.48519631810989	55
-25.6035829614757	3.48362575674628	55
-25.5930999071204	3.48203740234947	55
-25.5826098536139	3.48043125491947	55
-25.5721128009562	3.47880731445627	55
-25.5616087491473	3.47716558095988	55
-25.5510976981872	3.47550605443029	55
-25.540579648076	3.47382873486751	55
-25.5300545988135	3.47213362227153	55
-25.5195225503999	3.47042071664236	55
-25.5089835028351	3.46869001798	55
-25.498437456119	3.46694152628444	55
-25.4878844102518	3.46517524155568	55
-25.4773243652334	3.46339116379374	55
-25.4667573210638	3.46158929299859	55
-25.456183277743	3.45976962917025	55
-25.445602235271	3.45793217230872	55
-25.4350141936478	3.45607692241399	55
-25.4244191528734	3.45420387948607	55
-25.4138171129479	3.45231304352495	55
-25.4032080738711	3.45040441453064	55
-25.3925920356432	3.44847799250314	55
-25.381968998264	3.44653377744244	55
-25.3713389617337	3.44457176934854	55
-25.3607019260522	3.44259196822145	55
-25.3500578912195	3.44059437406117	55
-25.3394068572356	3.43857898686769	55
-25.3287488241005	3.43654580664102	55
-25.3180837918142	3.43449483338115	55
-25.3074117603767	3.43242606708809	55
-25.296732729788	3.43033950776183	55
-25.2860467000481	3.42823515540238	55
-25.2753536711571	3.42611301000973	55
-25.2646536431148	3.42397307158389	55
-25.2539466159214	3.42181534012486	55
-25.2432325895768	3.41963981563263	55
-25.2325115640809	3.4174464981072	55
-25.2217835394339	3.41523538754859	55
-25.2110485156357	3.41300648395677	55
-25.2003064926863	3.41075978733176	55
-25.1895574705857	3.40849529767356	55
-25.1788014493339	3.40621301498217	55
-25.1680384289309	3.40391293925757	55
-25.1572684093768	3.40159507049979	55
-25.1464913906714	3.3992594087088	55
-25.1357073728149	3.39690595388463	55
-25.1249163558071	3.39453470602726	55
-25.1141183396482	3.3921456651367	55
-25.103313324338	3.38973883121294	55
-25.0925013098767	3.38731420425598	55
-25.0816822962642	3.38487178426583	55
-25.0708562835005	3.38241157124249	55
-25.0600232715856	3.37993356518595	55
-25.0491832605195	3.37743776609622	55
-25.0383362503023	3.37492417397329	55
-25.0274822409338	3.37239278881717	55
-25.0166212324141	3.36984361062786	55
-25.0057532247433	3.36727663940535	55
-24.9948782179212	3.36469187514964	55
-24.983996211948	3.36208931786074	55
-24.9731072068235	3.35946896753865	55
-24.9622112025479	3.35683082418336	55
-24.9513081991211	3.35417488779488	55
-24.9403981965431	3.3515011583732	55
-24.9294811948139	3.34880963591832	55
-24.9185571939335	3.34610032043026	55
-24.9076261939019	3.343373211909	55
-24.8966881947192	3.34062831035454	55
-24.8857431963852	3.33786561576689	55
-24.8747911989	3.33508512814604	55
-24.8638322022637	3.332286847492	55
-24.8528662064761	3.32947077380477	55
-24.8418932115374	3.32663690708434	55
-24.8309132174475	3.32378524733072	55
-24.8199262242064	3.3209157945439	55
-24.8089322318141	3.31802854872389	55
-24.7979312402706	3.31512350987068	55
-24.7869232495759	3.31220067798428	55
-24.77590825973	3.30926005306468	55
-24.7648862707329	3.30630163511189	55
-24.7538572825846	3.3033254241259	55
-24.7428212952852	3.30033142010672	55
-24.7317783088345	3.29731962305435	55
-24.7207283232327	3.29429003296878	55
-24.7096713384796	3.29124264985001	55
-24.6986073545754	3.28817747369805	55
-24.68753637152	3.2850945045129	55
-24.6764583893134	3.28199374229455	55
-24.6653734079556	3.27887518704301	55
-24.6542814274466	3.27573883875827	55
-24.6431824477864	3.27258469744034	55
-24.632076468975	3.26941276308922	55
-24.6209634910125	3.26622303570489	55
-24.6098435138987	3.26301551528738	55
-24.5987165376337	3.25979020183667	55
-24.5875825622176	3.25654709535277	55
-24.5764415876503	3.25328619583567	55
-24.5652936139317	3.25000750328537	55
-24.554138641062	3.24671101770189	55
-24.5429766690411	3.2433967390852	55
-24.531807697869	3.24006466743532	55
-24.5206317275457	3.23671480275225	55
-24.5094487580712	3.23334714503598	55
-24.4982587894455	3.22996169428652	55
-24.4870618216686	3.22655845050387	55
-24.4758578547406	3.22313741368802	55
-24.4646468886613	3.21969858383897	55
-24.4534289234309	3.21624196095673	55
-24.4422039590492	3.2127675450413	55
-24.4309719955164	3.20927533609267	55
-24.4197330328324	3.20576533411085	55
-24.4084870709972	3.20223753909583	55
-24.3972341100108	3.19869195104762	55
-24.3859741498732	3.19512856996621	55
-24.3747071905844	3.19154739585161	55
-24.3634332321444	3.18794842870381	55
-24.3521522745532	3.18433166852282	55
-24.3408643178108	3.18069711530863	55
-24.3295693619173	3.17704476906126	55
-24.3182674068725	3.17337462978068	55
-24.3069584526766	3.16968669746691	55
-24.2956424993294	3.16598097211995	55
-24.2843195468311	3.16225745373979	55
-24.2729895951816	3.15851614232644	55
-24.2616526443809	3.15475703787989	55
-24.250308694429	3.15098014040015	55
-24.2389577453259	3.14718544988721	55
-24.2275997970716	3.14337296634108	55
-24.2162348496661	3.13954268976176	55
-24.2048629031095	3.13569462014923	55
-24.1934839574016	3.13182875750352	55
-24.1820980125425	3.12794510182461	55
-24.1707050685323	3.12404365311251	55
-24.1593051253709	3.12012441136721	55
-24.1478981830582	3.11618737658871	55
-24.1364842415944	3.11223254877703	55
-24.1250633009794	3.10825992793214	55
-24.1136353612132	3.10426951405407	55
-24.1022004222958	3.1002613071428	55
-24.0907584842272	3.09623530719833	55
-24.0793095470074	3.09219151422067	55
-24.0678536106365	3.08812992820981	55
-24.0563906751143	3.08405054916576	55
-24.0449207404409	3.07995337708852	55
-24.0334438066164	3.07583841197808	55
-24.0219598736407	3.07170565383445	55
-24.0104689415137	3.06755510265762	55
-23.9989710102356	3.06338675844759	55
-23.9874660798063	3.05920062120438	55
-23.9759541502258	3.05499669092797	55
-23.9644352214941	3.05077496761836	55
-23.9529092936112	3.04653545127556	55
-23.9413763665771	3.04227814189956	55
-23.9298364403918	3.03800303949037	55
-23.9182895150554	3.03371014404799	55
-23.9067355905677	3.02939945557241	55
-23.8951746669289	3.02507097406364	55
-23.8836067441388	3.02072469952167	55
-23.8720318221976	3.0163606319465	55
-23.8604499011052	3.01197877133814	55
-23.8488609808615	3.00757911769659	55
-23.8372650614667	3.00316167102185	55
-23.8256621429207	2.9987264313139	55
-23.8140522252235	2.99427339857277	55
-23.8024353083752	2.98980257279844	55
-23.7908113923756	2.98531395399091	55
-23.7791804772248	2.98080754215019	55
-23.7675425629229	2.97628333727628	55
-23.7558976494697	2.97174133936917	55
-23.7442457368654	2.96718154842887	55
-23.7325868251098	2.96260396445537	55
-23.7209209142031	2.95800858744868	55
-23.7092480041452	2.95339541740879	55
-23.6975680949361	2.94876445433571	55
-23.6858811865758	2.94411569822943	55
-23.6741872790643	2.93944914908996	55
-23.6624863724016	2.93476480691729	55
-23.6507784665877	2.93006267171143	55
-23.6390635616226	2.92534274347238	55
-23.6273416575064	2.92060502220013	55
-23.6156127542389	2.91584950789468	55
-23.6038768518203	2.91107620055605	55
-23.5921339502504	2.90628510018421	55
-23.5803840495294	2.90147620677919	55
-23.5686271496572	2.89664952034096	55
-23.5568632506338	2.89180504086955	55
-23.5450923524592	2.88694276836494	55
-23.5333144551334	2.88206270282713	55
-23.5215295586564	2.87716484425613	55
-23.5097376630282	2.87224919265193	55
-23.4979387682488	2.86731574801454	55
-23.4861328743182	2.86236451034396	55
-23.4743199812365	2.85739547964018	55
-23.4625000890035	2.85240865590321	55
-23.4506731976194	2.84740403913304	55
-23.4388393070841	2.84238162932968	55
-23.4269984173975	2.83734142649312	55
-23.4151505285598	2.83228343062337	55
-23.4032956405709	2.82720764172042	55
-23.3914337534308	2.82211405978428	55
-23.3795648671395	2.81700268481494	55
-23.367688981697	2.81187351681241	55
-23.3558060971034	2.80672655577669	55
-23.3439162133585	2.80156180170777	55
-23.3320193304624	2.79637925460566	55
-23.3201154484152	2.79117891447035	55
-23.3082045672167	2.78596078130185	55
-23.2962866868671	2.78072485510015	55
-23.2843618073663	2.77547113586525	55
-23.2724299287143	2.77019962359717	55
-23.2604910509111	2.76491031829589	55
-23.2485451739567	2.75960321996141	55
-23.2365922978511	2.75427832859374	55
-23.2246324225943	2.74893564419287	55
-23.2126655481863	2.74357516675882	55
-23.2006916746271	2.73819689629156	55
-23.1887108019168	2.73280083279111	55
-23.1767229300552	2.72738697625747	55
-23.1647280590425	2.72195532669063	55
-23.1527261888785	2.7165058840906	55
-23.1407173195634	2.71103864845737	55
-23.1287014510971	2.70555361979095	55
-23.1166785834796	2.70005079809133	55
-23.1046487167109	2.69453018335852	55
-23.092611850791	2.68899177559252	55
-23.0805679857199	2.68343557479331	55
-23.0685171214976	2.67786158096092	55
-23.0564592581241	2.67226979409533	55
-23.0443943955995	2.66666021419655	55
-23.0323225339236	2.66103284126457	55
-23.0202436730966	2.6553876752994	55
-23.0081578131183	2.64972471630103	55
-22.9960649539889	2.64404396426947	55
-22.9839650957083	2.63834541920471	55
-22.9718582382765	2.63262908110676	55
-22.9597443816934	2.62689494997561	55
-22.9476235259592	2.62114302581127	55
-22.9354956710739	2.61537330861374	55
-22.9233608170373	2.60958579838301	55
-22.9112189638495	2.60378049511908	55
-22.8990701115105	2.59795739882196	55
-22.8869142600204	2.59211650949165	55
-22.874751409379	2.58625782712814	55
-22.8625815595865	2.58038135173144	55
-22.8504047106427	2.57448708330154	55
-22.8382208625478	2.56857502183845	55
-22.8260300153017	2.56264516734217	55
-22.8138321689044	2.55669751981269	55
-22.8016273233559	2.55073207925001	55
-22.7894154786562	2.54474884565414	55
-22.7771966348053	2.53874781902507	55
-22.7649707918032	2.53272899936282	55
-22.75273794965	2.52669238666736	55
-22.7404981083455	2.52063798093871	55
-22.7282512678899	2.51456578217687	55
-22.715997428283	2.50847579038183	55
-22.703736589525	2.5023680055536	55
-22.6914687516157	2.49624242769217	55
-22.6791939145553	2.49009905679755	55
-22.6669120783437	2.48393789286974	55
-22.6546232429809	2.47775893590873	55
-22.6423274084669	2.47156218591452	55
-22.6300245748017	2.46534764288712	55
-22.6177147419853	2.45911530682653	55
-22.6053979100178	2.45286517773274	55
-22.593074078899	2.44659725560576	55
-22.5807432486291	2.44031154044558	55
-22.5684054192079	2.43400803225221	55
-22.5560605906356	2.42768673102564	55
-22.543708762912	2.42134763676588	55
-22.5313499360373	2.41499074947292	55
-22.5189841100114	2.40861606914677	55
-22.5066112848343	2.40222359578743	55
-22.494231460506	2.39581332939488	55
-22.4818446370265	2.38938526996915	55
-22.4694508143958	2.38293941751022	55
-22.457049992614	2.3764757720181	55
-22.4446421716809	2.36999433349278	55
-22.4322273515966	2.36349510193427	55
-22.4198055323612	2.35697807734256	55
-22.4073767139745	2.35044325971766	55
-22.3949408964367	2.34389064905956	55
-22.3824980797477	2.33732024536827	55
-22.3700482639075	2.33073204864378	55
-22.3575914489161	2.3241260588861	55
-22.3451276347735	2.31750227609523	55
-22.3326568214797	2.31086070027116	55
-22.3201790090347	2.30420133141389	55
-22.3076941974385	2.29752416952344	55
-22.2952023866911	2.29082921459978	55
-22.2827035767926	2.28411646664293	55
-22.2701977677428	2.27738592565289	55
-22.2576849595419	2.27063759162966	55
-22.2451651521898	2.26387146457322	55
-22.2326383456864	2.2570875444836	55
-22.2201045400319	2.25028583136078	55
-22.2075637352262	2.24346632520476	55
-22.1950159312693	2.23662902601555	55
-22.1824611281612	2.22977393379315	55
-22.1698993259019	2.22290104853755	55
-22.1573305244914	2.21601037024875	55
-22.1447547239298	2.20910189892677	55
-22.1321719242169	2.20217563457158	55
-22.1195821253528	2.19523157718321	55
-22.1069853273376	2.18826972676163	55
-22.0943815301712	2.18129008330687	55
-22.0817707338535	2.17429264681891	55
-22.0691529383847	2.16727741729775	55
-22.0565281437647	2.1602443947434	55
-22.0438963499935	2.15319357915586	55
-22.0312575570711	2.14612497053512	55
-22.0186117649975	2.13903856888118	55
-22.0059589737727	2.13193437419405	55
-21.9932991833968	2.12481238647373	55
-21.9806323938696	2.11767260572021	55
-21.9679586051912	2.1105150319335	55
-21.9552778173617	2.10333966511359	55
-21.9425900303809	2.09614650526049	55
-21.929895244249	2.08893555237419	55
-21.9171934589659	2.0817068064547	55
-21.9044846745316	2.07446026750202	55
-21.8917688909461	2.06719593551614	55
-21.8790461082094	2.05991381049706	55
-21.8663163263215	2.05261389244479	55
-21.8535795452824	2.04529618135933	55
-21.8408357650921	2.03796067724067	55
-21.8280849857507	2.03060738008882	55
-21.815327207258	2.02323628990377	55
-21.8025624296141	2.01584740668553	55
-21.7897906528191	2.00844073043409	55
-21.7770118768729	2.00101626114946	55
-21.7642261017754	1.99357399883164	55
-21.7514333275268	1.98611394348062	55
-21.738633554127	1.9786360950964	55
-21.725826781576	1.97114045367899	55
-21.7130130098738	1.96362701922839	55
-21.7001922390204	1.95609579174459	55
-21.6873644690159	1.9485467712276	55
-21.6745296998601	1.94097995767741	55
-21.6616879315531	1.93339535109403	55
-21.648839164095	1.92579295147745	55
-21.6359833974856	1.91817275882768	55
-21.6231206317251	1.91053477314471	55
-21.6102508668134	1.90287899442855	55
-21.5973741027505	1.8952054226792	55
-21.5844903395363	1.88751405789665	55
-21.571599577171	1.8798049000809	55
-21.5587018156545	1.87207794923196	55
-21.5457970549868	1.86433320534983	55
-21.532885295168	1.8565706684345	55
-21.5199665361979	1.84879033848598	55
-21.5070407780766	1.84099221550426	55
-21.4941080208042	1.83317629948935	55
-21.4811682643805	1.82534259044124	55
-21.4682215088057	1.81749108835994	55
-21.4552677540797	1.80962179324545	55
-21.4423070002024	1.80173470509776	55
-21.429339247174	1.79382982391687	55
-21.4163644949944	1.78590714970279	55
-21.4033827436636	1.77796668245552	55
-21.3903939931816	1.77000842217505	55
-21.3773982435484	1.76203236886139	55
-21.3643954947641	1.75403852251453	55
-21.3513857468285	1.74602688313448	55
-21.3383689997417	1.73799745072123	55
-21.3253452535038	1.72995022527479	55
-21.3123145081147	1.72188520679515	55
-21.2992767635743	1.71380239528232	55
-21.2862320198828	1.7057017907363	55
-21.2731802770401	1.69758339315708	55
-21.2601215350462	1.68944720254466	55
-21.2470557939011	1.68129321889905	55
-21.2339830536048	1.67312144222025	55
-21.2209033141573	1.66493187250825	55
-21.2078165755586	1.65672450976306	55
-21.1947228378088	1.64849935398467	55
-21.1816221009077	1.64025640517309	55
-21.1685143648554	1.63199566332832	55
-21.155399629652	1.62371712845034	55
-21.1422778952974	1.61542080053918	55
-21.1291491617915	1.60710667959482	55
-21.1160134291345	1.59877476561726	55
-21.1028706973263	1.59042505860651	55
-21.0897209663669	1.58205755856257	55
-21.0765642362563	1.57367226548543	55
-21.0634005069945	1.5652691793751	55
-21.0502297785815	1.55684830023157	55
-21.0370520510174	1.54840962805485	55
-21.023867324302	1.53995316284493	55
-21.0106755984355	1.53147890460182	55
-20.9974768734177	1.52298685332551	55
-20.9842711492488	1.51447700901601	55
-20.9710584259286	1.50594937167332	55
-20.9578387034573	1.49740394129743	55
-20.9446119818348	1.48884071788835	55
-20.9313782610611	1.48025970144607	55
-20.9181375411362	1.47166089197059	55
-20.9048898220601	1.46304428946192	55
-20.8916351038328	1.45440989392006	55
-20.8783733864544	1.445757705345	55
-20.8651046699247	1.43708772373675	55
-20.8518289542438	1.42839994909531	55
-20.8385462394118	1.41969438142067	55
-20.8252565254286	1.41097102071283	55
-20.8119598122941	1.4022298669718	55
-20.7986561000085	1.39347092019758	55
-20.7853453885717	1.38469418039016	55
-20.7720276779837	1.37589964754954	55
-20.7587029682445	1.36708732167573	55
-20.7453712593541	1.35825720276873	55
-20.7320325513125	1.34940929082853	55
-20.7186868441197	1.34054358585514	55
-20.7053341377758	1.33166008784855	55
-20.6919744322806	1.32275879680877	55
-20.6786077276342	1.3138397127358	55
-20.6652340238367	1.30490283562963	55
-20.651853320888	1.29594816549026	55
-20.638465618788	1.2869757023177	55
-20.6250709175369	1.27798544611195	55
-20.6116692171346	1.268977396873	55
-20.5982605175811	1.25995155460086	55
-20.5848448188764	1.25090791929552	55
-20.5714221210205	1.24184649095699	55
-20.5579924240135	1.23276726958526	55
-20.5445557278552	1.22367025518034	55
-20.5311120325457	1.21455544774222	55
-20.5176613380851	1.20542284727091	55
-20.5042036444732	1.1962724537664	55
-20.4907389517102	1.1871042672287	55
-20.477267259796	1.17791828765781	55
-20.4637885687305	1.16871451505372	55
-20.4503028785139	1.15949294941644	55
-20.4368101891461	1.15025359074596	55
-20.4233105006271	1.14099643904228	55
-20.4098038129569	1.13172149430542	55
-20.3962901261356	1.12242875653536	55
-20.382769440163	1.1131182257321	55
-20.3692417550392	1.10378990189565	55
-20.3557070707643	1.094443785026	55
-20.3421653873381	1.08507987512316	55
-20.3286167047608	1.07569817218713	55
-20.3150610230322	1.0662986762179	55
-20.3014983421525	1.05688138721547	55
-20.2879286621216	1.04744630517985	55
-20.2743519829395	1.03799343011104	55
-20.2607683046062	1.02852276200903	55
-20.2471776271217	1.01903430087383	55
-20.233579950486	1.00952804670543	55
-20.2199752746992	1.00000399950384	55
-20.2063635997611	0.990462159269054	55
-20.1927449256718	0.980902526001074	55
-20.1791192524314	0.971325099699899	55
-20.1654865800397	0.961729880365529	55
-20.1518469084969	0.952116867997963	55
-20.1382002378029	0.942486062597204	55
-20.1245465679577	0.932837464163252	55
-20.1108858989613	0.923171072696103	55
-20.0972182308137	0.913486888195761	55
-20.0835435635149	0.903784910662222	55
-20.0698618970649	0.89406514009549	55
-20.0561732314637	0.884327576495564	55
-20.0424775667113	0.874572219862442	55
-20.0287749028078	0.864799070196127	55
-20.015065239753	0.855008127496616	55
-20.0013485775471	0.845199391763912	55
-19.9876249161899	0.835372862998012	55
-19.9738942556816	0.825528541198917	55
-19.9601565960221	0.81566642636663	55
-19.9464119372114	0.805786518501145	55
-19.9326602792495	0.795888817602468	55
-19.9189016221364	0.785973323670596	55
-19.9051359658721	0.776040036705529	55
-19.8913633104566	0.766088956707268	55
-19.87758365589	0.75612008367581	55
-19.8637970021721	0.74613341761116	55
-19.850003349303	0.736128958513314	55
-19.8362026972828	0.726106706382275	55
-19.8223950461114	0.71606666121804	55
-19.8085803957887	0.706008823020611	55
-19.7947587463149	0.695933191789987	55
-19.7809300976899	0.685839767526169	55
-19.7670944499137	0.675728550229156	55
-19.7532518029863	0.665599539898948	55
-19.7394021569077	0.655452736535546	55
-19.7255455116779	0.64528814013895	55
-19.7116818672969	0.635105750709159	55
-19.6978112237648	0.624905568246173	55
-19.6839335810814	0.614687592749993	55
-19.6700489392469	0.604451824220618	55
-19.6561572982611	0.594198262658048	55
-19.6422586581242	0.583926908062284	55
-19.6283530188361	0.573637760433326	55
-19.6144403803968	0.563330819771172	55
-19.6005207428062	0.553006086075824	55
-19.5865941060645	0.542663559347282	55
-19.5726604701717	0.532303239585546	55
-19.5587198351276	0.521925126790614	55
-19.5447722009323	0.511529220962486	55
-19.5308175675858	0.501115522101166	55
-19.5168559350882	0.490684030206652	55
-19.5028873034393	0.480234745278941	55
-19.4889116726393	0.469767667318038	55
-19.474929042688	0.459282796323938	55
-19.4609394135856	0.448780132296644	55
-19.446942785332	0.438259675236157	55
-19.4329391579272	0.427721425142474	55
-19.4189285313712	0.417165382015596	55
-19.404910905664	0.406591545855524	55
-19.3908862808056	0.395999916662257	55
-19.376854656796	0.385390494435796	55
-19.3628160336353	0.374763279176141	55
-19.3487704113233	0.364118270883292	55
-19.3347177898601	0.353455469557244	55
-19.3206581692458	0.342774875198006	55
-19.3065915494803	0.332076487805572	55
-19.2925179305635	0.321360307379944	55
-19.2784373124956	0.310626333921121	55
-19.2643496952765	0.299874567429102	55
-19.2502550789062	0.28910500790389	55
-19.2361534633847	0.278317655345484	55
-19.222044848712	0.267512509753883	55
-19.2079292348881	0.256689571129086	55
-19.1938066219131	0.245848839471094	55
-19.1796770097868	0.23499031477991	55
-19.1655403985093	0.22411399705553	55
-19.1513967880807	0.213219886297956	55
-19.1372461785008	0.202307982507187	55
-19.1230885697698	0.191378285683223	55
-19.1089239618876	0.180430795826065	55
-19.0947523548542	0.169465512935712	55
-19.0805737486696	0.158482437012165	55
-19.0663881433338	0.147481568055424	55
-19.0521955388468	0.136462906065486	55
-19.0379959352086	0.125426451042356	55
-19.0237893324192	0.11437220298603	55
-19.0095757304787	0.10330016189651	55
-18.9953551293869	0.0922103277737958	55
-18.9811275291439	0.081102700617885	55
-18.9668929297498	0.0699772804287817	55
-18.9526513312045	0.0588340672064831	55
-18.9384027335079	0.0476730609509906	55
-18.9241471366602	0.0364942616623023	55
-18.9098845406613	0.0252976693404192	55
-18.8956149455112	0.0140832839853426	55
-18.8813383512099	0.00285110559707125	55
-18.8670547577574	-0.00839886582439364	55
-18.8527641651538	-0.0196666302790556	55
-18.8384665733989	-0.0309521877669106	55
-18.8241619824928	-0.0422555382879599	55
-18.8098503924356	-0.0535766818422041	55
-18.7955318032271	-0.0649156184296431	55
-18.7812062148675	-0.0762723480502774	55
-18.7668736273567	-0.0876468707041047	55
-18.7525340406947	-0.0990391863911277	55
-18.7381874548814	-0.110449295111345	55
-18.723833869917	-0.121877196864756	55
-18.7094732858014	-0.133322891651364	55
-18.6951057025347	-0.144786379471165	55
-18.6807311201167	-0.156267660324159	55
-18.6663495385475	-0.167766734210349	55
-18.6519609578271	-0.179283601129734	55
-18.6375653779556	-0.190818261082315	55
-18.6231627989328	-0.202370714068088	55
-18.6087532207589	-0.213940960087056	55
-18.5943366434338	-0.225528999139219	55
-18.5799130669575	-0.237134831224576	55
-18.5654824913299	-0.24875845634313	55
-18.5510449165512	-0.260399874494877	55
-18.5366003426213	-0.272059085679818	55
-18.5221487695402	-0.283736089897953	55
-18.507690197308	-0.295430887149283	55
-18.4932246259245	-0.30714347743381	55
-18.4787520553898	-0.318873860751529	55
-18.464272485704	-0.330622037102443	55
-18.4497859168669	-0.342388006486552	55
-18.4352923488787	-0.354171768903855	55
-18.4207917817392	-0.365973324354354	55
-18.4062842154486	-0.377792672838047	55
-18.3917696500068	-0.389629814354933	55
-18.3772480854138	-0.401484748905015	55
-18.3627195216696	-0.413357476488291	55
-18.3481839587742	-0.425247997104763	55
-18.3336413967276	-0.437156310754428	55
-18.3190918355298	-0.449082417437288	55
-18.3045352751809	-0.461026317153343	55
-18.2899717156807	-0.472988009902592	55
-18.2754011570294	-0.484967495685036	55
-18.2608235992268	-0.496964774500674	55
-18.2462390422731	-0.508979846349507	55
-18.2316474861682	-0.521012711231535	55
-18.217048930912	-0.533063369146756	55
-18.2024433765047	-0.545131820095174	55
-18.1878308229462	-0.557218064076785	55
-18.1732112702365	-0.569322101091591	55
-18.1585847183756	-0.581443931139591	55
-18.1439511673636	-0.593583554220786	55
-18.1293106172003	-0.605740970335177	55
-18.1146630678858	-0.617916179482761	55
-18.1000085194202	-0.630109181663539	55
-18.0853469718033	-0.642319976877512	55
-18.0706784250353	-0.65454856512468	55
-18.0560028791161	-0.666794946405044	55
-18.0413203340456	-0.679059120718601	55
-18.026630789824	-0.691341088065352	55
-18.0119342464512	-0.703640848445298	55
-17.9972307039272	-0.715958401858439	55
-17.982520162252	-0.728293748304775	55
-17.9678026214257	-0.740646887784305	55
-17.9530780814481	-0.753017820297029	55
-17.9383465423193	-0.765406545842948	55
-17.9236080040394	-0.777813064422064	55
-17.9088624666082	-0.790237376034371	55
-17.8941099300259	-0.802679480679874	55
-17.8793503942923	-0.815139378358571	55
-17.8645838594076	-0.827617069070463	55
-17.8498103253717	-0.840112552815551	55
-17.8350297921846	-0.852625829593832	55
-17.8202422598463	-0.865156899405307	55
-17.8054477283568	-0.877705762249978	55
-17.7906461977161	-0.890272418127843	55
-17.7758376679243	-0.902856867038904	55
-17.7610221389812	-0.915459108983157	55
-17.7461996108869	-0.928079143960606	55
-17.7313700836415	-0.940716971971248	55
-17.7165335572448	-0.953372593015086	55
-17.701690031697	-0.96604600709212	55
-17.686839506998	-0.978737214202347	55
-17.6719819831478	-0.991446214345768	55
-17.6571174601464	-1.00417300752238	55
-17.6422459379937	-1.01691759373219	55
-17.62736741669	-1.0296799729752	55
-17.612481896235	-1.0424601452514	55
-17.5975893766288	-1.05525811056079	55
-17.5826898578714	-1.06807386890338	55
-17.5677833399629	-1.08090742027917	55
-17.5528698229031	-1.09375876468815	55
-17.5379493066922	-1.10662790213032	55
-17.52302179133	-1.11951483260569	55
-17.5080872768167	-1.13241955611425	55
-17.4931457631522	-1.145342072656	55
-17.4781972503365	-1.15828238223096	55
-17.4632417383696	-1.1712404848391	55
-17.4482792272515	-1.18421638048044	55
-17.4333097169822	-1.19721006915498	55
-17.4183332075617	-1.21022155086271	55
-17.40334969899	-1.22325082560363	55
-17.3883591912672	-1.23629789337775	55
-17.3733616843931	-1.24936275418506	55
-17.3583571783679	-1.26244540802557	55
-17.3433456731914	-1.27554585489927	55
-17.3283271688638	-1.28866409480617	55
-17.313301665385	-1.30180012774626	55
-17.298269162755	-1.31495395371955	55
-17.2832296609738	-1.32812557272603	55
-17.2681831600414	-1.3413149847657	55
-17.2531296599578	-1.35452218983858	55
-17.238069160723	-1.36774718794464	55
-17.223001662337	-1.3809899790839	55
-17.2079271647998	-1.39425056325635	55
-17.1928456681115	-1.407528940462	55
-17.1777571722719	-1.42082511070084	55
-17.1626616772812	-1.43413907397288	55
-17.1475591831393	-1.44747083027811	55
-17.1324496898461	-1.46082037961654	55
-17.1173331974018	-1.47418772198816	55
-17.1022097058063	-1.48757285739298	55
-17.0870792150596	-1.50097578583099	55
-17.0719417251617	-1.51439650730219	55
-17.0567972361126	-1.52783502180659	55
-17.0416457479124	-1.54129132934419	55
-17.0264872605609	-1.55476542991497	55
-17.0113217740582	-1.56825732351896	55
-16.9961492884044	-1.58176701015613	55
-16.9809698035993	-1.59529448982651	55
-16.9657833196431	-1.60883976253008	55
-16.9505898365357	-1.62240282826684	55
-16.935389354277	-1.63598368703679	55
-16.9201818728672	-1.64958233883994	55
-16.9049673923062	-1.66319878367629	55
-16.889745912594	-1.67683302154583	55
-16.8745174337307	-1.69048505244856	55
-16.8592819557161	-1.70415487638449	55
-16.8440394785503	-1.71784249335361	55
-16.8287900022333	-1.73154790335593	55
-16.8135335267652	-1.74527110639145	55
-16.7982700521458	-1.75901210246015	55
-16.7829995783753	-1.77277089156206	55
-16.7677221054536	-1.78654747369715	55
-16.7524376333807	-1.80034184886544	55
-16.7371461621565	-1.81415401706693	55
-16.7218476917812	-1.82798397830161	55
-16.7065422222547	-1.84183173256948	55
-16.6912297535771	-1.85569727987055	55
-16.6759102857482	-1.86958062020482	55
-16.6605838187681	-1.88348175357228	55
-16.6452503526368	-1.89740067997293	55
-16.6299098873544	-1.91133739940678	55
-16.6145624229207	-1.92529191187382	55
-16.5992079593359	-1.93926421737406	55
-16.5838464965999	-1.95325431590749	55
-16.5684780347126	-1.96726220747411	55
-16.5531025736742	-1.98128789207393	55
-16.5377201134846	-1.99533136970695	55
-16.5223306541438	-2.00939264037316	55
-16.5069341956518	-2.02347170407256	55
-16.4915307380086	-2.03756856080516	55
-16.4761202812143	-2.05168321057096	55
-16.4607028252687	-2.06581565336994	55
-16.4452783701719	-2.07996588920213	55
-16.429846915924	-2.09413391806751	55
-16.4144084625248	-2.10831973996608	55
-16.3989630099745	-2.12252335489784	55
-16.383510558273	-2.1367447628628	55
-16.3680511074203	-2.15098396386096	55
-16.3525846574164	-2.16524095789231	55
-16.3371112082612	-2.17951574495686	55
-16.321630759955	-2.19380832505459	55
-16.3061433124975	-2.20811869818553	55
-16.2906488658888	-2.22244686434966	55
-16.2751474201289	-2.23679282354698	55
-16.2596389752179	-2.2511565757775	55
-16.2441235311556	-2.26553812104121	55
-16.2286010879422	-2.27993745933812	55
-16.2130716455775	-2.29435459066822	55
-16.1975352040617	-2.30878951503152	55
-16.1819917633947	-2.32324223242801	55
-16.1664413235765	-2.33771274285769	55
-16.1508838846071	-2.35220104632057	55
-16.1353194464865	-2.36670714281664	55
-16.1197480092147	-2.38123103234591	55
-16.1041695727917	-2.39577271490838	55
-16.0885841372175	-2.41033219050403	55
-16.0729917024922	-2.42490945913289	55
-16.0573922686156	-2.43950452079494	55
-16.0417858355879	-2.45411737549018	55
-16.0261724034089	-2.46874802321861	55
-16.0105519720788	-2.48339646398024	55
-15.9949245415975	-2.49806269777507	55
-15.9792901119649	-2.51274672460309	55
-15.9636486831812	-2.5274485444643	55
-15.9480002552463	-2.54216815735871	55
-15.9323448281603	-2.55690556328632	55
-15.916682401923	-2.57166076224712	55
-15.9010129765345	-2.58643375424111	55
-15.8853365519948	-2.6012245392683	55
-15.869653128304	-2.61603311732868	55
-15.8539627054619	-2.63085948842226	55
-15.8382652834687	-2.64570365254903	55
-15.8225608623243	-2.66056560970899	55
-15.8068494420286	-2.67544535990215	55
-15.7911310225818	-2.69034290312851	55
-15.7754056039838	-2.70525823938806	55
-15.7596731862346	-2.7201913686808	55
-15.7439337693342	-2.73514229100674	55
-15.7281873532826	-2.75011100636588	55
-15.7124339380798	-2.7650975147582	55
-15.6966735237259	-2.78010181618373	55
-15.6809061102207	-2.79512391064244	55
-15.6651316975644	-2.81016379813436	55
-15.6493502857568	-2.82522147865946	55
-15.6335618747981	-2.84029695221776	55
-15.6177664646882	-2.85539021880926	55
-15.601964055427	-2.87050127843395	55
-15.5861546470147	-2.88563013109183	55
-15.5703382394512	-2.90077677678291	55
-15.5545148327365	-2.91594121550719	55
-15.5386844268706	-2.93112344726465	55
-15.5228470218536	-2.94632347205532	55
-15.5070026176853	-2.96154128987918	55
-15.4911512143658	-2.97677690073623	55
-15.4752928118952	-2.99203030462647	55
-15.4594274102733	-3.00730150154992	55
-15.4435550095003	-3.02259049150655	55
-15.4276756095761	-3.03789727449638	55
-15.4117892105006	-3.05322185051941	55
-15.395895812274	-3.06856421957563	55
-15.3799954148962	-3.08392438166504	55
-15.3640880183672	-3.09930233678765	55
-15.348173622687	-3.11469808494345	55
-15.3322522278557	-3.13011162613245	55
-15.3163238338731	-3.14554296035464	55
-15.3003884407393	-3.16099208761003	55
-15.2844460484544	-3.17645900789861	55
-15.2684966570182	-3.19194372122039	55
-15.2525402664309	-3.20744622757536	55
-15.2365768766923	-3.22296652696353	55
-15.2206064878026	-3.23850461938488	55
-15.2046290997617	-3.25406050483944	55
-15.1886447125696	-3.26963418332719	55
-15.1726533262263	-3.28522565484813	55
-15.1566549407318	-3.30083491940227	55
-15.1406495560861	-3.3164619769896	55
-15.1246371722892	-3.33210682761013	55
-15.1086177893412	-3.34776947126386	55
-15.0925914072419	-3.36344990795077	55
-15.0765580259915	-3.37914813767088	55
-15.0605176455898	-3.39486416042419	55
-15.044470266037	-3.41059797621069	55
-15.028415887333	-3.42634958503038	55
-15.0123545094777	-3.44211898688327	55
-14.9962861324713	-3.45790618176936	55
-14.9802107563137	-3.47371116968864	55
-14.9641283810049	-3.48953395064111	55
-14.9480390065449	-3.50537452462678	55
-14.9319426329338	-3.52123289164564	55
-14.9158392601714	-3.5371090516977	55
-14.8997288882578	-3.55300300478295	55
-14.8836115171931	-3.5689147509014	55
-14.8674871469771	-3.58484429005304	55
-14.85135577761	-3.60079162223787	55
-14.8352174090917	-3.6167567474559	55
-14.8190720414221	-3.63273966570713	55
-14.8029196746014	-3.64874037699155	55
-14.7867603086295	-3.66475888130916	55
-14.7705939435064	-3.68079517865997	55
-14.7544205792321	-3.69684926904397	55
-14.7382402158067	-3.71292115246117	55
-14.72205285323	-3.72901082891156	55
-14.7058584915021	-3.74511829839515	55
-14.6896571306231	-3.76124356091193	55
-14.6734487705928	-3.7773866164619	55
-14.6572334114114	-3.79354746504507	55
-14.6410110530788	-3.80972610666144	55
-14.6247816955949	-3.825922541311	55
-14.6085453389599	-3.84213676899375	55
-14.6004691720023	-3.85005395366323	55
-14.5922452131786	-3.85781750871766	55
-14.5838763844222	-3.86542467580291	55
-14.575365659138	-3.87287275212874	55
-14.5667160611463	-3.88015909142908	55
-14.5579306636081	-3.88728110490229	55
-14.5490125879332	-3.89423626213089	55
-14.5399650026715	-3.90102209198063	55
-14.5307911223869	-3.90763618347847	55
-14.5214942065155	-3.91407618666921	55
-14.5120775582071	-3.92033981345037	55
-14.5025445231521	-3.92642483838518	55
-14.4928984883924	-3.93232909949326	55
-14.4831428811182	-3.93805049901876	55
-14.4732811674505	-3.94358700417565	55
-14.463316851209	-3.94893664787003	55
-14.4532534726678	-3.95409752939895	55
-14.4430946072976	-3.9590678151258	55
-14.4328438644947	-3.96384573913171	55
-14.4225048862992	-3.96842960384304	55
-14.412081346101	-3.97281778063448	55
-14.4015769473341	-3.97700871040771	55
-14.3909954221615	-3.98100090414534	55
-14.3803405301486	-3.98479294343995	55
-14.3696160569279	-3.98838348099802	55
-14.3588258128537	-3.99177124111867	55
-14.3479736316482	-3.99495502014685	55
-14.3370633690397	-3.99793368690103	55
-14.3260989013927	-4.00070618307509	55
-14.3150841243303	-4.00327152361436	55
-14.3040229513503	-4.00562879706555	55
-14.2929193124348	-4.00777716590063	55
-14.2817771526538	-4.00971586681438	55
-14.2706004307637	-4.01144421099559	55
-14.2593931178005	-4.01296158437182	55
-14.2481591956692	-4.01426744782752	55
-14.2369026557288	-4.01536133739562	55
-14.2256274973743	-4.01624286442238	55
-14.2143377266158	-4.01691171570543	55
-14.2030373546552	-4.0173676536051	55
-14.1917303964607	-4.01761051612883	55
-14.1804208693407	-4.01764021698872	55
-14.1691127915165	-4.01745674563219	55
-14.1578101806942	-4.01706016724574	55
-14.1465170526376	-4.01645062273179	55
-14.1352374197413	-4.01562832865859	55
-14.1239752896052	-4.01459357718332	55
-14.1127346636105	-4.01334673594825	55
-14.1015195354982	-4.01188824795014	55
-14.0903338899497	-4.01021863138282	55
-14.0791817011718	-4.0083384794531	55
-14.0680669314839	-4.00624846017003	55
-14.0569935299109	-4.00394931610749	55
-14.0459654307796	-4.00144186414043	55
-14.0349865523211	-3.99872699515459	55
-14.0240607952786	-3.99580567372999	55
-14.0131920415216	-3.99267893779823	55
-14.0023841526665	-3.98934789827369	55
-13.9916409687048	-3.98581373865886	55
-13.9809663066386	-3.98207771462381	55
-13.9703639591246	-3.97814115356011	55
-13.9598376931262	-3.97400545410914	55
-13.9493912485757	-3.96967208566524	55
-13.939028337045	-3.96514258785357	55
-13.9287526404274	-3.96041856998314	55
-13.9185678096289	-3.95550171047501	55
-13.9084774632713	-3.95039375626595	55
-13.8984851864067	-3.94509652218776	55
-13.8885945292435	-3.9396118903225	55
-13.8788090058851	-3.93394180933374	55
-13.8691320930813	-3.92808829377426	55
-13.8595672289932	-3.92205342337027	55
-13.8501178119713	-3.91583934228249	55
-13.8407871993487	-3.90944825834434	55
-13.8315787062476	-3.90288244227752	55
-13.8224956044016	-3.89614422688519	55
-13.8135411209937	-3.88923600622322	55
-13.8047184375091	-3.8821602347495	55
-13.7960306886053	-3.87491942645195	55
-13.7874809609981	-3.86751615395528	55
-13.779072292365	-3.85995304760696	55
-13.7708076702659	-3.85223279454265	55
-13.7626900310817	-3.84435813773152	55
-13.754722258971	-3.83633187500162	55
-13.7469071848452	-3.8281568580459	55
-13.7392475853631	-3.81983599140894	55
-13.7317461819437	-3.81137223145505	55
-13.7244056398	-3.80276858531783	55
-13.7172285669917	-3.79402810983179	55
-13.7102175134986	-3.78515391044625	55
-13.7033749703146	-3.776149140122	55
-13.6967033685627	-3.76701699821106	55
-13.6902050786313	-3.75776072931995	55
-13.6838824093317	-3.74838362215695	55
-13.6777376070784	-3.73888900836358	55
-13.6717728550903	-3.72928026133092	55
-13.6659902726154	-3.71956079500102	55
-13.6603919141776	-3.70973406265399	55
-13.6549797688472	-3.69980355568106	55
-13.6497557595335	-3.68977280234405	55
-13.6447217423022	-3.67964536652187	55
-13.6398795057156	-3.66942484644424	55
-13.6352307701974	-3.65911487341327	55
-13.6307771874211	-3.64871911051331	55
-13.6265203397235	-3.6382412513094	55
-13.6224617395423	-3.62768501853502	55
-13.6186028288789	-3.61705416276942	55
-13.6149449787857	-3.60635246110503	55
-13.6114894888796	-3.59558371580549	55
-13.6082375868797	-3.58475175295473	55
-13.6051904281712	-3.57386042109758	55
-13.6023490953951	-3.56291358987238	55
-13.5997145980634	-3.55191514863615	55
-13.5972878722005	-3.54086900508267	55
-13.5950697800105	-3.52977908385417	55
-13.5930611095711	-3.51864932514685	55
-13.5912625745532	-3.50748368331098	55
-13.5896748139678	-3.49628612544594	55
-13.5882983919387	-3.48506062999071	55
-13.587133797502	-3.47381118531039	55
-13.5861814444327	-3.4625417882791	55
-13.5854416710972	-3.45125644285995	55
-13.5849147403334	-3.43995915868243	55
-13.5846008393575	-3.4286539496178	55
-13.5845000796968	-3.41734483235304	55
-13.5846124971508	-3.40603582496363	55
-13.5849380517781	-3.39473094548608	55
-13.5854766279108	-3.38343421049021	55
-13.5862280341952	-3.37214963365219	55
-13.5871920036604	-3.36088122432843	55
-13.5883681938125	-3.34963298613111	55
-13.5897561867568	-3.3384089155057	55
-13.591355489346	-3.32721300031106	55
-13.5931655333555	-3.31604921840253	55
-13.5951856756853	-3.30492153621867	55
-13.5974151985884	-3.29383390737198	55
-13.599853309926	-3.2827902712442	55
-13.6024991434487	-3.27179455158664	55
-13.6053517591045	-3.26085065512615	55
-13.6084101433726	-3.24996247017703	55
-13.6116732096236	-3.23913386525955	55
-13.6151397985057	-3.22836868772547	55
-13.6188086783563	-3.21767076239111	55
-13.6226785456398	-3.20704389017841	55
-13.6267480254109	-3.19649184676445	55
-13.6310156718028	-3.18601838124003	55
-13.635479968541	-3.17562721477756	55
-13.6401393294822	-3.16532203930901	55
-13.6449920991776	-3.15510651621417	55
-13.6500365534612	-3.14498427501974	55
-13.6552709000624	-3.13495891210982	55
-13.6606932792428	-3.12503398944811	55
-13.666301764457	-3.11521303331238	55
-13.6720943630368	-3.10549953304158	55
-13.6780690168996	-3.09589693979611	55
-13.6842236032792	-3.08640866533162	55
-13.6905559354804	-3.07703808078684	55
-13.6970637636558	-3.06778851548585	55
-13.7037447756049	-3.05866325575516	55
-13.7105965975962	-3.0496655437561	55
-13.7176167952097	-3.04079857633289	55
-13.7248028742028	-3.03206550387685	55
-13.7321522813958	-3.02346942920702	55
-13.7396624055793	-3.01501340646782	55
-13.7473305784419	-3.00670044004385	55
-13.7551540755184	-2.9985334834925	55
-13.7624123712967	-2.99121500856064	55
-13.7702570800558	-2.98337564646195	55
-13.7776352150796	-2.97600254206909	55
-13.785131156703	-2.96851171495939	55
-13.7927617173384	-2.96088636491115	55
-13.8020728409379	-2.95158160545679	55
-13.8102901330924	-2.943369935258	55
-13.8196693914622	-2.93399709994837	55
-13.8303056950608	-2.92336808797644	55
-13.8381421654921	-2.9155369948912	55
-13.8466082522925	-2.90707672224224	55
-13.8557323223663	-2.89795892361688	55
-13.8655426423839	-2.88815535287854	55
-13.8760673157509	-2.87763792716015	55
-13.8873342195767	-2.86637878985747	55
-13.8993709416431	-2.85435037362248	55
-13.9122047173734	-2.84152546335674	55
-13.9258623668009	-2.82787725920473	55
-13.9330083963166	-2.82073617601179	55
-13.9403702315375	-2.81337943954724	55
-13.9479510800706	-2.80580384466795	55
-13.9557541117429	-2.79800622399473	55
-13.9637824566312	-2.78998344988087	55
-13.9720392030928	-2.78173243638067	55
-13.9805273957955	-2.77325014121803	55
-13.9892500337481	-2.76453356775493	55
-13.9982100683302	-2.75557976696002	55
-14.0074104013232	-2.74638583937712	55
-14.0168538829398	-2.73694893709382	55
-14.0265433098551	-2.72726626570997	55
-14.036481423236	-2.71733508630624	55
-14.0466709067721	-2.70715271741267	55
-14.0571143847057	-2.69671653697723	55
-14.0678144198623	-2.68602398433429	55
-14.0787735116804	-2.67507256217325	55
-14.0899940942425	-2.66385983850705	55
-14.1014785343046	-2.65238344864068	55
-14.1132291293271	-2.64064109713977	55
-14.1252481055045	-2.6286305597991	55
-14.1375376157964	-2.61634968561117	55
-14.1500997379569	-2.60379639873473	55
-14.1629364725658	-2.5909687004633	55
-14.176049741058	-2.57786467119374	55
-14.1894413837543	-2.56448247239481	55
-14.2031131578917	-2.55082034857566	55
-14.2170667356534	-2.5368766292544	55
-14.231303702199	-2.52264973092668	55
-14.2458255536954	-2.50813815903415	55
-14.2606336953463	-2.49334050993309	55
-14.2757294394228	-2.47825547286287	55
-14.291114003294	-2.46288183191456	55
-14.3067885074566	-2.44721846799945	55
-14.3227539735658	-2.43126436081758	55
-14.3390113224651	-2.41501859082629	55
-14.3555613722169	-2.39848034120877	55
-14.3724048361327	-2.3816488998426	55
-14.3895423208033	-2.36452366126813	55
-14.406974324246	-2.34710412854043	55
-14.4247012352176	-2.32938991391557	55
-14.4427233340555	-2.3113807380095	55
-14.4610407938154	-2.29307642866043	55
-14.4796536814121	-2.27447691978811	55
-14.4985619587604	-2.25558225025321	55
-14.5177654839159	-2.23639256271665	55
-14.5372640122154	-2.21690810249896	55
-14.5570571974183	-2.1971292164396	55
-14.5771445928468	-2.17705635175633	55
-14.5975256525269	-2.15669005490457	55
-14.6181997323294	-2.13603097043667	55
-14.6391660911103	-2.11507983986138	55
-14.6604238918517	-2.09383750050306	55
-14.6819722028028	-2.07230488436113	55
-14.7038099986203	-2.05048301696937	55
-14.7259361615095	-2.02837301625526	55
-14.7483494823649	-2.00597609139935	55
-14.7710486619111	-1.9832935416946	55
-14.7940323118433	-1.96032675540569	55
-14.8172989559686	-1.93707720862843	55
-14.8408470313461	-1.91354646414906	55
-14.8646748894283	-1.8897361703036	55
-14.8887807972016	-1.8656480598372	55
-14.9131629383268	-1.8412839487635	55
-14.9378194142806	-1.81664573522396	55
-14.9627482454955	-1.79173539834721	55
-14.9879473725014	-1.76655499710839	55
-15.0134146570657	-1.74110666918851	55
-15.0391478833346	-1.71539262983378	55
-15.0651447589735	-1.68941517071497	55
-15.0914029163079	-1.66317665878674	55
-15.1179199134644	-1.636679535147	55
-15.1446932355111	-1.60992631389625	55
-15.1717202955985	-1.58291958099692	55
-15.1989984361006	-1.55566199313273	55
-15.2265249297551	-1.52815627656803	55
-15.2542969808047	-1.50040522600713	55
-15.2823117261377	-1.47241170345366	55
-15.3105662364284	-1.44417863706993	55
-15.3390575172787	-1.41570902003624	55
-15.367782510358	-1.38700590941025	55
-15.3967380945445	-1.35807242498635	55
-15.4259210870659	-1.32891174815493	55
-15.4553282446401	-1.29952712076182	55
-15.4849562646159	-1.26992184396755	55
-15.5148017861141	-1.24009927710677	55
-15.5448613911678	-1.21006283654752	55
-15.5751316058637	-1.17981599455065	55
-15.6056089014823	-1.14936227812912	55
-15.6362896956391	-1.11870526790735	55
-15.6671703534255	-1.08784859698059	55
-15.698247188549	-1.05679594977424	55
-15.7295164644745	-1.02555106090319	55
-15.7609743955648	-0.994117714031226	55
-15.7926171482216	-0.962499740730271	55
-15.824440842026	-0.930701019339824	55
-15.8564415508794	-0.898725473826275	55
-15.8886153041446	-0.866577072642235	55
-15.9209580877859	-0.834259827585898	55
-15.9534658455105	-0.80177779266038	55
-15.9861344799089	-0.769135062933079	55
-16.0189598535959	-0.736335773395	55
-16.0519377903511	-0.703384097820104	55
-16.0850640762601	-0.67028424762467	55
-16.1183344608549	-0.637040470726632	55
-16.1517446582549	-0.603657050404921	55
-16.1852903483075	-0.570138304158809	55
-16.218967177729	-0.536488582567257	55
-16.2527707612453	-0.502712268148278	55
-16.2866966827328	-0.468813774218256	55
-16.3207404963592	-0.43479754375129	55
-16.3548977277238	-0.400668048238583	55
-16.3891638749991	-0.366429786547734	55
-16.4235344100708	-0.332087283782115	55
-16.4580047796792	-0.297645090140207	55
-16.4925704065593	-0.263107779774957	55
-16.5272266905822	-0.228479949653104	55
-16.5619690098958	-0.19376621841454	55
-16.596792722065	-0.15897122523164	55
-16.6316931652132	-0.124099628668641	55
-16.6666656591627	-0.0891561055409471	55
-16.7017055065755	-0.0541453497744988	55
-16.7368079940941	-0.0190720712651125	55
-16.7719683934824	0.0160590052621634	55
-16.8071819627663	0.0512431413937242	55
-16.8424439473745	0.0864755861680453	55
-16.8777495812795	0.121751577216343	55
-16.9130940881379	0.157066341903231	55
-16.9484726824319	0.192415098467362	55
-16.9838805706093	0.227793057162109	55
-17.0193129522248	0.263195421396183	55
-17.0547650210806	0.298617388874314	55
-17.0902319663671	0.334054152737898	55
-17.1257089738039	0.369500902705656	55
-17.1611912267804	0.404952826214274	55
-17.1966739074965	0.44040510955905	55
-17.2321521981031	0.475852939033753	55
-17.267621281841	0.511291502068179	55
-17.3030763441789	0.546715988364599	55
-17.3385125739521	0.582121591034199	55
-17.3739251645004	0.617503507733489	55
-17.4093093148062	0.652856941800682	55
-17.4446602306333	0.688177103392167	55
-17.4799731256647	0.723459210618872	55
-17.5152432226409	0.758698490682701	55
-17.5504657544982	0.79389018101293	55
-17.5856359655069	0.829029530402642	55
-17.6207491124098	0.864111800145133	55
-17.6558004655599	0.89913226517032	55
-17.6907853100592	0.934086215181139	55
-17.7256989468967	0.968968955790008	55
-17.7605366940863	1.00377580965519	55
-17.7952938878059	1.03850211761722	55
-17.8299658835347	1.07314323983534	55
-17.864548057192	1.10769455692387	55
-17.8990358062755	1.14215147108869	55
-17.9334245509991	1.17650940726355	55
-17.9677097354314	1.2107638142466	55
-18.0018868286341	1.24491016583672	55
-18.0359513258	1.27894396196997	55
-18.0698987493911	1.31286072985597	55
-18.1037246502774	1.34665602511436	55
-18.1374246088746	1.3803254329112	55
-18.1709942362826	1.41386456909536	55
-18.2044291754236	1.44726908133493	55
-18.2377251021804	1.48053465025367	55
-18.2708777265348	1.5136569905674	55
-18.3038827937057	1.54663185222044	55
-18.3367360852871	1.57945502152195	55
-18.3694334203869	1.61212232228244	55
-18.4019706567646	1.64462961695012	55
-18.4343436919699	1.67697280774732	55
-18.4665484644806	1.70914783780693	55
-18.4985809548413	1.74115069230879	55
-18.5304371868014	1.77297739961611	55
-18.562113228453	1.8046240324119	55
-18.5936051933698	1.83608670883533	55
-18.6249092417449	1.86736159361823	55
-18.6560215815292	1.89844489922141	55
-18.6869384695694	1.92933288697115	55
-18.7176562127468	1.96002186819556	55
-18.7481711691147	1.99050820536101	55
-18.7784797490376	2.02078831320858	55
-18.8085784163287	2.0508586598904	55
-18.8384636893884	2.08071576810614	55
-18.8681321423427	2.11035621623936	55
-18.897580406181	2.13977663949396	55
-18.9268051698949	2.1689737310306	55
-18.955803181616	2.19794424310307	55
-18.9845712497545	2.22668498819476	55
-19.013106244137	2.255192840155	55
-19.0414050971451	2.28346473533558	55
-19.0694648048537	2.31149767372705	55
-19.0972824281687	2.33928872009521	55
-19.124855093966	2.36683500511749	55
-19.1521799962291	2.39413372651936	55
-19.1792543971877	2.42118215021078	55
-19.2060756284559	2.44797761142256	55
-19.2326410921701	2.47451751584282	55
-19.2589482621279	2.50079934075338	55
-19.2849946849256	2.52682063616619	55
-19.3107779810971	2.55257902595969	55
-19.3362958462518	2.57807220901531	55
-19.3615460522126	2.60329796035382	55
-19.3865264481547	2.62825413227176	55
-19.4112349617436	2.65293865547786	55
-19.4356696002731	2.67734954022943	55
-19.459828451804	2.70148487746882	55
-19.4837096863017	2.7253428399598	55
-19.5073115567753	2.74892168342394	55
-19.530632400415	2.77221974767711	55
-19.5536706397309	2.79523545776582	55
-19.5764247836911	2.81796732510367	55
-19.5988934288598	2.84041394860772	55
-19.6210752605356	2.86257401583499	55
-19.6429690538898	2.88444630411877	55
-19.6645736751048	2.90602968170509	55
-19.6858880825119	2.92732310888916	55
-19.7069113277299	2.9483256391517	55
-19.7276425568033	2.96903642029543	55
-19.7480810113405	2.98945469558144	55
-19.7682260296519	3.00957980486564	55
-19.7880770478883	3.02941118573513	55
-19.8076336011793	3.04894837464466	55
-19.8268953247711	3.06819100805297	55
-19.8458619551651	3.08713882355931	55
-19.864533331256	3.10579166103975	55
-19.8829093954701	3.12414946378367	55
-19.9009901949036	3.14221227963012	55
-19.9187758824606	3.15998026210427	55
-19.9362667179916	3.17745367155379	55
-19.9534630694309	3.19463287628473	55
-19.9703654137619	3.21151835352472	55
-19.9869743366624	3.22811068906891	55
-20.0032905307515	3.24441057552862	55
-20.019314793625	3.26041881036847	55
-20.0350480258884	3.27613629394246	55
-20.0504912291917	3.29156402752997	55
-20.0656455042624	3.30670311137182	55
-20.0805120489402	3.32155474270633	55
-20.0950921562099	3.3361202138053	55
-20.1093872122363	3.35040091001015	55
-20.1233986943972	3.36439830776786	55
-20.1371281693177	3.37811397266707	55
-20.1505772909039	3.3915495574741	55
-20.1637477983769	3.40470680016902	55
-20.1766415143065	3.41758752198165	55
-20.1892603426451	3.43019362542761	55
-20.2016062667616	3.44252709234441	55
-20.2136813474754	3.45458998192743	55
-20.2254877210897	3.46638442876597	55
-20.2370275974262	3.47791264087935	55
-20.2483032578582	3.48917689775285	55
-20.2593170533449	3.50017954837387	55
-20.2700714024651	3.51092300926786	55
-20.2805687894512	3.52140976253444	55
-20.2908117622226	3.53164235388341	55
-20.3008029304203	3.54162339067079	55
-20.31054496344	3.55135553993485	55
-20.3200405884667	3.56084152643221	55
-20.3292925885078	3.57008413067379	55
-20.3383038004276	3.57908618696093	55
-20.3470771129807	3.58785058142139	55
-20.355615464846	3.59638025004541	55
-20.363921842661	3.60467817672173	55
-20.3719992790546	3.61274739127367	55
-20.3798508506823	3.62059096749511	55
-20.3874796762589	3.6282120211866	55
-20.394888914593	3.63561370819136	55
-20.4020817626207	3.64279922243132	55
-20.4158312543418	3.65653468691445	55
-20.4287544147469	3.66944465295548	55
-20.4408779913677	3.68155584244008	55
-20.4522291530258	3.69289539797338	55
-20.4628354269166	3.70349082003338	55
-20.4727246356921	3.71336990412418	55
-20.4819248345452	3.72256067792937	55
-20.4904642482922	3.73109133846531	55
-20.4983712084571	3.73899018923448	55
-20.5056740903543	3.7462855773788	55
-20.5155577748984	3.75615911381261	55
-20.5242413552	3.76483377229304	55
-20.5318192278106	3.77240385451109	55
-20.5403635962269	3.78093943372543	55
-20.5488391351025	3.78940624882084	55
-20.5563041375951	3.7968635635689	55
-20.563826664589	3.80437834076374	55
-20.5710236883913	3.81156794943493	55
-20.5784726507127	3.81900755384191	55
-20.586293359268	3.82680300629472	55
-20.594956830068	3.8354096244618	55
-20.6023786231042	3.84275685665361	55
-20.6113242739862	3.85158108785333	55
-20.6191437664361	3.85926688499353	55
-20.6280024658381	3.86794402971631	55
-20.6379801587757	3.87768022776214	55
-20.6452932750804	3.88479222732562	55
-20.6531632878695	3.89242367501248	55
-20.6616140605641	3.90059337587094	55
-20.6706694082906	3.90931964811606	55
-20.6803530532955	3.91862026026493	55
-20.6906885803595	3.92851236827181	55
-20.7016993922121	3.93901245266336	55
-20.7134086649462	3.9501362556738	55
-20.7258393034323	3.96189871838005	55
-20.7390138967331	3.97431391783697	55
-20.7529546735182	3.98739500421251	55
-20.7676834574779	4.00115413792288	55
-20.7753500503429	4.00829148655282	55
-20.7832216227384	4.01560242676775	55
-20.7913007688708	4.02308817225754	55
-20.7995900492756	4.03074986306541	55
-20.8080919894243	4.03858856362344	55
-20.8168090783303	4.04660526078798	55
-20.8257437671566	4.05480086187521	55
-20.8348984678218	4.06317619269654	55
-20.8442755516071	4.07173199559413	55
-20.853877347763	4.08046892747635	55
-20.8637061421159	4.08938755785324	55
-20.8737641756748	4.09848836687201	55
-20.884053643238	4.1077717433525	55
-20.8945766920001	4.11723798282266	55
-20.9053354201581	4.12688728555402	55
-20.9163318755187	4.13671975459714	55
-20.9275680541047	4.14673539381714	55
-20.9390458987617	4.15693410592915	55
-20.9507672977649	4.16731569053375	55
-20.9627340834258	4.17787984215249	55
-20.9749480306988	4.18862614826333	55
-20.9874108557879	4.19955408733616	55
-21.0001242147536	4.21066302686823	55
-21.0130897021193	4.22195222141962	55
-21.0263088494785	4.23342081064878	55
-21.0397831241007	4.24506781734791	55
-21.053513927539	4.25689214547852	55
-21.0675025942361	4.26889257820685	55
-21.0817503901313	4.28106777593936	55
-21.0962585112674	4.29341627435821	55
-21.1110280823968	4.30593648245674	55
-21.126060155589	4.31862668057492	55
-21.1413557088366	4.33148501843485	55
-21.1569156446623	4.34450951317621	55
-21.1727407887257	4.35769804739176	55
-21.1888318884305	4.37104836716423	55
-21.2051896116612	4.38455808041964	55
-21.2218145464209	4.3982246574786	55
-21.2387072013535	4.4120454337672	55
-21.2558680063877	4.42601761282567	55
-21.2732973133821	4.44013826931826	55
-21.2909953967698	4.45440435204312	55
-21.3089624542031	4.46881268694207	55
-21.3271986071984	4.4833599801106	55
-21.3457039017808	4.49804282080757	55
-21.3644783091291	4.51285768446519	55
-21.3835217262201	4.52780093569882	55
-21.4028339764741	4.54286883131684	55
-21.4224148103987	4.55805752333052	55
-21.4422639062345	4.57336306196384	55
-21.4623808705992	4.58878139866341	55
-21.4827652391325	4.60430838910826	55
-21.5034164771413	4.61993979621974	55
-21.5243339802437	4.63567129317139	55
-21.5455170750143	4.65149846639875	55
-21.5669650196288	4.66741681860926	55
-21.5886770045089	4.68342177179209	55
-21.6106521529667	4.69950867022802	55
-21.6328895218499	4.71567278349929	55
-21.655388102186	4.73190930949944	55
-21.6781468198279	4.74821337744322	55
-21.7011645360976	4.76458005087636	55
-21.7244400484319	4.78100433068553	55
-21.7479720910265	4.79748115810813	55
-21.7717593354813	4.81400541774215	55
-21.7958003914447	4.83057194055606	55
-21.8200938072585	4.84717550689865	55
-21.8446380706027	4.8638108495089	55
-21.8694316091403	4.88047265652582	55
-21.8944727911621	4.89715557449831	55
-21.9197599262311	4.91385421139502	55
-21.9452912658278	4.93056313961424	55
-21.9710650039945	4.9472768989937	55
-21.9970792779803	4.96398999982048	55
-22.0233321688857	4.98069692584082	55
-22.0498217023075	4.99739213727003	55
-22.0765458489835	5.01407007380231	55
-22.1035025254373	5.03072515762062	55
-22.130689594623	5.04735179640654	55
-22.1581048665699	5.06394438635014	55
-22.1857460990274	5.08049731515979	55
-22.2136109981096	5.09700496507208	55
-22.2416972189403	5.11346171586164	55
-22.2700023662974	5.12986194785102	55
-22.298523995258	5.14620004492052	55
-22.3272596118429	5.16247039751805	55
-22.3562066736617	5.17866740566905	55
-22.385362590557	5.19478548198625	55
-22.4147247252497	5.21081905467961	55
-22.4442903939835	5.22676257056613	55
-22.4740568671696	5.24261049807973	55
-22.5040213700317	5.2583573302811	55
-22.5341810832505	5.27399758786755	55
-22.5645331436086	5.2895258221829	55
-22.5950746446353	5.30493661822729	55
-22.6258026372511	5.32022459766709	55
-22.6567141304128	5.33538442184471	55
-22.687806091758	5.35041079478848	55
-22.7190754482501	5.36529846622253	55
-22.7505190868226	5.3800422345766	55
-22.7821338550245	5.39463694999594	55
-22.8139165616646	5.40907751735114	55
-22.8458639774562	5.423358899248	55
-22.8779728356624	5.4374761190374	55
-22.9102398327401	5.45142426382513	55
-22.9426616289854	5.46519848748179	55
-22.975234849178	5.47879401365257	55
-23.0079560832261	5.49220613876722	55
-23.0408218868111	5.50543023504981	55
-23.0738287820325	5.51846175352862	55
-23.1069732580522	5.53129622704603	55
-23.14025177174	5.54392927326834	55
-23.1736607483177	5.55635659769563	55
-23.2071965820041	5.56857399667164	55
-23.2408556366598	5.5805773603936	55
-23.274634246432	5.59236267592213	55
-23.3085287163991	5.60392603019103	55
-23.3425353232154	5.61526361301723	55
-23.3766503157563	5.62637172011055	55
-23.4108699157624	5.63724675608363	55
-23.4451903184849	5.64788523746176	55
-23.4796076933298	5.65828379569273	55
-23.514118184503	5.66843918015673	55
-23.5487179116551	5.67834826117613	55
-23.5834029705258	5.68800803302543	55
-23.6181694335892	5.69741561694103	55
-23.6530133506978	5.70656826413118	55
-23.6879307497281	5.71546335878574	55
-23.7229176372248	5.72409842108612	55
-23.7579699990457	5.73247111021508	55
-23.7930838010064	5.74057922736664	55
-23.8282549895252	5.7484207187559	55
-23.8634794922679	5.7559936786289	55
-23.8987532187922	5.76329635227249	55
-23.9340720611928	5.77032713902419	55
-23.9694318947462	5.77708459528204	55
-24.004828578555	5.78356743751445	55
-24.0402579561933	5.7897745452701	55
-24.0757158563508	5.79570496418773	55
-24.1111980934856	5.80135790890951	55
-24.1467004685989	5.8067327643773	55
-24.1822187702461	5.81182908405344	55
-24.2177487756148	5.81664658724123	55
-24.2532862516059	5.82118515638438	55
-24.2888269559135	5.82544483436664	55
-24.3243666381061	5.8294258218113	55
-24.3599010407061	5.83312847438074	55
-24.3954259002711	5.83655330007599	55
-24.4309369484741	5.83970095653625	55
-24.4664299131835	5.84257224833845	55
-24.5019005195444	5.84516812429681	55
-24.5373444910582	5.84748967476234	55
-24.5727575506638	5.84953812892242	55
-24.6081354218176	5.85131485210035	55
-24.643473829574	5.85282134305484	55
-24.6787685016659	5.85405923127963	55
-24.7140151695855	5.855030274303	55
-24.7492095696641	5.85573635498728	55
-24.7843474441531	5.85617947882845	55
-24.8194245423043	5.85636177125566	55
-24.8544366214502	5.85628547493076	55
-24.8893794480847	5.85595294704788	55
-24.9242487989434	5.85536665663294	55
-24.9590404620841	5.85452918184321	55
-24.9937502379673	5.85344320726686	55
-25.0283739405365	5.85211152122248	55
-25.0629073982991	5.85053701305866	55
-25.0973464554061	5.8487226704535	55
-25.1316869727334	5.84667157671419	55
-25.1659248289615	5.84438690807651	55
-25.2000559216566	5.84187193100442	55
-25.2340761683506	5.83912999948957	55
-25.2679815076219	5.83616455235085	55
-25.3017679001755	5.83297911053397	55
-25.3354313299238	5.82957727441094	55
-25.3689678050668	5.82596272107968	55
-25.4023733591726	5.82213920166352	55
-25.4356440522582	5.81811053861075	55
-25.4687759718694	5.81388062299421	55
-25.5017652341618	5.80945341181075	55
-25.5346079849806	5.80483292528085	55
-25.5673004009419	5.80002324414813	55
-25.5998386905125	5.79502850697891	55
-25.6322190950906	5.78985290746173	55
-25.6644378900861	5.78450069170692	55
-25.6964913860014	5.77897615554612	55
-25.7283759295116	5.77328364183186	55
-25.760087904545	5.76742753773706	55
-25.7916237333635	5.76141227205461	55
-25.8229798776431	5.7552423124969	55
-25.8541528395545	5.74892216299537	55
-25.8851391628434	5.74245636100002	55
-25.915935433911	5.73584947477904	55
-25.9465382828944	5.72910610071823	55
-25.9769443847471	5.72223086062067	55
-26.0071504603197	5.71522839900619	55
-26.0371532774399	5.70810338041092	55
-26.0669496519932	5.70086048668684	55
-26.0965364490034	5.69350441430137	55
-26.1259105837131	5.68603987163682	55
-26.1550690226639	5.67847157629004	55
-26.1840087847772	5.67080425237187	55
-26.2127269424343	5.66304262780677	55
-26.2412206225572	5.65519143163227	55
-26.2694870076888	5.64725539129862	55
-26.2975233370734	5.63923922996825	55
-26.3253269077375	5.63114766381535	55
-26.3528950755696	5.6229853993254	55
-26.3802252564013	5.61475713059474	55
-26.4073149270874	5.60646753663011	55
-26.4341616265864	5.59812127864815	55
-26.4607629570411	5.58972299737498	55
-26.487116584859	5.58127731034576	55
-26.5132202417926	5.57278880920422	55
-26.53907172602	5.56426205700217	55
-26.5646689032254	5.5557015854991	55
-26.5900097076795	5.54711189246169	55
-26.6150921433199	5.53849743896336	55
-26.6399142848317	5.52986264668382	55
-26.6644742787279	5.5212118952086	55
-26.6887703444296	5.51254951932864	55
-26.712800775347	5.50387980633975	55
-26.7365639399593	5.49520699334225	55
-26.7600582828956	5.48653526454045	55
-26.7832823260151	5.4778687485422	55
-26.8062346694876	5.46921151565847	55
-26.8289139928739	5.46056757520286	55
-26.8513190562066	5.45194087279116	55
-26.87344870107	5.44333528764089	55
-26.895301851681	5.43475462987084	55
-26.9168775159696	5.42620263780062	55
-26.9381747866587	5.41768297525022	55
-26.9591928423456	5.40919922883952	55
-26.9799309485815	5.40075490528785	55
-27.0003884589525	5.39235342871354	55
-27.0205648161598	5.38399813793348	55
-27.0404595531004	5.37569228376262	55
-27.0600722939475	5.36743902631355	55
-27.0794027552305	5.35924143229603	55
-27.0984507469164	5.35110247231655	55
-27.1172161734892	5.34302501817785	55
-27.1356990350311	5.33501184017848	55
-27.1538994282957	5.32706560442316	55
-27.1718175474102	5.31918887070407	55
-27.189453683167	5.31138409255283	55
-27.2068082214949	5.30365361855431	55
-27.2238816418733	5.29599969374732	55
-27.2406745157479	5.28842446102541	55
-27.2571875049442	5.28092996253759	55
-27.2734213600833	5.27351814108909	55
-27.2893769189957	5.26619084154212	55
-27.3050551051365	5.25894981221662	55
-27.320456926	5.25179670629099	55
-27.3355834715343	5.2447330832029	55
-27.350435912556	5.23776041004997	55
-27.3650154991649	5.23088006299059	55
-27.3793235591589	5.2240933286446	55
-27.3933614964481	5.21740140549412	55
-27.4071307894704	5.21080540528424	55
-27.4206329896053	5.20430635442382	55
-27.433869719589	5.1979051953862	55
-27.4468426719293	5.19160278810999	55
-27.4595536073197	5.18539991139978	55
-27.4720043530548	5.17929726432696	55
-27.4841968014444	5.17329546763038	55
-27.4961329082285	5.1673950651172	55
-27.5078146909917	5.16159652506355	55
-27.5192442275784	5.15590024161536	55
-27.5304236545071	5.15030653618908	55
-27.541355165385	5.14481565887242	55
-27.552041009323	5.13942778982511	55
-27.5624834893503	5.13414304067967	55
-27.5726849608289	5.12896145594215	55
-27.5826478298686	5.12388301439288	55
-27.5923745517413	5.11890763048722	55
-27.6018676292961	5.11403515575633	55
-27.6111296113738	5.1092653802079	55
-27.6201630912215	5.10459803372691	55
-27.6375551297354	5.09556925529821	55
-27.6540653187008	5.08694551032455	55
-27.669715841023	5.07872261634513	55
-27.68452943792	5.07089556340804	55
-27.698529358192	5.06345855889442	55
-27.7117393074918	5.05640507234244	55
-27.7241833975949	5.04972788027148	55
-27.7358860956694	5.04341911100616	55
-27.7468721735463	5.0374702895004	55
-27.7571666569892	5.03187238216154	55
-27.7667947749647	5.02661584167441	55
-27.7757819089124	5.0216906518254	55
-27.7881165245796	5.01490120644154	55
-27.7991524427493	5.00879693180016	55
-27.8089757038931	5.00333945967105	55
-27.8203347348115	4.99700037414489	55
-27.8298899521621	4.99164443004108	55
-27.8395948116277	4.98618330788925	55
-27.8484402989173	4.981188805764	55
-27.8572083487709	4.97622626117728	55
-27.8659422355753	4.97127935937684	55
