-27.9155269930011	26.8088748302187	44.5
-27.9238583882786	26.8032488839121	44.5
-27.9321184298785	26.7975186891612	44.5
-27.9403058134445	26.7916851508303	44.5
-27.9484192460938	26.7857491901025	44.5
-27.9564574466213	26.7797117443351	44.5
-27.9644191457019	26.7735737669105	44.5
-27.9723030860911	26.7673362270866	44.5
-27.9801080228234	26.7610001098433	44.5
-27.9878327234087	26.7545664157269	44.5
-27.9954759680272	26.7480361606923	44.5
-28.003036549722	26.7414103759425	44.5
-28.0105132745897	26.7346901077657	44.5
-28.0179049619687	26.7278764173701	44.5
-28.0252104446258	26.7209703807164	44.5
-28.0324285689407	26.713973088348	44.5
-28.0395581950879	26.7068856452183	44.5
-28.0465981972168	26.6997091705168	44.5
-28.0535474636293	26.692444797492	44.5
-28.0604048969558	26.6850936732727	44.5
-28.0671694143281	26.6776569586866	44.5
-28.0738399475505	26.6701358280771	44.5
-28.0804154432684	26.662531469118	44.5
-28.0868948631348	26.6548450826256	44.5
-28.0932771839742	26.6470778823695	44.5
-28.0995613979442	26.6392310948807	44.5
-28.1057465126946	26.6313059592579	44.5
-28.1118315515239	26.6233037269718	44.5
-28.1178155535342	26.6152256616678	44.5
-28.123697573782	26.6070730389658	44.5
-28.1294766834282	26.5988471462597	44.5
-28.1351519698843	26.5905492825132	44.5
-28.1407225369569	26.5821807580551	44.5
-28.1461875049888	26.5737428943726	44.5
-28.1515460109983	26.565237023902	44.5
-28.1567972088151	26.556664489819	44.5
-28.1619402692142	26.5480266458261	44.5
-28.1669743800468	26.5393248559389	44.5
-28.1718987463683	26.5305604942709	44.5
-28.1767125905643	26.5217349448165	44.5
-28.181415152473	26.5128496012322	44.5
-28.1860056895053	26.5039058666169	44.5
-28.1904834767622	26.4949051532897	44.5
-28.1948478071492	26.4858488825678	44.5
-28.1990979914879	26.4767384845413	44.5
-28.203233358625	26.4675753978475	44.5
-28.207253255538	26.4583610694442	44.5
-28.2111570474387	26.4490969543806	44.5
-28.214944117873	26.4397845155679	44.5
-28.2186138688185	26.430425223548	44.5
-28.2221657207792	26.4210205562618	44.5
-28.2255991128764	26.4115719988152	44.5
-28.2289135029377	26.4020810432449	44.5
-28.2321083675824	26.3925491882828	44.5
-28.2351832023044	26.3829779391194	44.5
-28.2381375215517	26.3733688071659	44.5
-28.240970858803	26.3637233098155	44.5
-28.2436827666414	26.3540429702042	44.5
-28.2462728168254	26.3443293169697	44.5
-28.248740600356	26.3345838840105	44.5
-28.2510857275415	26.3248082102435	44.5
-28.2533078280592	26.3150038393609	44.5
-28.2554065510136	26.3051723195864	44.5
-28.2573815649921	26.295315203431	44.5
-28.259232558117	26.2854340474477	44.5
-28.2609592380952	26.2755304119855	44.5
-28.2625613322637	26.2656058609432	44.5
-28.2640385876333	26.2556619615226	44.5
-28.2653907709284	26.2457002839805	44.5
-28.2666176686235	26.2357224013814	44.5
-28.2677190869772	26.2257298893486	44.5
-28.2686948520628	26.2157243258156	44.5
-28.2695448097957	26.2057072907769	44.5
-28.2702688259577	26.1956803660383	44.5
-28.2708667862182	26.1856451349676	44.5
-28.2713385961525	26.1756031822441	44.5
-28.2716841812561	26.1655560936085	44.5
-28.2719034869574	26.1555054556126	44.5
-28.2719964786252	26.1454528553686	44.5
-28.2719631415752	26.1353998802987	44.5
-28.2718034810717	26.1253481178842	44.5
-28.271517522327	26.1152991554147	44.5
-28.2711053104971	26.1052545797382	44.5
-28.2705669106752	26.0952159770093	44.5
-28.2699024078809	26.08518493244	44.5
-28.2691119070467	26.0751630300484	44.5
-28.268195533002	26.0651518524091	44.5
-28.2671534304529	26.0551529804031	44.5
-28.2659857639593	26.0451679929682	44.5
-28.2646927179095	26.0351984668497	44.5
-28.2632744964903	26.0252459763512	44.5
-28.2617313236554	26.0153120930865	44.5
-28.2600634430896	26.0053983857308	44.5
-28.2582711181707	25.9955064197736	44.5
-28.2563546319274	25.9856377572707	44.5
-28.2543142869952	25.9757939565986	44.5
-28.2521504055683	25.9659765722073	44.5
-28.2498633293485	25.9561871543758	44.5
-28.2474534194917	25.9464272489665	44.5
-28.2449210565507	25.9366983971818	44.5
-28.2422666404148	25.9270021353199	44.5
-28.2394905902472	25.9173399945332	44.5
-28.2365933444184	25.9077135005857	44.5
-28.233575360437	25.8981241736122	44.5
-28.2304371148777	25.8885735278788	44.5
-28.227179103306	25.8790630715431	44.5
-28.2238018401995	25.8695943064164	44.5
-28.2203058588673	25.8601687277264	44.5
-28.2166917113653	25.8507878238814	44.5
-28.2129599684094	25.8414530762348	44.5
-28.2091112192849	25.8321659588514	44.5
-28.2051460717541	25.8229279382748	44.5
-28.2010651519597	25.8137404732955	44.5
-28.1968691043261	25.8046050147206	44.5
-28.1925585914581	25.7955230051451	44.5
-28.1881342940354	25.7864958787235	44.5
-28.1835969107061	25.7775250609437	44.5
-28.1789471579755	25.7686119684019	44.5
-28.1741857700934	25.7597580085787	44.5
-28.1693134989382	25.7509645796169	44.5
-28.164331113898	25.7422330701009	44.5
-28.1592394017492	25.7335648588374	44.5
-28.1540391665322	25.7249613146374	44.5
-28.1487312294242	25.7164237961001	44.5
-28.1433164286103	25.7079536513988	44.5
-28.1377956191501	25.6995522180676	44.5
-28.1321696728435	25.69122082279	44.5
-28.1264394780926	25.6829607811901	44.5
-28.1206059397616	25.6747733976241	44.5
-28.1146699790339	25.6666599649749	44.5
-28.1086325332664	25.6586217644474	44.5
-28.1024945558418	25.6506600653667	44.5
-28.096257016018	25.6427761249775	44.5
-28.0899208987747	25.6349711882452	44.5
-28.0834872046583	25.62724648766	44.5
-28.0769569496237	25.6196032430415	44.5
-28.0703311648739	25.6120426613466	44.5
-28.063610896697	25.6045659364789	44.5
-28.0567972063015	25.5971742491	44.5
-28.0498911696478	25.5898687664428	44.5
-28.0428938772793	25.5826506421279	44.5
-28.0358064341496	25.5755210159807	44.5
-28.0286299594481	25.5684810138519	44.5
-28.0213655864234	25.5615317474393	44.5
-28.0140144622041	25.5546743141128	44.5
-28.006577747618	25.5479097967405	44.5
-27.9990566170085	25.5412392635182	44.5
-27.9914522580493	25.5346637678003	44.5
-27.983765871557	25.5281843479339	44.5
-27.9759986713009	25.5218020270944	44.5
-27.9681518838121	25.5155178131244	44.5
-27.9602267481893	25.5093326983741	44.5
-27.9522245159032	25.5032476595447	44.5
-27.9441464505991	25.4972636575345	44.5
-27.9359938278972	25.4913816372867	44.5
-27.9277679351911	25.4856025276405	44.5
-27.9194700714445	25.4799272411843	44.5
-27.9111015469865	25.4743566741117	44.5
-27.9026636833039	25.4688917060798	44.5
-27.8941578128334	25.4635332000703	44.5
-27.8855852787504	25.4582820022535	44.5
-27.8769474347574	25.4531389418544	44.5
-27.8682456448702	25.4481048310219	44.5
-27.8594812832023	25.4431804647003	44.5
-27.8506557337479	25.4383666205043	44.5
-27.8417703901636	25.4336640585957	44.5
-27.8328266555482	25.4290735215634	44.5
-27.8238259422211	25.4245957343065	44.5
-27.8147696714992	25.4202314039195	44.5
-27.8056592734726	25.4159812195808	44.5
-27.7964961867789	25.4118458524437	44.5
-27.7872818583756	25.4078259555306	44.5
-27.778017743312	25.40392216363	44.5
-27.7687053044992	25.4001350931957	44.5
-27.7593460124794	25.3964653422501	44.5
-27.7499413451932	25.3929134902894	44.5
-27.7404927877465	25.3894800981922	44.5
-27.7310018321762	25.386165708131	44.5
-27.7214699772142	25.3829708434863	44.5
-27.7118987280508	25.3798960087642	44.5
-27.7022895960973	25.376941689517	44.5
-27.6926440987469	25.3741083522657	44.5
-27.6829637591356	25.3713964444272	44.5
-27.6732501059011	25.3688063942432	44.5
-27.6635046729419	25.3663386107126	44.5
-27.6537289991749	25.3639934835271	44.5
-27.6439246282922	25.3617713830094	44.5
-27.6340931085178	25.359672660055	44.5
-27.6242359923624	25.3576976460765	44.5
-27.6143548363791	25.3558466529516	44.5
-27.6044512009169	25.3541199729735	44.5
-27.5945266498746	25.352517878805	44.5
-27.5845827504539	25.3510406234353	44.5
-27.5746210729119	25.3496884401402	44.5
-27.5646431903128	25.3484615424451	44.5
-27.55465067828	25.3473601240914	44.5
-27.544645114747	25.3463843590058	44.5
-27.5346280797082	25.3455344012729	44.5
-27.5246011549697	25.344810385111	44.5
-27.514565923899	25.3442124248504	44.5
-27.5045239711755	25.3437406149162	44.5
-27.4944768825399	25.3433950298125	44.5
-27.484426244544	25.3431757241113	44.5
-27.4743736443	25.3430827324434	44.5
-27.4643206692301	25.3431160694934	44.5
-27.4542689068155	25.3432757299969	44.5
-27.4442199443461	25.3435616887417	44.5
-27.4341753686695	25.3439739005715	44.5
-27.4241367659407	25.3445123003934	44.5
-27.4141057213714	25.3451768031878	44.5
-27.4040838189798	25.3459673040219	44.5
-27.3940726413405	25.3468836780666	44.5
-27.3840737693345	25.3479257806158	44.5
-27.3740887818996	25.3490934471093	44.5
-27.364119255781	25.3503864931591	44.5
-27.3541667652826	25.3518047145783	44.5
-27.3442328820179	25.3533478874132	44.5
-27.3343191746622	25.355015767979	44.5
-27.3244272087049	25.356808092898	44.5
-27.3145585462021	25.3587245791412	44.5
-27.3047147455299	25.3607649240734	44.5
-27.2948973611387	25.3629288055004	44.5
-27.2851079433072	25.3652158817202	44.5
-27.2721453515624	25.3683546953793	44.5
-27.261350517635	25.3709480276718	44.5
-27.2505519688628	25.3735208119643	44.5
-27.2397497052457	25.3760730482569	44.5
-27.2289437267837	25.3786047365494	44.5
-27.2181340334769	25.3811158768419	44.5
-27.2073206253251	25.3836064691344	44.5
-27.1965035023286	25.386076513427	44.5
-27.1856826644871	25.3885260097195	44.5
-27.1748581118008	25.390954958012	44.5
-27.1640298442696	25.3933633583044	44.5
-27.1531978618935	25.3957512105969	44.5
-27.1423621646725	25.3981185148894	44.5
-27.1315227526067	25.4004652711819	44.5
-27.120679625696	25.4027914794743	44.5
-27.1098327839405	25.4050971397668	44.5
-27.0989822273401	25.4073822520593	44.5
-27.0881279558948	25.4096468163517	44.5
-27.0772699696046	25.4118908326441	44.5
-27.0664082684695	25.4141143009366	44.5
-27.0555428524896	25.416317221229	44.5
-27.0446737216648	25.4184995935214	44.5
-27.0338008759952	25.4206614178138	44.5
-27.0229243154806	25.4228026941062	44.5
-27.0120440401212	25.4249234223986	44.5
-27.001160049917	25.427023602691	44.5
-26.9902723448678	25.4291032349834	44.5
-26.9793809249738	25.4311623192758	44.5
-26.9684857902349	25.4332008555682	44.5
-26.9575869406512	25.4352188438605	44.5
-26.9466843762225	25.4372162841529	44.5
-26.935778096949	25.4391931764453	44.5
-26.9248681028307	25.4411495207376	44.5
-26.9139543938674	25.4430853170299	44.5
-26.9030369700593	25.4450005653223	44.5
-26.8921158314063	25.4468952656146	44.5
-26.8811909779084	25.4487694179069	44.5
-26.8702624095657	25.4506230221993	44.5
-26.8593301263781	25.4524560784916	44.5
-26.8483941283456	25.4542685867839	44.5
-26.8374544154683	25.4560605470762	44.5
-26.8265109877461	25.4578319593685	44.5
-26.815563845179	25.4595828236607	44.5
-26.804612987767	25.461313139953	44.5
-26.7936584155102	25.4630229082453	44.5
-26.7827001284085	25.4647121285376	44.5
-26.7717381264619	25.4663808008298	44.5
-26.7607724096705	25.4680289251221	44.5
-26.7498029780341	25.4696565014143	44.5
-26.738829831553	25.4712635297066	44.5
-26.7278529702269	25.4728500099988	44.5
-26.716872394056	25.474415942291	44.5
-26.7058881030402	25.4759613265832	44.5
-26.6949000971795	25.4774861628755	44.5
-26.6839083764739	25.4789904511677	44.5
-26.6729129409235	25.4804741914599	44.5
-26.6619137905282	25.4819373837521	44.5
-26.6509109252881	25.4833800280443	44.5
-26.639904345203	25.4848021243364	44.5
-26.6288940502731	25.4862036726286	44.5
-26.6178800404984	25.4875846729208	44.5
-26.6068623158787	25.488945125213	44.5
-26.5958408764142	25.4902850295051	44.5
-26.5848157221048	25.4916043857973	44.5
-26.5737868529505	25.4929031940894	44.5
-26.5627542689514	25.4941814543816	44.5
-26.5517179701074	25.4954391666737	44.5
-26.5406779564185	25.4966763309658	44.5
-26.5296342278848	25.4978929472579	44.5
-26.5185867845062	25.49908901555	44.5
-26.5075356262827	25.5002645358421	44.5
-26.4964807532143	25.5014195081342	44.5
-26.4854221653011	25.5025539324263	44.5
-26.474359862543	25.5036678087184	44.5
-26.46329384494	25.5047611370105	44.5
-26.4522241124921	25.5058339173026	44.5
-26.4411506651994	25.5068861495947	44.5
-26.4300735030618	25.5079178338867	44.5
-26.4189926260794	25.5089289701788	44.5
-26.407908034252	25.5099195584708	44.5
-26.3968197275798	25.5108895987629	44.5
-26.3857277060628	25.5118390910549	44.5
-26.3746319697008	25.5127680353469	44.5
-26.363532518494	25.513676431639	44.5
-26.3524293524423	25.514564279931	44.5
-26.3413224715457	25.515431580223	44.5
-26.3302118758043	25.516278332515	44.5
-26.319097565218	25.517104536807	44.5
-26.3079795397868	25.517910193099	44.5
-26.2968577995108	25.518695301391	44.5
-26.2857323443898	25.5194598616829	44.5
-26.2746031744241	25.5202038739749	44.5
-26.2634702896134	25.5209273382669	44.5
-26.2523336899579	25.5216302545588	44.5
-26.2411933754575	25.5223126228508	44.5
-26.2300493461122	25.5229744431427	44.5
-26.218901601922	25.5236157154347	44.5
-26.207750142887	25.5242364397266	44.5
-26.1965949690071	25.5248366160185	44.5
-26.1854360802823	25.5254162443105	44.5
-26.1742734767127	25.5259753246024	44.5
-26.1631071582982	25.5265138568943	44.5
-26.1519371250388	25.5270318411862	44.5
-26.1407633769346	25.5275292774781	44.5
-26.1295859139855	25.52800616577	44.5
-26.1184047361915	25.5284625060619	44.5
-26.1072198435526	25.5288982983537	44.5
-26.0960312360689	25.5293135426456	44.5
-26.0848389137403	25.5297082389375	44.5
-26.0736428765668	25.5300823872293	44.5
-26.0624431245484	25.5304359875212	44.5
-26.0512396576852	25.530769039813	44.5
-26.0400324759771	25.5310815441049	44.5
-26.0288215794242	25.5313735003967	44.5
-26.0176069680263	25.5316449086885	44.5
-26.0063886417836	25.5318957689803	44.5
-25.995166600696	25.5321260812721	44.5
-25.9839408447636	25.532335845564	44.5
-25.9727113739863	25.5325250618558	44.5
-25.9614781883641	25.5326937301475	44.5
-25.950241287897	25.5328418504393	44.5
-25.9390006725851	25.5329694227311	44.5
-25.9277563424283	25.5330764470229	44.5
-25.9165082974266	25.5331629233147	44.5
-25.90525653758	25.5332288516064	44.5
-25.8940010628886	25.5332742318982	44.5
-25.8827418733523	25.5332990641899	44.5
-25.8714789689711	25.5333033484817	44.5
-25.8602123497451	25.5332870847734	44.5
-25.8489420156742	25.5332502730651	44.5
-25.8376679667584	25.5331929133568	44.5
-25.8263902029978	25.5331150056486	44.5
-25.8151087243922	25.5330165499403	44.5
-25.8038235309419	25.532897546232	44.5
-25.7925346226466	25.5327579945237	44.5
-25.7812419995064	25.5325978948154	44.5
-25.7699456615214	25.5324172471071	44.5
-25.7586456086916	25.5322160513987	44.5
-25.7473418410168	25.5319943076904	44.5
-25.7360343584972	25.5317520159821	44.5
-25.7247231611327	25.5314891762737	44.5
-25.7134082489233	25.5312057885654	44.5
-25.7020896218691	25.530901852857	44.5
-25.69076727997	25.5305773691487	44.5
-25.679441223226	25.5302323374403	44.5
-25.6681114516371	25.5298667577319	44.5
-25.6567779652034	25.5294806300236	44.5
-25.6454407639248	25.5290739543152	44.5
-25.6340998478014	25.5286467306068	44.5
-25.622755216833	25.5281989588984	44.5
-25.6114068710198	25.52773063919	44.5
-25.6000548103617	25.5272417714816	44.5
-25.5886990348588	25.5267323557731	44.5
-25.577339544511	25.5262023920647	44.5
-25.5659763393183	25.5256518803563	44.5
-25.5546094192807	25.5250808206479	44.5
-25.5432387843983	25.5244892129394	44.5
-25.531864434671	25.523877057231	44.5
-25.5204863700988	25.5232443535225	44.5
-25.5091045906817	25.522591101814	44.5
-25.4977190964198	25.5219173021056	44.5
-25.486329887313	25.5212229543971	44.5
-25.4749369633613	25.5205080586886	44.5
-25.4635403245648	25.5197726149801	44.5
-25.4521399709234	25.5190166232716	44.5
-25.4407359024371	25.5182400835631	44.5
-25.4293281191059	25.5174429958546	44.5
-25.4179166209299	25.5166253601461	44.5
-25.406501407909	25.5157871764376	44.5
-25.3950824800433	25.5149284447291	44.5
-25.3836598373326	25.5140491650205	44.5
-25.3722334797771	25.513149337312	44.5
-25.3608034073767	25.5122289616035	44.5
-25.3493696201315	25.5112880378949	44.5
-25.3379321180413	25.5103265661864	44.5
-25.3264909011063	25.5093445464778	44.5
-25.3150459693265	25.5083419787692	44.5
-25.3035973227017	25.5073188630606	44.5
-25.2921449612321	25.5062751993521	44.5
-25.2806888849176	25.5052109876435	44.5
-25.2692290937583	25.5041262279349	44.5
-25.2577655877541	25.5030209202263	44.5
-25.246298366905	25.5018950645177	44.5
-25.234827431211	25.500748660809	44.5
-25.2233527806722	25.4995817091004	44.5
-25.2118744152885	25.4983942093918	44.5
-25.2003923350599	25.4971861616832	44.5
-25.1889065399864	25.4959575659745	44.5
-25.1774170300681	25.4947084222659	44.5
-25.1659238053049	25.4934387305572	44.5
-25.1544268656968	25.4921484908486	44.5
-25.1429262112439	25.4908377031399	44.5
-25.1314218419461	25.4895063674312	44.5
-25.1199137578034	25.4881544837225	44.5
-25.1084019588158	25.4867820520139	44.5
-25.0968864449834	25.4853890723052	44.5
-25.0853672163061	25.4839755445965	44.5
-25.0738442727839	25.4825414688878	44.5
-25.0623176144169	25.481086845179	44.5
-25.050787241205	25.4796116734703	44.5
-25.0392531531482	25.4781159537616	44.5
-25.0277153502465	25.4765996860529	44.5
-25.0161738325	25.4750628703441	44.5
-25.0046285999086	25.4735055066354	44.5
-24.9930796524724	25.4719275949266	44.5
-24.9815269901912	25.4703291352179	44.5
-24.9699706130652	25.4687101275091	44.5
-24.9584105210943	25.4670705718004	44.5
-24.9468467142786	25.4654104680916	44.5
-24.9352791926179	25.4637298163828	44.5
-24.9237079561124	25.462028616674	44.5
-24.9121330047621	25.4603068689652	44.5
-24.9005543385668	25.4585645732564	44.5
-24.8889719575267	25.4568017295476	44.5
-24.8773858616417	25.4550183378388	44.5
-24.8657960509119	25.45321439813	44.5
-24.8542025253371	25.4513899104211	44.5
-24.8426052849175	25.4495448747123	44.5
-24.8310043296531	25.4476792910035	44.5
-24.8193996595437	25.4457931592946	44.5
-24.8077912745895	25.4438864795858	44.5
-24.7961791747904	25.4419592518769	44.5
-24.7845633601465	25.4400114761681	44.5
-24.7729438306576	25.4380431524592	44.5
-24.7613205863239	25.4360542807503	44.5
-24.7496936271454	25.4340448610414	44.5
-24.7380629531219	25.4320148933325	44.5
-24.7264285642536	25.4299643776236	44.5
-24.7147904605404	25.4278933139147	44.5
-24.7031486419824	25.4258017022058	44.5
-24.6915031085795	25.4236895424969	44.5
-24.6798538603317	25.421556834788	44.5
-24.668200897239	25.4194035790791	44.5
-24.6565442193014	25.4172297753701	44.5
-24.644883826519	25.4150354236612	44.5
-24.6332197188917	25.4128205239522	44.5
-24.6215518964196	25.4105850762433	44.5
-24.6098803591026	25.4083290805343	44.5
-24.5982051069407	25.4060525368254	44.5
-24.5865261399339	25.4037554451164	44.5
-24.5748434580822	25.4014378054074	44.5
-24.5631570613857	25.3990996176984	44.5
-24.5514669498443	25.3967408819894	44.5
-24.5397731234581	25.3943615982804	44.5
-24.5280755822269	25.3919617665714	44.5
-24.5163743261509	25.3895413868624	44.5
-24.5046693552301	25.3871004591534	44.5
-24.4929606694643	25.3846389834444	44.5
-24.4812482688537	25.3821569597353	44.5
-24.4695321533982	25.3796543880263	44.5
-24.4578123230979	25.3771312683173	44.5
-24.4460887779526	25.3745876006082	44.5
-24.4343615179625	25.3720233848992	44.5
-24.4226305431276	25.3694386211901	44.5
-24.4108958534477	25.366833309481	44.5
-24.399157448923	25.3642074497719	44.5
-24.3874153295534	25.3615610420629	44.5
-24.375669495339	25.3588940863538	44.5
-24.3639199462796	25.3562065826447	44.5
-24.3521666823754	25.3534985309356	44.5
-24.3404097036264	25.3507699312265	44.5
-24.3286490100324	25.3480207835174	44.5
-24.3168846015936	25.3452510878082	44.5
-24.3051164783099	25.3424608440991	44.5
-24.2933446401814	25.33965005239	44.5
-24.2815690872079	25.3368187126808	44.5
-24.2697898193896	25.3339668249717	44.5
-24.2580068367264	25.3310943892625	44.5
-24.2462201392184	25.3282014055534	44.5
-24.2344297268655	25.3252878738442	44.5
-24.2226355996677	25.3223537941351	44.5
-24.210837757625	25.3193991664259	44.5
-24.1990362007375	25.3164239907167	44.5
-24.1872309290051	25.3134282670075	44.5
-24.1754219424278	25.3104119952983	44.5
-24.1636092410057	25.3073751755891	44.5
-24.1517928247387	25.3043178078799	44.5
-24.1399726936268	25.3012398921707	44.5
-24.12814884767	25.2981414284614	44.5
-24.1163212868684	25.2950224167522	44.5
-24.1044900112219	25.291882857043	44.5
-24.0926550207305	25.2887227493337	44.5
-24.0808163153943	25.2855420936245	44.5
-24.0689738952132	25.2823408899152	44.5
-24.0571277601872	25.279119138206	44.5
-24.0452779103163	25.2758768384967	44.5
-24.0334243456006	25.2726139907874	44.5
-24.02156706604	25.2693305950782	44.5
-24.0097060716345	25.2660266513689	44.5
-23.9978413623842	25.2627021596596	44.5
-23.9859729382889	25.2593571199503	44.5
-23.9741007993488	25.255991532241	44.5
-23.9622249455639	25.2526053965317	44.5
-23.9503453769341	25.2491987128223	44.5
-23.9384620934593	25.245771481113	44.5
-23.9265750951398	25.2423237014037	44.5
-23.9146843819753	25.2388553736944	44.5
-23.902789953966	25.235366497985	44.5
-23.8908918111118	25.2318570742757	44.5
-23.8789899534128	25.2283271025663	44.5
-23.8670843808688	25.2247765828569	44.5
-23.85517509348	25.2212055151476	44.5
-23.8432620912463	25.2176138994382	44.5
-23.8313453741678	25.2140017357288	44.5
-23.8194249422444	25.2103690240194	44.5
-23.8075007954761	25.20671576431	44.5
-23.7955729338629	25.2030419566006	44.5
-23.7836413574049	25.1993476008912	44.5
-23.771706066102	25.1956326971818	44.5
-23.7597670599542	25.1918972454724	44.5
-23.7478243389616	25.188141245763	44.5
-23.7358779031241	25.1843646980535	44.5
-23.7239277524417	25.1805676023441	44.5
-23.7119738869144	25.1767499586346	44.5
-23.7000163065423	25.1729117669252	44.5
-23.6880550113253	25.1690530272157	44.5
-23.6760900012634	25.1651737395063	44.5
-23.6641212763566	25.1612739037968	44.5
-23.652148836605	25.1573535200873	44.5
-23.6401726820085	25.1534125883778	44.5
-23.6281928125672	25.1494511086683	44.5
-23.6162092282809	25.1454690809588	44.5
-23.6042219291498	25.1414665052493	44.5
-23.5922309151739	25.1374433815398	44.5
-23.580236186353	25.1333997098303	44.5
-23.5682377426873	25.1293354901208	44.5
-23.5562355841767	25.1252507224113	44.5
-23.5442297108212	25.1211454067017	44.5
-23.5322201226209	25.1170195429922	44.5
-23.5202068195757	25.1128731312826	44.5
-23.5081898016856	25.1087061715731	44.5
-23.4961690689507	25.1045186638635	44.5
-23.4841446213708	25.100310608154	44.5
-23.4721164589462	25.0960820044444	44.5
-23.4600845816766	25.0918328527348	44.5
-23.4480489895622	25.0875631530252	44.5
-23.4360096826029	25.0832729053156	44.5
-23.4239666607987	25.078962109606	44.5
-23.4119199241496	25.0746307658964	44.5
-23.3998694726557	25.0702788741868	44.5
-23.3878153063169	25.0659064344772	44.5
-23.3757574251333	25.0615134467676	44.5
-23.3636958291047	25.0570999110579	44.5
-23.3516305182313	25.0526658273483	44.5
-23.339561492513	25.0482111956387	44.5
-23.3274887519499	25.043736015929	44.5
-23.3154122965419	25.0392402882193	44.5
-23.303332126289	25.0347240125097	44.5
-23.2912482411912	25.0301871888	44.5
-23.2791606412486	25.0256298170903	44.5
-23.2670693264611	25.0210518973807	44.5
-23.2549742968287	25.016453429671	44.5
-23.2428755523514	25.0118344139613	44.5
-23.2307730930293	25.0071948502516	44.5
-23.2186669188623	25.0025347385419	44.5
-23.2065570298505	24.9978540788321	44.5
-23.1944434259937	24.9931528711224	44.5
-23.1823261072921	24.9884311154127	44.5
-23.1702050737456	24.983688811703	44.5
-23.1580803253543	24.9789259599932	44.5
-23.1459518621181	24.9741425602835	44.5
-23.133819684037	24.9693386125737	44.5
-23.121683791111	24.964514116864	44.5
-23.1095441833402	24.9596690731542	44.5
-23.0974008607245	24.9548034814444	44.5
-23.0852538232639	24.9499173417347	44.5
-23.0731030709584	24.9450106540249	44.5
-23.0609486038081	24.9400834183151	44.5
-23.0487904218129	24.9351356346053	44.5
-23.0366285249729	24.9301673028955	44.5
-23.0244629132879	24.9251784231857	44.5
-23.0122935867581	24.9201689954758	44.5
-23.0001205453834	24.915139019766	44.5
-22.9879437891639	24.9100884960562	44.5
-22.9757633180995	24.9050174243464	44.5
-22.9635791321902	24.8999258046365	44.5
-22.951391231436	24.8948136369267	44.5
-22.939199615837	24.8896809212168	44.5
-22.9270042853931	24.884527657507	44.5
-22.9148052401043	24.8793538457971	44.5
-22.9026024799706	24.8741594860872	44.5
-22.8903960049921	24.8689445783773	44.5
-22.8781858151687	24.8637091226674	44.5
-22.8659719105004	24.8584531189576	44.5
-22.8537542909873	24.8531765672477	44.5
-22.8415329566293	24.8478794675377	44.5
-22.8293079074264	24.8425618198278	44.5
-22.8170791433787	24.8372236241179	44.5
-22.804846664486	24.831864880408	44.5
-22.7926104707485	24.8264855886981	44.5
-22.7803705621662	24.8210857489881	44.5
-22.7681269387389	24.8156653612782	44.5
-22.7558796004668	24.8102244255682	44.5
-22.7436285473499	24.8047629418583	44.5
-22.731373779388	24.7992809101483	44.5
-22.7191152965813	24.7937783304383	44.5
-22.7068530989297	24.7882552027284	44.5
-22.6945871864332	24.7827115270184	44.5
-22.6823175590919	24.7771473033084	44.5
-22.6700442169057	24.7715625315984	44.5
-22.6577671598746	24.7659572118884	44.5
-22.6454863879986	24.7603313441784	44.5
-22.6332019012778	24.7546849284684	44.5
-22.6209136997121	24.7490179647583	44.5
-22.6086217833016	24.7433304530483	44.5
-22.5963261520461	24.7376223933383	44.5
-22.5840268059458	24.7318937856282	44.5
-22.5717237450006	24.7261446299182	44.5
-22.5594169692106	24.7203749262081	44.5
-22.5471064785756	24.7145846744981	44.5
-22.5347922730958	24.708773874788	44.5
-22.5224743527712	24.7029425270779	44.5
-22.5101527176016	24.6970906313679	44.5
-22.4978273675872	24.6912181876578	44.5
-22.485498302728	24.6853251959477	44.5
-22.4731655230238	24.6794116562376	44.5
-22.4608290284748	24.6734775685275	44.5
-22.4484888190809	24.6675229328174	44.5
-22.4361448948421	24.6615477491073	44.5
-22.4237972557585	24.6555520173971	44.5
-22.41144590183	24.649535737687	44.5
-22.3990908330566	24.6434989099769	44.5
-22.3867320494383	24.6374415342667	44.5
-22.3743695509752	24.6313636105566	44.5
-22.3620033376672	24.6252651388464	44.5
-22.3496334095143	24.6191461191363	44.5
-22.3372597665166	24.6130065514261	44.5
-22.324882408674	24.6068464357159	44.5
-22.3125013359865	24.6006657720057	44.5
-22.3001165484541	24.5944645602956	44.5
-22.2877280460769	24.5882428005854	44.5
-22.2753358288548	24.5820004928752	44.5
-22.2629398967879	24.575737637165	44.5
-22.250540249876	24.5694542334547	44.5
-22.2381368881193	24.5631502817445	44.5
-22.2257298115177	24.5568257820343	44.5
-22.2133190200713	24.5504807343241	44.5
-22.2009045137799	24.5441151386138	44.5
-22.1884862926437	24.5377289949036	44.5
-22.1760643566627	24.5313223031933	44.5
-22.1636387058367	24.5248950634831	44.5
-22.1512093401659	24.5184472757728	44.5
-22.1387762596502	24.5119789400625	44.5
-22.1263394642897	24.5054900563523	44.5
-22.1138989540843	24.498980624642	44.5
-22.101454729034	24.4924506449317	44.5
-22.0890067891388	24.4859001172214	44.5
-22.0765551343987	24.4793290415111	44.5
-22.0640997648138	24.4727374178008	44.5
-22.0516406803841	24.4661252460905	44.5
-22.0391778811094	24.4594925263802	44.5
-22.0267113669899	24.4528392586698	44.5
-22.0142411380255	24.4461654429595	44.5
-22.0017671942162	24.4394710792492	44.5
-21.9892895355621	24.4327561675388	44.5
-21.976808162063	24.4260207078285	44.5
-21.9643230737192	24.4192647001181	44.5
-21.9518342705304	24.4124881444077	44.5
-21.9393417524968	24.4056910406974	44.5
-21.9268455196183	24.398873388987	44.5
-21.9143455718949	24.3920351892766	44.5
-21.9018419093267	24.3851764415662	44.5
-21.8893345319136	24.3782971458558	44.5
-21.8768234396556	24.3713973021454	44.5
-21.8643086325527	24.364476910435	44.5
-21.851790110605	24.3575359707246	44.5
-21.8392678738124	24.3505744830141	44.5
-21.8267419221749	24.3435924473037	44.5
-21.8142122556926	24.3365898635933	44.5
-21.8016788743654	24.3295667318828	44.5
-21.7891417781933	24.3225230521724	44.5
-21.7766009671763	24.3154588244619	44.5
-21.7640564413145	24.3083740487515	44.5
-21.7515082006078	24.301268725041	44.5
-21.7389562450562	24.2941428533305	44.5
-21.7264005746598	24.2869964336201	44.5
-21.7138411894185	24.2798294659096	44.5
-21.7012780893323	24.2726419501991	44.5
-21.6887112744012	24.2654338864886	44.5
-21.6761407446253	24.2582052747781	44.5
-21.6635665000045	24.2509561150675	44.5
-21.6509885405388	24.243686407357	44.5
-21.6384068662283	24.2363961516465	44.5
-21.6258214770729	24.229085347936	44.5
-21.6132323730726	24.2217539962254	44.5
-21.6006395542274	24.2144020965149	44.5
-21.5880430205374	24.2070296488043	44.5
-21.5754427720025	24.1996366530938	44.5
-21.5628388086227	24.1922231093832	44.5
-21.5502311303981	24.1847890176726	44.5
-21.5376197373286	24.1773343779621	44.5
-21.5250046294142	24.1698591902515	44.5
-21.5123858066549	24.1623634545409	44.5
-21.4997632690508	24.1548471708303	44.5
-21.4871370166018	24.1473103391197	44.5
-21.4745070493079	24.1397529594091	44.5
-21.4618733671692	24.1321750316985	44.5
-21.4492359701856	24.1245765559879	44.5
-21.4365948583571	24.1169575322772	44.5
-21.4239500316837	24.1093179605666	44.5
-21.4113014901655	24.1016578408559	44.5
-21.3986492338024	24.0939771731453	44.5
-21.3859932625944	24.0862759574346	44.5
-21.3733335765416	24.078554193724	44.5
-21.3606701756439	24.0708118820133	44.5
-21.3480030599013	24.0630490223026	44.5
-21.3353322293138	24.055265614592	44.5
-21.3226576838815	24.0474616588813	44.5
-21.3099794236043	24.0396371551706	44.5
-21.2972974484822	24.0317921034599	44.5
-21.2846117585153	24.0239265037492	44.5
-21.2719223537034	24.0160403560385	44.5
-21.2592292340468	24.0081336603278	44.5
-21.2465323995452	24.000206416617	44.5
-21.2338318501988	23.9922586249063	44.5
-21.2211275860075	23.9842902851956	44.5
-21.2084196069713	23.9763013974848	44.5
-21.1957079130902	23.9682919617741	44.5
-21.1829925043643	23.9602619780633	44.5
-21.1702733807935	23.9522114463526	44.5
-21.1575505423779	23.9441403666418	44.5
-21.1448239891174	23.936048738931	44.5
-21.132093721012	23.9279365632202	44.5
-21.1193597380617	23.9198038395095	44.5
-21.1066220402665	23.9116505677987	44.5
-21.0938806276265	23.9034767480879	44.5
-21.0811355001416	23.8952823803771	44.5
-21.0683866578119	23.8870674646662	44.5
-21.0556341006372	23.8788320009554	44.5
-21.0428778286177	23.8705759892446	44.5
-21.0301178417534	23.8622994295338	44.5
-21.0173541400441	23.8540023218229	44.5
-21.00458672349	23.8456846661121	44.5
-20.991815592091	23.8373464624012	44.5
-20.9790407458471	23.8289877106904	44.5
-20.9662621847584	23.8206084109795	44.5
-20.9534799088248	23.8122085632686	44.5
-20.9406939180463	23.8037881675578	44.5
-20.927904212423	23.7953472238469	44.5
-20.9151107919548	23.786885732136	44.5
-20.9023136566417	23.7784036924251	44.5
-20.8895128064837	23.7699011047142	44.5
-20.8767082414809	23.7613779690033	44.5
-20.8638999616332	23.7528342852924	44.5
-20.8510879669406	23.7442700535814	44.5
-20.8382722574032	23.7356852738705	44.5
-20.8254528330209	23.7270799461596	44.5
-20.8126296937937	23.7184540704486	44.5
-20.7998028397216	23.7098076467377	44.5
-20.7869722708047	23.7011406750267	44.5
-20.7741379870429	23.6924531553158	44.5
-20.7612999884362	23.6837450876048	44.5
-20.7484582749846	23.6750164718938	44.5
-20.7356128466882	23.6662673081829	44.5
-20.7227637035469	23.6574975964719	44.5
-20.7099108455608	23.6487073367609	44.5
-20.6970542727297	23.6398965290499	44.5
-20.6841939850538	23.6310651733389	44.5
-20.6713299825331	23.6222132696279	44.5
-20.6584622651674	23.6133408179168	44.5
-20.6455908329569	23.6044478182058	44.5
-20.6327156859015	23.5955342704948	44.5
-20.6198368240012	23.5866001747838	44.5
-20.6069542472561	23.5776455310727	44.5
-20.5940679556661	23.5686703393617	44.5
-20.5811779492312	23.5596745996506	44.5
-20.5682842279515	23.5506583119395	44.5
-20.5553867918269	23.5416214762285	44.5
-20.5424856408574	23.5325640925174	44.5
-20.529580775043	23.5234861608063	44.5
-20.5166721943838	23.5143876810952	44.5
-20.5037598988797	23.5052686533841	44.5
-20.4908438885307	23.496129077673	44.5
-20.4779241633368	23.4869689539619	44.5
-20.4650007232981	23.4777882822508	44.5
-20.4520735684145	23.4685870625397	44.5
-20.4391426986861	23.4593652948286	44.5
-20.4262081141127	23.4501229791174	44.5
-20.4132698146945	23.4408601154063	44.5
-20.4003278004315	23.4315767036951	44.5
-20.3873820713235	23.422272743984	44.5
-20.3744326273707	23.4129482362728	44.5
-20.361479468573	23.4036031805617	44.5
-20.3485225949304	23.3942375768505	44.5
-20.335562006443	23.3848514251393	44.5
-20.3225977031107	23.3754447254281	44.5
-20.3096296849335	23.366017477717	44.5
-20.2966579519115	23.3565696820058	44.5
-20.2836825040445	23.3471013382946	44.5
-20.2707033413328	23.3376124465833	44.5
-20.2577204637761	23.3281030068721	44.5
-20.2447338713746	23.3185730191609	44.5
-20.2317435641281	23.3090224834497	44.5
-20.2187495420369	23.2994513997384	44.5
-20.2057518051007	23.2898597680272	44.5
-20.1927503533197	23.280247588316	44.5
-20.1797451866938	23.2706148606047	44.5
-20.166736305223	23.2609615848934	44.5
-20.1537237089074	23.2512877611822	44.5
-20.1407073977469	23.2415933894709	44.5
-20.1276873717415	23.2318784697596	44.5
-20.1146636308913	23.2221430020483	44.5
-20.1016361751962	23.212386986337	44.5
-20.0886050046562	23.2026104226257	44.5
-20.0755701192713	23.1928133109144	44.5
-20.0625315190416	23.1829956512031	44.5
-20.049489203967	23.1731574434918	44.5
-20.0364431740475	23.1632986877805	44.5
-20.0233934292831	23.1534193840692	44.5
-20.0103399696739	23.1435195323578	44.5
-19.9972827952198	23.1335991326465	44.5
-19.9842219059208	23.1236581849351	44.5
-19.971157301777	23.1136966892238	44.5
-19.9580889827883	23.1037146455124	44.5
-19.9450169489547	23.093712053801	44.5
-19.9319412002763	23.0836889140897	44.5
-19.918861736753	23.0736452263783	44.5
-19.9057785583848	23.0635809906669	44.5
-19.8926916651717	23.0534962069555	44.5
-19.8796010571138	23.0433908752441	44.5
-19.8665067342109	23.0332649955327	44.5
-19.8534086964633	23.0231185678213	44.5
-19.8403069438707	23.0129515921099	44.5
-19.8272014764333	23.0027640683984	44.5
-19.814092294151	22.992555996687	44.5
-19.8009793970238	22.9823273769756	44.5
-19.7878627850518	22.9720782092641	44.5
-19.7747424582349	22.9618084935527	44.5
-19.7616184165731	22.9515182298412	44.5
-19.7484906600665	22.9412074181297	44.5
-19.7353591887149	22.9308760584183	44.5
-19.7222240025185	22.9205241507068	44.5
-19.7090851014773	22.9101516949953	44.5
-19.6959424855911	22.8997586912838	44.5
-19.6827961548601	22.8893451395723	44.5
-19.6696461092843	22.8789110398608	44.5
-19.6564923488635	22.8684563921493	44.5
-19.6433348735979	22.8579811964378	44.5
-19.6301736834874	22.8474854527263	44.5
-19.617008778532	22.8369691610147	44.5
-19.6038401587318	22.8264323213032	44.5
-19.5906678240867	22.8158749335917	44.5
-19.5774917745967	22.8052969978801	44.5
-19.5643120102618	22.7946985141686	44.5
-19.5511285310821	22.784079482457	44.5
-19.5379413370575	22.7734399027454	44.5
-19.524750428188	22.7627797750339	44.5
-19.5115558044737	22.7520990993223	44.5
-19.4983574659145	22.7413978756107	44.5
-19.4851554125104	22.7306761038991	44.5
-19.4719496442615	22.7199337841875	44.5
-19.4587401611676	22.7091709164759	44.5
-19.445526963229	22.6983875007643	44.5
-19.4323100504454	22.6875835370527	44.5
-19.4190894228169	22.676759025341	44.5
-19.4058650803436	22.6659139656294	44.5
-19.3926370230255	22.6550483579178	44.5
-19.3794052508624	22.6441622022061	44.5
-19.3661697638545	22.6332554984945	44.5
-19.3529305620017	22.6223282467828	44.5
-19.339687645304	22.6113804470712	44.5
-19.3264410137615	22.6004120993595	44.5
-19.3131906673741	22.5894232036478	44.5
-19.2999366061418	22.5784137599361	44.5
-19.2866788300646	22.5673837682244	44.5
-19.2734173391426	22.5563332285127	44.5
-19.2601521333757	22.545262140801	44.5
-19.2468832127639	22.5341705050893	44.5
-19.2336105773073	22.5230583213776	44.5
-19.2203342270058	22.5119255896659	44.5
-19.2070541618594	22.5007723099542	44.5
-19.1937703818682	22.4895984822424	44.5
-19.180482887032	22.4784041065307	44.5
-19.167191677351	22.467189182819	44.5
-19.1538967528252	22.4559537111072	44.5
-19.1405981134544	22.4446976913954	44.5
-19.1272957592388	22.4334211236837	44.5
-19.1139896901783	22.4221240079719	44.5
-19.100679906273	22.4108063442601	44.5
-19.0873664075228	22.3994681325483	44.5
-19.0740491939277	22.3881093728366	44.5
-19.0607282654877	22.3767300651248	44.5
-19.0474036222028	22.365330209413	44.5
-19.0340752640731	22.3539098057011	44.5
-19.0207431910985	22.3424688539893	44.5
-19.0074074032791	22.3310073542775	44.5
-18.9940679006148	22.3195253065657	44.5
-18.9807246831056	22.3080227108538	44.5
-18.9673777507515	22.296499567142	44.5
-18.9540271035526	22.2849558754302	44.5
-18.9406727415087	22.2733916357183	44.5
-18.9273146646201	22.2618068480064	44.5
-18.9139528728865	22.2502015122946	44.5
-18.9005873663081	22.2385756285827	44.5
-18.8872181448848	22.2269291968708	44.5
-18.8738452086166	22.2152622171589	44.5
-18.8604685575036	22.203574689447	44.5
-18.8470881915457	22.1918666137351	44.5
-18.8337041107429	22.1801379900232	44.5
-18.8203163150952	22.1683888183113	44.5
-18.8069248046027	22.1566190985994	44.5
-18.7935295792653	22.1448288308875	44.5
-18.780130639083	22.1330180151755	44.5
-18.7667279840559	22.1211866514636	44.5
-18.7533216141839	22.1093347397517	44.5
-18.739911529467	22.0974622800397	44.5
-18.7264977299052	22.0855692723278	44.5
-18.7130802154986	22.0736557166158	44.5
-18.6996589862471	22.0617216129038	44.5
-18.6862340421507	22.0497669611918	44.5
-18.6728053832095	22.0377917614799	44.5
-18.6593730094234	22.0257960137679	44.5
-18.6459369207924	22.0137797180559	44.5
-18.6324971173165	22.0017428743439	44.5
-18.6190535989958	21.9896854826319	44.5
-18.6056063658302	21.9776075429199	44.5
-18.5921554178197	21.9655090552078	44.5
-18.5787007549644	21.9533900194958	44.5
-18.5652423772642	21.9412504357838	44.5
-18.5517802847191	21.9290903040717	44.5
-18.5383144773291	21.9169096243597	44.5
-18.5248449550943	21.9047083966476	44.5
-18.5113717180146	21.8924866209356	44.5
-18.49789476609	21.8802442972235	44.5
-18.4844140993206	21.8679814255114	44.5
-18.4709297177063	21.8556980057994	44.5
-18.4574416212471	21.8433940380873	44.5
-18.443949809943	21.8310695223752	44.5
-18.4304542837941	21.8187244586631	44.5
-18.4169550428003	21.806358846951	44.5
-18.4034520869617	21.7939726872389	44.5
-18.3899454162781	21.7815659795268	44.5
-18.3764350307497	21.7691387238146	44.5
-18.3629209303764	21.7566909201025	44.5
-18.3494031151582	21.7442225683904	44.5
-18.3358815850952	21.7317336686782	44.5
-18.3223563401873	21.7192242209661	44.5
-18.3088273804345	21.7066942252539	44.5
-18.2952947058369	21.6941436815418	44.5
-18.2817583163944	21.6815725898296	44.5
-18.268218212107	21.6689809501174	44.5
-18.2546743929747	21.6563687624052	44.5
-18.2411268589976	21.6437360266931	44.5
-18.2275756101756	21.6310827429809	44.5
-18.2140206465087	21.6184089112687	44.5
-18.200461967997	21.6057145315565	44.5
-18.1868995746404	21.5929996038442	44.5
-18.1733334664389	21.580264128132	44.5
-18.1597636433925	21.5675081044198	44.5
-18.1461901055013	21.5547315327076	44.5
-18.1326128527652	21.5419344129953	44.5
-18.1190318851842	21.5291167452831	44.5
-18.1054472027584	21.5162785295708	44.5
-18.0918588054877	21.5034197658586	44.5
-18.0782666933721	21.4905404541463	44.5
-18.0646708664116	21.477640594434	44.5
-18.0510713246063	21.4647201867218	44.5
-18.0374680679561	21.4517792310095	44.5
-18.023861096461	21.4388177272972	44.5
-18.0102504101211	21.4258356755849	44.5
-17.9966360089363	21.4128330758726	44.5
-17.9830178929066	21.3998099281603	44.5
-17.969396062032	21.386766232448	44.5
-17.9557705163126	21.3737019887357	44.5
-17.9421412557483	21.3606171970233	44.5
-17.9285082803391	21.347511857311	44.5
-17.9148715900851	21.3343859695987	44.5
-17.9012311849862	21.3212395338863	44.5
-17.8875870650424	21.308072550174	44.5
-17.8739392302537	21.2948850184616	44.5
-17.8602876806202	21.2816769387492	44.5
-17.8466324161418	21.2684483110369	44.5
-17.8329734368185	21.2551991353245	44.5
-17.8193107426504	21.2419294116121	44.5
-17.8056443336373	21.2286391398997	44.5
-17.7919742097794	21.2153283201873	44.5
-17.7783003710767	21.2019969524749	44.5
-17.7646228175291	21.1886450367625	44.5
-17.7509415491366	21.1752725730501	44.5
-17.7372565658992	21.1618795613377	44.5
-17.7235678678169	21.1484660016252	44.5
-17.7098754548898	21.1350318939128	44.5
-17.6961793271178	21.1215772382003	44.5
-17.682479484501	21.1081020344879	44.5
-17.6687759270392	21.0946062827754	44.5
-17.6550686547326	21.081089983063	44.5
-17.6413576675812	21.0675531353505	44.5
-17.6276429655848	21.053995739638	44.5
-17.6139245487436	21.0404177959256	44.5
-17.6002024170575	21.0268193042131	44.5
-17.5864765705265	21.0132002645006	44.5
-17.5727470091507	20.9995606767881	44.5
-17.55901373293	20.9859005410756	44.5
-17.5452767418644	20.9722198573631	44.5
-17.531536035954	20.9585186256505	44.5
-17.5177916151987	20.944796845938	44.5
-17.5040434795985	20.9310545182255	44.5
-17.4902916291534	20.9172916425129	44.5
-17.4765360638635	20.9035082188004	44.5
-17.4627767837287	20.8897042470878	44.5
-17.449013788749	20.8758797273753	44.5
-17.4352470789245	20.8620346596627	44.5
-17.421476654255	20.8481690439502	44.5
-17.4077025147408	20.8342828802376	44.5
-17.3939246603816	20.820376168525	44.5
-17.3801430911776	20.8064489088124	44.5
-17.3663578071287	20.7925011010998	44.5
-17.3525688082349	20.7785327453872	44.5
-17.3387760944962	20.7645438416746	44.5
-17.3249796659127	20.750534389962	44.5
-17.3111795224843	20.7365043902494	44.5
-17.2973756642111	20.7224538425367	44.5
-17.2835680910929	20.7083827468241	44.5
-17.2697568031299	20.6942911031115	44.5
-17.255941800322	20.6801789113988	44.5
-17.2421230826693	20.6660461716862	44.5
-17.2283006501717	20.6518928839735	44.5
-17.2144745028292	20.6377190482608	44.5
-17.2006446406418	20.6235246645482	44.5
-17.1868110636096	20.6093097328355	44.5
-17.1729737717325	20.5950742531228	44.5
-17.1591327650105	20.5808182254101	44.5
-17.1452880434437	20.5665416496974	44.5
-17.1314396070319	20.5522445259847	44.5
-17.1175874557754	20.537926854272	44.5
-17.1037315896739	20.5235886345593	44.5
-17.0898720087276	20.5092298668466	44.5
-17.0760087129363	20.4948505511338	44.5
-17.0621417023003	20.4804506874211	44.5
-17.0482709768193	20.4660302757083	44.5
-17.0343965364935	20.4515893159956	44.5
-17.0205183813228	20.4371278082828	44.5
-17.0066365113072	20.4226457525701	44.5
-16.9927509264468	20.4081431488573	44.5
-16.9788616267415	20.3936199971445	44.5
-16.9649686121913	20.3790762974318	44.5
-16.9510718827963	20.364512049719	44.5
-16.9371714385564	20.3499272540062	44.5
-16.9232672794716	20.3353219102934	44.5
-16.9093594055419	20.3206960185806	44.5
-16.8954478167674	20.3060495788678	44.5
-16.881532513148	20.2913825911549	44.5
-16.8676134946837	20.2766950554421	44.5
-16.8536907613745	20.2619869717293	44.5
-16.8397643132205	20.2472583400164	44.5
-16.8258341502216	20.2325091603036	44.5
-16.8119002723779	20.2177394325908	44.5
-16.7979626796892	20.2029491568779	44.5
-16.7840213721557	20.188138333165	44.5
-16.7700763497773	20.1733069614522	44.5
-16.7561276125541	20.1584550417393	44.5
-16.742175160486	20.1435825740264	44.5
-16.728218993573	20.1286895583135	44.5
-16.7142591118151	20.1137759946006	44.5
-16.7002955152124	20.0988418828877	44.5
-16.6863282037648	20.0838872231748	44.5
-16.6723571774723	20.0689120154619	44.5
-16.6583824363349	20.053916259749	44.5
-16.6444039803527	20.038899956036	44.5
-16.6304218095256	20.0238631043231	44.5
-16.6164359238537	20.0088057046102	44.5
-16.6024463233368	19.9937277568972	44.5
-16.5884530079751	19.9786292611843	44.5
-16.5744559777685	19.9635102174713	44.5
-16.5604552327171	19.9483706257583	44.5
-16.5464507728208	19.9332104860454	44.5
-16.5324425980796	19.9180297983324	44.5
-16.5184307084935	19.9028285626194	44.5
-16.5044151040626	19.8876067789064	44.5
-16.4903957847868	19.8723644471934	44.5
-16.4763727506661	19.8571015674804	44.5
-16.4623460017005	19.8418181397674	44.5
-16.4483155378901	19.8265141640544	44.5
-16.4342813592348	19.8111896403414	44.5
-16.4202434657346	19.7958445686283	44.5
-16.4062018573896	19.7804789489153	44.5
-16.3921565341997	19.7650927812022	44.5
-16.3781074961649	19.7496860654892	44.5
-16.3640547432853	19.7342588017761	44.5
-16.3499982755607	19.7188109900631	44.5
-16.3359380929913	19.70334263035	44.5
-16.3218741955771	19.6878537226369	44.5
-16.3078065833179	19.6723442669239	44.5
-16.2937352562139	19.6568142632108	44.5
-16.2796602142651	19.6412637114977	44.5
-16.2655814574713	19.6256926117846	44.5
-16.2514989858327	19.6101009640715	44.5
-16.2374127993492	19.5944887683583	44.5
-16.2233228980208	19.5788560246452	44.5
-16.2092292818476	19.5632027329321	44.5
-16.1951319508295	19.547528893219	44.5
-16.1810309049665	19.5318345055058	44.5
-16.1669261442586	19.5161195697927	44.5
-16.1528176687059	19.5003840860795	44.5
-16.1387054783083	19.4846280543664	44.5
-16.1245895730659	19.4688514746532	44.5
-16.1104699529785	19.45305434694	44.5
-16.0963466180463	19.4372366712269	44.5
-16.0822195682692	19.4213984475137	44.5
-16.0680888036473	19.4055396758005	44.5
-16.0539543241805	19.3896603560873	44.5
-16.0398161298688	19.3737604883741	44.5
-16.0256742207122	19.3578400726609	44.5
-16.0115285967108	19.3418991089477	44.5
-15.9973792578644	19.3259375972344	44.5
-15.9832262041733	19.3099555375212	44.5
-15.9690694356372	19.293952929808	44.5
-15.9549089522563	19.2779297740947	44.5
-15.9407447540305	19.2618860703815	44.5
-15.9265768409598	19.2458218186682	44.5
-15.9124052130443	19.229737018955	44.5
-15.8982298702839	19.2136316712417	44.5
-15.8840508126786	19.1975057755284	44.5
-15.8698680402284	19.1813593318152	44.5
-15.8556815529334	19.1651923401019	44.5
-15.8414913507935	19.1490048003886	44.5
-15.8272974338087	19.1327967126753	44.5
-15.8130998019791	19.116568076962	44.5
-15.7988984553046	19.1003188932487	44.5
-15.7846933937852	19.0840491615354	44.5
-15.770484617421	19.067758881822	44.5
-15.7562721262118	19.0514480541087	44.5
-15.7420559201578	19.0351166783954	44.5
-15.727835999259	19.018764754682	44.5
-15.7136123635152	19.0023922829687	44.5
-15.6993850129266	18.9859992632553	44.5
-15.6851539474931	18.969585695542	44.5
-15.6709191672148	18.9531515798286	44.5
-15.6566806720916	18.9366969161152	44.5
-15.6424384621235	18.9202217044018	44.5
-15.6281925373105	18.9037259446884	44.5
-15.6139428976526	18.887209636975	44.5
-15.5996895431499	18.8706727812616	44.5
-15.5854324738024	18.8541153775482	44.5
-15.5711716896099	18.8375374258348	44.5
-15.5569071905726	18.8209389261214	44.5
-15.5426389766904	18.804319878408	44.5
-15.5283670479633	18.7876802826945	44.5
-15.5140914043914	18.7710201389811	44.5
-15.4998120459746	18.7543394472677	44.5
-15.4855289727129	18.7376382075542	44.5
-15.4712421846063	18.7209164198407	44.5
-15.4569516816549	18.7041740841273	44.5
-15.4426574638586	18.6874112004138	44.5
-15.4283595312174	18.6706277687003	44.5
-15.4140578837314	18.6538237889869	44.5
-15.3997525214005	18.6369992612734	44.5
-15.3854434442247	18.6201541855599	44.5
-15.371130652204	18.6032885618464	44.5
-15.3568141453385	18.5864023901329	44.5
-15.3424939236281	18.5694956704193	44.5
-15.3281699870728	18.5525684027058	44.5
-15.3138423356727	18.5356205869923	44.5
-15.2995109694277	18.5186522232788	44.5
-15.2851758883378	18.5016633115652	44.5
-15.270837092403	18.4846538518517	44.5
-15.2564945816234	18.4676238441381	44.5
-15.2421483559989	18.4505732884246	44.5
-15.2277984155295	18.433502184711	44.5
-15.2134447602153	18.4164105329974	44.5
-15.1990873900562	18.3992983332838	44.5
-15.1847263050522	18.3821655855702	44.5
-15.1703615052033	18.3650122898567	44.5
-15.1559929905096	18.3478384461431	44.5
-15.141620760971	18.3306440544294	44.5
-15.1272448165875	18.3134291147158	44.5
-15.1128651573592	18.2961936270022	44.5
-15.098481783286	18.2789375912886	44.5
-15.0840946943679	18.261661007575	44.5
-15.0697038906049	18.2443638758613	44.5
-15.0553093719971	18.2270461961477	44.5
-15.0409111385444	18.209707968434	44.5
-15.0265091902469	18.1923491927204	44.5
-15.0121035271044	18.1749698690067	44.5
-14.9976941491171	18.157569997293	44.5
-14.9832810562849	18.1401495775794	44.5
-14.9688642486079	18.1227086098657	44.5
-14.9544437260859	18.105247094152	44.5
-14.9400194887191	18.0877650304383	44.5
-14.9255915365075	18.0702624187246	44.5
-14.9111598694509	18.0527392590109	44.5
-14.8967244875495	18.0351955512972	44.5
-14.8822853908032	18.0176312955835	44.5
-14.8678425792121	18.0000464918697	44.5
-14.853396052776	17.982441140156	44.5
-14.8389458114951	17.9648152404423	44.5
-14.8244918553693	17.9471687927285	44.5
-14.8100341843987	17.9295017970148	44.5
-14.7955727985832	17.911814253301	44.5
-14.7811076979228	17.8941061615872	44.5
-14.7666388824175	17.8763775218735	44.5
-14.7521663520674	17.8586283341597	44.5
-14.7376901068724	17.8408585984459	44.5
-14.7232101468325	17.8230683147321	44.5
-14.7087264719478	17.8052574830183	44.5
-14.6942390822182	17.7874261033045	44.5
-14.6797479776437	17.7695741755907	44.5
-14.6652531582243	17.7517016998769	44.5
-14.6507546239601	17.7338086761631	44.5
-14.643554003525	17.7250875895813	44.5
-14.6361902833883	17.71650377274	44.5
-14.6286660798446	17.7080602754283	44.5
-14.6209840662078	17.6997600975808	44.5
-14.6131469718606	17.691606188211	44.5
-14.6051575812853	17.6836014443642	44.5
-14.5970187330744	17.6757487100876	44.5
-14.588733318922	17.6680507754205	44.5
-14.5803042825961	17.6605103754023	44.5
-14.5717346188932	17.6531301891013	44.5
-14.5630273725742	17.6459128386625	44.5
-14.5541856372821	17.6388608883761	44.5
-14.5452125544433	17.6319768437665	44.5
-14.5361113121515	17.6252631507021	44.5
-14.5268851440348	17.6187221945259	44.5
-14.5175373281067	17.6123562992085	44.5
-14.5080711856017	17.6061677265223	44.5
-14.4984900797952	17.6001586752376	44.5
-14.4887974148084	17.5943312803417	44.5
-14.4789966343991	17.5886876122804	44.5
-14.4690912207379	17.583229676222	44.5
-14.4590846931711	17.5779594113452	44.5
-14.4489806069702	17.57287869015	44.5
-14.4387825520691	17.5679893177925	44.5
-14.428494151788	17.5632930314433	44.5
-14.4181190615466	17.5587914996707	44.5
-14.407660967565	17.5544863218474	44.5
-14.3971235855542	17.5503790275827	44.5
-14.386510659396	17.5464710761786	44.5
-14.3758259598123	17.5427638561117	44.5
-14.3650732830261	17.5392586845396	44.5
-14.3542564494123	17.5359568068331	44.5
-14.3433793021404	17.5328593961335	44.5
-14.3324457058089	17.5299675529362	44.5
-14.3214595450726	17.5272823046993	44.5
-14.3104247232621	17.5248046054787	44.5
-14.299345160997	17.5225353355892	44.5
-14.2882247947931	17.5204753012914	44.5
-14.2770675756635	17.5186252345059	44.5
-14.265877467715	17.5169857925524	44.5
-14.2546584467397	17.515557557917	44.5
-14.2434144988023	17.5143410380446	44.5
-14.2321496188241	17.5133366651589	44.5
-14.2208678091632	17.5125447961089	44.5
-14.2095730781929	17.5119657122418	44.5
-14.1982694388772	17.5115996193033	44.5
-14.1869609073455	17.5114466473646	44.5
-14.1756515014652	17.5115068507758	44.5
-14.1643452394142	17.511780208147	44.5
-14.1530461382537	17.5122666223556	44.5
-14.1417582125005	17.5129659205809	44.5
-14.1304854727009	17.5138778543656	44.5
-14.1192319240056	17.515002099704	44.5
-14.108001564747	17.516338257157	44.5
-14.0967983850181	17.5178858519944	44.5
-14.0856263652555	17.5196443343629	44.5
-14.0744894748245	17.5216130794822	44.5
-14.0633916706092	17.5237913878665	44.5
-14.0523368956067	17.5261784855733	44.5
-14.0413290775259	17.5287735244781	44.5
-14.0303721273921	17.5315755825758	44.5
-14.0194699381575	17.5345836643087	44.5
-14.0086263833182	17.5377967009196	44.5
-13.9978453155373	17.5412135508318	44.5
-13.9871305652771	17.5448330000549	44.5
-13.9764859394373	17.5486537626159	44.5
-13.9659152200027	17.5526744810159	44.5
-13.9554221626996	17.5568937267129	44.5
-13.9450104956613	17.5613100006289	44.5
-13.9346839181035	17.5659217336829	44.5
-13.9244460990101	17.570727287348	44.5
-13.9143006758295	17.575724954234	44.5
-13.9042512531821	17.5809129586936	44.5
-13.8943014015801	17.5862894574534	44.5
-13.8844546561583	17.5918525402692	44.5
-13.8747145154184	17.597600230604	44.5
-13.8650844399861	17.6035304863309	44.5
-13.8555678513814	17.6096412004582	44.5
-13.8461681308028	17.6159302018783	44.5
-13.8368886179263	17.6223952561389	44.5
-13.8277326097187	17.6290340662371	44.5
-13.8187033592661	17.6358442734352	44.5
-13.8098040746181	17.642823458099	44.5
-13.8010379176483	17.6499691405575	44.5
-13.7924080029304	17.6572787819837	44.5
-13.7839173966321	17.6647497852968	44.5
-13.7755691154253	17.672379496085	44.5
-13.7673661254147	17.6801652035482	44.5
-13.7593113410834	17.6881041414617	44.5
-13.7514076242581	17.6961934891587	44.5
-13.7436577830917	17.7044303725325	44.5
-13.7360645710658	17.7128118650575	44.5
-13.7286306860126	17.7213349888295	44.5
-13.7213587691559	17.7299967156231	44.5
-13.7142514041733	17.7387939679681	44.5
-13.7073111162776	17.7477236202425	44.5
-13.7005403713201	17.7567824997835	44.5
-13.6939415749142	17.7659673880142	44.5
-13.6875170715809	17.7752750215877	44.5
-13.6812691439156	17.784702093546	44.5
-13.6752000117774	17.7942452544954	44.5
-13.6693118314998	17.8039011137962	44.5
-13.6636066951254	17.8136662407675	44.5
-13.6580866296619	17.8235371659063	44.5
-13.6527535963623	17.8335103821199	44.5
-13.6476094900279	17.843582345972	44.5
-13.6426561383353	17.8537494789419	44.5
-13.6378953011867	17.8640081686956	44.5
-13.6333286700848	17.8743547703694	44.5
-13.628957867532	17.8847856078651	44.5
-13.6247844464535	17.8952969751558	44.5
-13.6208098896461	17.9058851376027	44.5
-13.6170356092508	17.9165463332821	44.5
-13.6134629462516	17.927276774322	44.5
-13.6100931699984	17.9380726482478	44.5
-13.6069274777568	17.9489301193368	44.5
-13.6039669942822	17.9598453299814	44.5
-13.6012127714203	17.970814402059	44.5
-13.5986657877333	17.9818334383107	44.5
-13.5963269481524	17.9928985237253	44.5
-13.5941970836561	18.0040057269306	44.5
-13.5922769509753	18.0151511015903	44.5
-13.5905672323238	18.0263306878059	44.5
-13.5890685351566	18.0375405135234	44.5
-13.5877813919536	18.0487765959454	44.5
-13.5867062600307	18.0600349429451	44.5
-13.5858435213772	18.0713115544855	44.5
-13.58519348252	18.0826024240402	44.5
-13.5847563744147	18.093903540017	44.5
-13.5845323523639	18.1052108871833	44.5
-13.5845214959614	18.1165204480924	44.5
-13.5847238090646	18.1278282045111	44.5
-13.5851392197925	18.1391301388475	44.5
-13.5857675805517	18.1504222355782	44.5
-13.5866086680885	18.1617004826748	44.5
-13.5876621835687	18.17296087303	44.5
-13.5889277526832	18.1841994058806	44.5
-13.5904049257812	18.1954120882294	44.5
-13.5920931780302	18.2065949362638	44.5
-13.5939919096023	18.2177439767712	44.5
-13.5961004458871	18.2288552485505	44.5
-13.5984180377318	18.2399248038197	44.5
-13.6009438617069	18.2509487096187	44.5
-13.6036770203993	18.2619230492061	44.5
-13.6066165427307	18.2728439234513	44.5
-13.6097613843029	18.2837074522198	44.5
-13.6131104277684	18.2945097757515	44.5
-13.6166624832283	18.3052470560323	44.5
-13.6204162886541	18.3159154781575	44.5
-13.6243705103365	18.3265112516877	44.5
-13.6285237433595	18.337030611995	44.5
-13.6328745120991	18.3474698216007	44.5
-13.637421270748	18.3578251715034	44.5
-13.6421624038644	18.3680929824965	44.5
-13.6470962269462	18.3782696064757	44.5
-13.6522209870298	18.388351427735	44.5
-13.6575348633121	18.3983348642512	44.5
-13.6630359677983	18.4082163689569	44.5
-13.6687223459721	18.4179924310006	44.5
-13.6745919774905	18.4276595769939	44.5
-13.6806427769012	18.437214372246	44.5
-13.6868725943842	18.4466534219834	44.5
-13.6932792165149	18.4559733725569	44.5
-13.6998603670509	18.4651709126324	44.5
-13.7066137077408	18.4742427743676	44.5
-13.7135368391549	18.4831857345733	44.5
-13.7198328119657	18.4910352095376	44.5
-13.7265201242783	18.4992948259024	44.5
-13.7333348986348	18.5077118699898	44.5
-13.7398727270066	18.5157868487152	44.5
-13.7483913525719	18.5263083348027	44.5
-13.7562901811838	18.5360642922501	44.5
-13.7656519211339	18.5476271030311	44.5
-13.7727821021363	18.556433678554	44.5
-13.7806773208805	18.5661851550434	44.5
-13.789383806572	18.5769386288328	44.5
-13.7989476920836	18.5887510769951	44.5
-13.8094148480013	18.6016791523528	44.5
-13.8208307166696	18.6157789784878	44.5
-13.8332401462379	18.631105944752	44.5
-13.8398312580905	18.6392466633921	44.5
-13.8466872247056	18.647714501277	44.5
-13.8538134110828	18.6565160842888	44.5
-13.8612151139682	18.6656579539847	44.5
-13.868897556668	18.675146561191	44.5
-13.8768658838628	18.6849882595971	44.5
-13.8851251564212	18.6951892993496	44.5
-13.8936803462141	18.7057558206464	44.5
-13.9025363309281	18.7166938473309	44.5
-13.9116978888799	18.7280092804856	44.5
-13.9211696938302	18.7397078920267	44.5
-13.9309563097971	18.7517953182979	44.5
-13.9410621858708	18.7642770536646	44.5
-13.951491651027	18.7771584441077	44.5
-13.962248908941	18.790444680818	44.5
-13.9733380328016	18.8041407937901	44.5
-13.9847629601249	18.8182516454164	44.5
-13.9965274875686	18.8327819240813	44.5
-14.0086352657456	18.8477361377553	44.5
-14.021089794038	18.8631186075887	44.5
-14.033894415411	18.8789334615063	44.5
-14.0470523112271	18.895184627801	44.5
-14.0605664960595	18.9118758287279	44.5
-14.0744398125066	18.9290105740985	44.5
-14.0886749260056	18.9465921548747	44.5
-14.1032743196465	18.9646236367629	44.5
-14.1182402889858	18.9831078538081	44.5
-14.1335749368611	19.0020474019879	44.5
-14.1492801682043	19.0214446328066	44.5
-14.1653576848557	19.0413016468892	44.5
-14.1818089803784	19.0616202875754	44.5
-14.1986353348716	19.0824021345141	44.5
-14.215837809785	19.1036484972571	44.5
-14.2334172429523	19.1253604091246	44.5
-14.2513742463643	19.1475386244556	44.5
-14.26970920817	19.1701836210809	44.5
-14.2884222956657	19.1932956040172	44.5
-14.3075134582985	19.2168745091791	44.5
-14.32698243067	19.2409200070914	44.5
-14.3468287355401	19.2654315066009	44.5
-14.3670516868308	19.2904081585887	44.5
-14.3876503926294	19.3158488596819	44.5
-14.4086237581929	19.3417522559665	44.5
-14.4299704889509	19.3681167466985	44.5
-14.4516890935101	19.3949404880167	44.5
-14.4737778866571	19.4222213966543	44.5
-14.496234992363	19.4499571536516	44.5
-14.5190583467864	19.4781452080673	44.5
-14.5422457012774	19.5067827806912	44.5
-14.5657946253812	19.5358668677561	44.5
-14.5897025098419	19.5653942446497	44.5
-14.6139665696059	19.595361469627	44.5
-14.6385838468259	19.6257648875221	44.5
-14.6635512138646	19.6566006334605	44.5
-14.6888653762979	19.687864636571	44.5
-14.7145228759194	19.719552623698	44.5
-14.7405200937432	19.7516601231134	44.5
-14.7668532530083	19.7841824682287	44.5
-14.7935184221818	19.8171148013073	44.5
-14.820511517963	19.8504520771762	44.5
-14.8478283082868	19.8841890669384	44.5
-14.8754644153272	19.918320361685	44.5
-14.9034153185018	19.9528403762069	44.5
-14.9316763574743	19.9877433527076	44.5
-14.9602427351593	20.0230233645143	44.5
-14.9891095207254	20.058674319791	44.5
-15.0182716525988	20.0946899652498	44.5
-15.0477239414674	20.1310638898634	44.5
-15.0774610732842	20.1677895285772	44.5
-15.107477612271	20.204860166021	44.5
-15.1377680039222	20.2422689402216	44.5
-15.1683265780085	20.2800088463146	44.5
-15.1991475515804	20.3180727402563	44.5
-15.230225031972	20.3564533425363	44.5
-15.2615530198048	20.3951432418891	44.5
-15.2931254119912	20.4341348990064	44.5
-15.3249360047383	20.4734206502493	44.5
-15.3569784965514	20.5129927113601	44.5
-15.3892464912382	20.5528431811745	44.5
-15.4217335009117	20.5929640453338	44.5
-15.4544329489945	20.6333471799968	44.5
-15.4873381732225	20.6739843555523	44.5
-15.520442428648	20.7148672403304	44.5
-15.553738890644	20.7559874043153	44.5
-15.5872206579078	20.7973363228572	44.5
-15.6208807554641	20.8389053803842	44.5
-15.6547121376696	20.8806858741145	44.5
-15.6887076912159	20.9226690177687	44.5
-15.7228602381337	20.9648459452812	44.5
-15.7571625387962	21.0072077145134	44.5
-15.7916072949229	21.0497453109646	44.5
-15.8261871525833	21.0924496514849	44.5
-15.8608947052005	21.1353115879871	44.5
-15.895722496555	21.1783219111583	44.5
-15.9306630237882	21.2214713541729	44.5
-15.9657087404064	21.2647505964037	44.5
-16.0008520592842	21.3081502671348	44.5
-16.0360853556682	21.3516609492732	44.5
-16.071400970181	21.395273183061	44.5
-16.1067912118245	21.4389774697875	44.5
-16.1422483609838	21.4827642755013	44.5
-16.1777646724307	21.5266240347226	44.5
-16.2133323783278	21.5705471541547	44.5
-16.2489436912316	21.6145240163967	44.5
-16.2845908070968	21.6585449836552	44.5
-16.3202659082794	21.7026004014565	44.5
-16.3559611665409	21.7466806023589	44.5
-16.3916687460515	21.7907759096644	44.5
-16.4273808063944	21.834876641131	44.5
-16.4630895055685	21.8789731126841	44.5
-16.4987870029885	21.923055642121	44.5
-16.5344654624815	21.9671145528093	44.5
-16.5701170552824	22.0111401773826	44.5
-16.6057339630293	22.0551228614373	44.5
-16.6413083807595	22.0990529672289	44.5
-16.6768325199046	22.1429208773686	44.5
-16.7122986112869	22.1867169985196	44.5
-16.747698908114	22.2304317650937	44.5
-16.7830256889755	22.2740556429472	44.5
-16.8182712608377	22.3175791330782	44.5
-16.8534279620396	22.3609927753223	44.5
-16.8884881652886	22.4042871520492	44.5
-16.923444280656	22.4474528918596	44.5
-16.9582887585725	22.490480673281	44.5
-16.993014092824	22.5333612284643	44.5
-17.0276128235472	22.5760853468807	44.5
-17.062077540225	22.6186438790173	44.5
-17.0964008846824	22.6610277400745	44.5
-17.1305755540819	22.7032279136615	44.5
-17.1645943039191	22.7452354554934	44.5
-17.1984499510185	22.7870414970873	44.5
-17.2321353765291	22.8286372494589	44.5
-17.2656435289198	22.8700140068189	44.5
-17.298967426975	22.9111631502693	44.5
-17.3321001627906	22.9520761514999	44.5
-17.3650349047692	22.9927445764849	44.5
-17.3977649006159	23.0331600891792	44.5
-17.430283480334	23.0733144552146	44.5
-17.4625840592202	23.1131995455968	44.5
-17.4946601408609	23.1528073404013	44.5
-17.526505320127	23.1921299324701	44.5
-17.5581132861702	23.231159531108	44.5
-17.5894778254182	23.2698884657791	44.5
-17.6205928245707	23.3083091898033	44.5
-17.6514522735944	23.3464142840527	44.5
-17.6820502687192	23.3841964606479	44.5
-17.7123810154335	23.4216485666546	44.5
-17.7424388314801	23.4587635877799	44.5
-17.7722181498513	23.4955346520689	44.5
-17.8017135217851	23.531955033601	44.5
-17.8309196197602	23.5680181561862	44.5
-17.8598312404924	23.603717597062	44.5
-17.8884433079294	23.6390470905894	44.5
-17.9167508762469	23.6740005319494	44.5
-17.944749132844	23.7085719808395	44.5
-17.9724334013391	23.7427556651703	44.5
-17.9997991445651	23.7765459847616	44.5
-18.0268419675653	23.8099375150391	44.5
-18.053557620589	23.8429250107306	44.5
-18.0799420020868	23.8755034095628	44.5
-18.1059911617068	23.9076678359574	44.5
-18.1317013032896	23.9394136047275	44.5
-18.1570687878642	23.9707362247742	44.5
-18.1820901366439	24.0016314027833	44.5
-18.2067620340211	24.0320950469211	44.5
-18.2310813305638	24.0621232705312	44.5
-18.2550450460107	24.0917123958312	44.5
-18.2786503722669	24.1208589576084	44.5
-18.3018946763997	24.1495597069171	44.5
-18.3247755036339	24.1778116147743	44.5
-18.3472905803476	24.2056118758565	44.5
-18.3694378170678	24.2329579121962	44.5
-18.3912153114662	24.2598473768781	44.5
-18.4126213513542	24.2862781577356	44.5
-18.4336544176793	24.3122483810473	44.5
-18.4543131875202	24.3377564152335	44.5
-18.4745965370824	24.3628008745525	44.5
-18.4945035446942	24.3873806227969	44.5
-18.514033493802	24.4114947769904	44.5
-18.5331858759659	24.4351427110841	44.5
-18.5519603938555	24.4583240596525	44.5
-18.5703569642452	24.4810387215908	44.5
-18.5883757210103	24.5032868638104	44.5
-18.6060170181222	24.5250689249362	44.5
-18.6232814326392	24.5463856189959	44.5
-18.6401697670274	24.5672379382851	44.5
-18.6566830476162	24.5876271514578	44.5
-18.6728225197943	24.6075547975971	44.5
-18.6885896428366	24.6270226798274	44.5
-18.7039860847294	24.6460328589268	44.5
-18.7190137169968	24.6645876469389	44.5
-18.7336746095259	24.6826896007845	44.5
-18.7479710253925	24.700341515874	44.5
-18.761905415687	24.7175464197188	44.5
-18.77548041434	24.7343075655437	44.5
-18.7886988329481	24.7506284258984	44.5
-18.8015636555992	24.76651268627	44.5
-18.8140780336988	24.7819642386943	44.5
-18.8262452807952	24.796987175368	44.5
-18.8380688674055	24.811585782261	44.5
-18.8495524158412	24.8257645327275	44.5
-18.8606996950336	24.8395280811188	44.5
-18.87151461536	24.8528812563948	44.5
-18.8820012234692	24.8658290557357	44.5
-18.8921636971071	24.8783766381545	44.5
-18.9020063399424	24.8905293181086	44.5
-18.9115335763923	24.9022925591117	44.5
-18.9207499464484	24.9136719673459	44.5
-18.9296601005021	24.9246732852734	44.5
-18.9382687941706	24.9353023852486	44.5
-18.9465808831222	24.9455652631303	44.5
-18.9546013179024	24.9554680318928	44.5
-18.9623351387594	24.9650169152389	44.5
-18.9697874704697	24.9742182412109	44.5
-18.9769635171641	24.9830784358032	44.5
-18.9838685571531	24.9916040165739	44.5
-18.9905079377526	24.9998015862566	44.5
-18.9968870701099	25.0076778263728	44.5
-19.0088865227966	25.022493399601	44.5
-19.0199112843912	25.0361055214354	44.5
-19.0300064142153	25.0485698288189	44.5
-19.0392174961563	25.0599426060417	44.5
-19.04759047309	25.0702805803233	44.5
-19.0551714813023	25.0796407173946	44.5
-19.0620066849119	25.0880800170792	44.5
-19.0709617109762	25.0991366141549	44.5
-19.0784960496685	25.1084391086633	44.5
-19.0865924635626	25.1184355783503	44.5
-19.0940643508056	25.1276609515126	44.5
-19.1007043892839	25.1358592549484	44.5
-19.1070210512893	25.1436582912424	44.5
-19.1137178213917	25.1519263448948	44.5
-19.1207133667003	25.1605545739757	44.5
-19.1270392356486	25.1683398127232	44.5
-19.1338523484296	25.1767033121789	44.5
-19.1404741086744	25.1848099102222	44.5
-19.1482675645838	25.1943232643843	44.5
-19.1549562428998	25.2024646168878	44.5
-19.1624273815371	25.211533435663	44.5
-19.1707352415649	25.221587858369	44.5
-19.1799346639353	25.2326854773788	44.5
-19.1865902013272	25.2406915182881	44.5
-19.1936829876842	25.2492030108456	44.5
-19.2012294972479	25.2582362559023	44.5
-19.2092462132708	25.2678072609779	44.5
-19.2177496069092	25.2779317031363	44.5
-19.2267561161164	25.2886248918618	44.5
-19.2362821245361	25.2999017319348	44.5
-19.2463439403955	25.3117766863076	44.5
-19.2569577753983	25.3242637389805	44.5
-19.2681397236182	25.3373763578773	44.5
-19.2799057403918	25.3511274577217	44.5
-19.2922716212119	25.3655293629127	44.5
-19.3052529806209	25.3805937704007	44.5
-19.3119792896677	25.3883778870991	44.5
-19.3188652311036	25.3963317125633	44.5
-19.3259126964547	25.4044565159105	44.5
-19.3331235619805	25.4127535200812	44.5
-19.3404996880137	25.4212239006799	44.5
-19.3480429183012	25.4298687848141	44.5
-19.3557550793439	25.4386892499349	44.5
-19.3636379797375	25.4476863226764	44.5
-19.3716934095129	25.4568609776959	44.5
-19.3799231394764	25.4662141365134	44.5
-19.3883289205503	25.4757466663519	44.5
-19.3969124831134	25.4854593789769	44.5
-19.405675536341	25.4953530295364	44.5
-19.4146197675458	25.505428315401	44.5
-19.423746841518	25.5156858750033	44.5
-19.4330583998657	25.5261262866783	44.5
-19.4425560603558	25.5367500675028	44.5
-19.4522414162535	25.5475576721356	44.5
-19.4621160356636	25.5585494916572	44.5
-19.4721814608705	25.5697258524096	44.5
-19.4824392076786	25.5810870148366	44.5
-19.4928907647527	25.5926331723231	44.5
-19.5035375929588	25.6043644500353	44.5
-19.5143811247038	25.6162809037606	44.5
-19.5254227632765	25.6283825187472	44.5
-19.536663882188	25.6406692085443	44.5
-19.5481058245116	25.6531408138417	44.5
-19.5597499022238	25.66579710131	44.5
-19.5715973955444	25.6786377624399	44.5
-19.5836495522768	25.6916624123828	44.5
-19.595907587149	25.70487058879	44.5
-19.6083726811531	25.7182617506531	44.5
-19.6210459808865	25.7318352771436	44.5
-19.6339285978921	25.7455904664527	44.5
-19.6470216079983	25.7595265346314	44.5
-19.6603260506601	25.7736426144301	44.5
-19.673842928299	25.7879377541389	44.5
-19.6875732056436	25.802410916427	44.5
-19.7015178090698	25.8170609771827	44.5
-19.7156776259417	25.8318867243535	44.5
-19.7300535039515	25.8468868567858	44.5
-19.7446462504603	25.8620599830647	44.5
-19.759456631838	25.8774046203541	44.5
-19.7744853728045	25.8929191932362	44.5
-19.7897331557692	25.9086020325517	44.5
-19.8052006201723	25.9244513742396	44.5
-19.8208883618243	25.9404653581771	44.5
-19.8367969322583	25.9566420270535	44.5
-19.852926838311	25.972979325967	44.5
-19.8692785422162	25.9894751036219	44.5
-19.885852461873	26.0061271140775	44.5
-19.9026489711197	26.0229330185127	44.5
-19.9196684000079	26.0398903869909	44.5
-19.9369110350763	26.0569967002256	44.5
-19.9543771196246	26.0742493513448	44.5
-19.9720668539875	26.0916456476567	44.5
-19.9899803958085	26.1091828124142	44.5
-20.0081178603139	26.12685798658	44.5
-20.0264793205867	26.1446682305922	44.5
-20.0450648078403	26.1626105261286	44.5
-20.0638743116929	26.1806817778724	44.5
-20.0829077804408	26.1988788152765	44.5
-20.1021651213329	26.2171983943293	44.5
-20.1216462008441	26.2356371993195	44.5
-20.1413508449497	26.2541918446008	44.5
-20.1612788393987	26.2728588763573	44.5
-20.1814299299885	26.2916347743686	44.5
-20.2018038228381	26.3105159537746	44.5
-20.2224001846624	26.3294987668406	44.5
-20.2432186430459	26.3485795047225	44.5
-20.2642587867167	26.3677543992316	44.5
-20.2855201658208	26.3870196245999	44.5
-20.3070022921951	26.4063712992451	44.5
-20.3287046396421	26.4258054875354	44.5
-20.3506266442038	26.4453182015548	44.5
-20.372767704435	26.4649054028682	44.5
-20.3951271816779	26.484563004286	44.5
-20.4177044003353	26.5042868716297	44.5
-20.4404986481453	26.5240728254967	44.5
-20.4635091764548	26.5439166430253	44.5
-20.4867352004931	26.5638140596596	44.5
-20.5101758996465	26.5837607709152	44.5
-20.5338304177318	26.6037524341432	44.5
-20.55769786327	26.6237846702964	44.5
-20.5817773097609	26.6438530656933	44.5
-20.6060677959563	26.663953173784	44.5
-20.6305683261342	26.6840805169145	44.5
-20.655277870373	26.7042305880925	44.5
-20.6801953648249	26.7243988527516	44.5
-20.70531971199	26.7445807505173	44.5
-20.7306497809905	26.7647716969711	44.5
-20.7561844078441	26.7849670854163	44.5
-20.7819223957383	26.8051622886425	44.5
-20.8078625153042	26.8253526606911	44.5
-20.8340035048904	26.8455335386199	44.5
-20.860344070837	26.8657002442687	44.5
-20.8868828877492	26.8858480860236	44.5
-20.9136185987716	26.9059723605827	44.5
-20.940549815862	26.926068354721	44.5
-20.9676751200652	26.9461313470551	44.5
-20.9949930617869	26.9661566098086	44.5
-21.0225021610677	26.9861394105772	44.5
-21.0502009078571	27.0060750140933	44.5
-21.0780877622874	27.0259586839916	44.5
-21.1061611549472	27.0457856845736	44.5
-21.1344194871558	27.0655512825732	44.5
-21.1628611312372	27.0852507489213	44.5
-21.1914844307932	27.1048793605111	44.5
-21.2202877009785	27.1244324019629	44.5
-21.2492692287735	27.1439051673896	44.5
-21.2784272732589	27.163292962161	44.5
-21.3077600658894	27.1825911046698	44.5
-21.3372658107675	27.2017949280959	44.5
-21.3669426849178	27.2208997821715	44.5
-21.3967888385603	27.2399010349465	44.5
-21.4268023953849	27.2587940745536	44.5
-21.456981452825	27.2775743109727	44.5
-21.4873240823314	27.2962371777967	44.5
-21.5178283296464	27.3147781339959	44.5
-21.5484922150775	27.3331926656837	44.5
-21.5793137337714	27.3514762878811	44.5
-21.6102908559882	27.3696245462819	44.5
-21.6414215273746	27.3876330190179	44.5
-21.6727036692387	27.4054973184237	44.5
-21.704135178823	27.4232130928022	44.5
-21.7357139295792	27.4407760281889	44.5
-21.7674377714413	27.4581818501177	44.5
-21.7993045311002	27.4754263253853	44.5
-21.8313120122773	27.492505263817	44.5
-21.8634579959981	27.5094145200309	44.5
-21.8957402408668	27.5261499952036	44.5
-21.9281564833395	27.5427076388348	44.5
-21.9607044379989	27.5590834505127	44.5
-21.9933817978274	27.5752734816788	44.5
-22.0261862344815	27.5912738373932	44.5
-22.0591153985655	27.6070806780991	44.5
-22.0921669199057	27.6226902213887	44.5
-22.1253384078239	27.6380987437675	44.5
-22.1586274514117	27.6533025824195	44.5
-22.1920316198042	27.6682981369726	44.5
-22.2255484624539	27.6830818712632	44.5
-22.2591755094046	27.6976503151018	44.5
-22.2929102715655	27.7120000660372	44.5
-22.326750240985	27.7261277911225	44.5
-22.3606928911245	27.7400302286793	44.5
-22.3947356771324	27.7537041900633	44.5
-22.4288760361181	27.7671465614293	44.5
-22.4631113874259	27.7803543054959	44.5
-22.4974391329086	27.7933244633109	44.5
-22.531856657202	27.8060541560162	44.5
-22.5663613279981	27.8185405866128	44.5
-22.6009504963196	27.8307810417258	44.5
-22.6356214967936	27.8427728933699	44.5
-22.6703716479255	27.8545136007137	44.5
-22.7051982523727	27.8660007118453	44.5
-22.7400985972192	27.8772318655372	44.5
-22.7750699542485	27.8882047930114	44.5
-22.8101095802184	27.8989173197041	44.5
-22.8452147171344	27.9093673670314	44.5
-22.8803825925239	27.9195529541535	44.5
-22.91561041971	27.9294721997407	44.5
-22.9508953980852	27.9391233237376	44.5
-22.9862347133857	27.9485046491285	44.5
-23.0216255379651	27.9576146037028	44.5
-23.0570650310682	27.9664517218192	44.5
-23.0925503391053	27.9750146461717	44.5
-23.1280785959256	27.9833021295537	44.5
-23.1636469230915	27.991313036624	44.5
-23.1992524301525	27.999046345671	44.5
-23.2348922149187	28.0065011503783	44.5
-23.2705633637352	28.0136766615894	44.5
-23.3062629517598	28.0205722090272	44.5
-23.3419880433172	28.0271872421346	44.5
-23.3777356924109	28.0335213290969	44.5
-23.4135029432863	28.0395741552789	44.5
-23.4492868309948	28.0453455216468	44.5
-23.485084381958	28.0508353431899	44.5
-23.520892614532	28.0560436473427	44.5
-23.5567085395715	28.0609705724063	44.5
-23.5925291609939	28.0656163659703	44.5
-23.628351476344	28.0699813833347	44.5
-23.6641724773577	28.0740660859314	44.5
-23.6999891505263	28.0778710397463	44.5
-23.735798477661	28.0813969137409	44.5
-23.7715974364568	28.084644478274	44.5
-23.8073830010569	28.0876146035237	44.5
-23.8431521426167	28.0903082579089	44.5
-23.8789018298684	28.0927265065114	44.5
-23.9146290296848	28.0948705094972	44.5
-23.9503307076438	28.0967415205389	44.5
-23.9860038285922	28.0983408852369	44.5
-24.0216453572105	28.0996700395416	44.5
-24.0572522585768	28.1007305081749	44.5
-24.092821498731	28.1015239030519	44.5
-24.1283500452388	28.1020519217033	44.5
-24.1638348677565	28.1023163456961	44.5
-24.1992729385947	28.1023190390566	44.5
-24.2346612332827	28.1020619466911	44.5
-24.2699967311327	28.1015470928083	44.5
-24.3052764158039	28.1007765793411	44.5
-24.340497275867	28.099752584368	44.5
-24.375656305368	28.098477360535	44.5
-24.410750504393	28.0969532334776	44.5
-24.4457768796316	28.0951826002423	44.5
-24.4807324449419	28.0931679277085	44.5
-24.5156142219142	28.0909117510105	44.5
-24.5504192404354	28.0884166719586	44.5
-24.5851445392534	28.0856853574617	44.5
-24.6197871665408	28.0827205379485	44.5
-24.6543441804596	28.0795250057896	44.5
-24.6888126497252	28.0761016137189	44.5
-24.7231896541708	28.0724532732558	44.5
-24.7574722853112	28.0685829531268	44.5
-24.7916576469073	28.0644936776872	44.5
-24.8257428555306	28.0601885253429	44.5
-24.8597250411267	28.0556706269723	44.5
-24.8936013475801	28.0509431643479	44.5
-24.9273689332782	28.0460093685583	44.5
-24.9610249716756	28.0408725184296	44.5
-24.9945666518581	28.0355359389477	44.5
-25.0279911791072	28.0300029996796	44.5
-25.0612957754641	28.0242771131954	44.5
-25.0944776802939	28.01836173349	44.5
-25.12753415085	28.0122603544049	44.5
-25.1604624628382	28.0059765080502	44.5
-25.193259910981	27.9995137632259	44.5
-25.2259238095814	27.992875723844	44.5
-25.2584514930879	27.9860660273503	44.5
-25.2908403166579	27.979088343146	44.5
-25.3230876567224	27.9719463710096	44.5
-25.3551909115501	27.9646438395187	44.5
-25.3871475018116	27.9571845044714	44.5
-25.4189548711435	27.9495721473088	44.5
-25.4506104867127	27.9418105735361	44.5
-25.4821118397808	27.9339036111447	44.5
-25.5134564462681	27.925855109034	44.5
-25.5446418473176	27.9176689354329	44.5
-25.5756656098599	27.9093489763219	44.5
-25.6065253271765	27.9008991338546	44.5
-25.6372186194649	27.8923233247798	44.5
-25.6677431344021	27.8836254788629	44.5
-25.6980965477093	27.874809537308	44.5
-25.7282765637158	27.8658794511794	44.5
-25.7582809159234	27.8568391798236	44.5
-25.7881073675705	27.847692689291	44.5
-25.8177537121965	27.8384439507575	44.5
-25.8472177742058	27.8290969389466	44.5
-25.8764974094319	27.8196556305509	44.5
-25.905590505702	27.8101240026541	44.5
-25.934494983401	27.8005060311525	44.5
-25.9632087960357	27.7908056891771	44.5
-25.9917299307989	27.7810269455151	44.5
-26.020056409134	27.7711737630317	44.5
-26.0481862872987	27.7612500970922	44.5
-26.0761176569297	27.7512598939832	44.5
-26.1038486456065	27.741207089335	44.5
-26.1313774174158	27.7310956065429	44.5
-26.1587021735159	27.7209293551893	44.5
-26.1858211527005	27.7107122294652	44.5
-26.2127326319633	27.7004481065921	44.5
-26.2394349270618	27.6901408452439	44.5
-26.2659263930821	27.6797942839684	44.5
-26.2922054250024	27.6694122396094	44.5
-26.3182704582579	27.6589985057282	44.5
-26.3441199693044	27.6485568510254	44.5
-26.3697524761831	27.6380910177628	44.5
-26.3951665390844	27.6276047201854	44.5
-26.420360760912	27.6171016429424	44.5
-26.4453337878476	27.6065854395099	44.5
-26.4700843099149	27.5960597306121	44.5
-26.4946110615435	27.5855281026431	44.5
-26.5189128221337	27.574994106089	44.5
-26.54298841662	27.5644612539494	44.5
-26.5668367160361	27.5539330201593	44.5
-26.5904566380784	27.5434128380106	44.5
-26.6138471476707	27.5329040985745	44.5
-26.6370072575281	27.5224101491224	44.5
-26.6599360287216	27.5119342915486	44.5
-26.6826325712418	27.5014797807914	44.5
-26.7050960445634	27.491049823255	44.5
-26.7273256582096	27.4806475752316	44.5
-26.7493206723159	27.4702761413228	44.5
-26.7710803981945	27.4599385728616	44.5
-26.7926041988986	27.449637866334	44.5
-26.8138914897865	27.439376961801	44.5
-26.8349417390859	27.4291587413202	44.5
-26.855754468458	27.4189860273676	44.5
-26.8763292535619	27.4088615812593	44.5
-26.8966657246184	27.3987881015737	44.5
-26.9167635669747	27.3887682225725	44.5
-26.9366225216684	27.3788045126232	44.5
-26.9562423859917	27.3688994726207	44.5
-26.9756230140556	27.3590555344086	44.5
-26.9947643173542	27.3492750592018	44.5
-27.0136662653288	27.3395603360074	44.5
-27.0323288859104	27.3299135800857	44.5
-27.050752265686	27.3203369320758	44.5
-27.0689365493353	27.3108324584133	44.5
-27.0868819388485	27.3014021521348	44.5
-27.1045886927396	27.2920479336908	44.5
-27.1220571252587	27.2827716517599	44.5
-27.1392876056057	27.2735750840618	44.5
-27.1562805571421	27.2644599381709	44.5
-27.173036456605	27.25542785233	44.5
-27.189555833319	27.2464803962637	44.5
-27.2058392684099	27.2376190719917	44.5
-27.2218873940169	27.2288453146427	44.5
-27.2377008925058	27.2201604932674	44.5
-27.2532804956819	27.2115659116525	44.5
-27.2686269840028	27.2030628091338	44.5
-27.2837411857914	27.1946523614102	44.5
-27.2986239764484	27.1863356813564	44.5
-27.3132762776656	27.1781138198373	44.5
-27.3276990566386	27.1699877665208	44.5
-27.3418933252796	27.1619584506917	44.5
-27.3558601394304	27.1540267420651	44.5
-27.3696005980754	27.1461934515999	44.5
-27.3831158425539	27.1384593323122	44.5
-27.3964070557738	27.1308250800889	44.5
-27.4094754614239	27.1232913345012	44.5
-27.4223223231868	27.1158586796181	44.5
-27.434948943952	27.10852764482	44.5
-27.4473566650288	27.1012987056118	44.5
-27.4595468653588	27.0941722844371	44.5
-27.4715209607293	27.0871487514908	44.5
-27.4832804029857	27.0802284255336	44.5
-27.4948266792447	27.0734115747046	44.5
-27.5061613111069	27.0666984173353	44.5
-27.5172858538699	27.0600891227632	44.5
-27.5282018957413	27.0535838121449	44.5
-27.5389110570511	27.0471825592697	44.5
-27.5494149894649	27.0408853913736	44.5
-27.5597153751967	27.0346922899519	44.5
-27.5698139262221	27.0286031915735	44.5
-27.5797123834904	27.0226179886942	44.5
-27.5894125161383	27.0167365304698	44.5
-27.5989161207022	27.0109586235701	44.5
-27.6082250203316	27.0052840329922	44.5
-27.6173410640013	26.9997124828739	44.5
-27.6262661257248	26.9942436573075	44.5
-27.6350021037671	26.9888772011529	44.5
-27.6435509198575	26.9836127208515	44.5
-27.6600948656979	26.9733879263609	44.5
-27.6759137764549	26.9635653879054	44.5
-27.6910237903903	26.9541406569198	44.5
-27.7054413456301	26.9451087482361	44.5
-27.7191831549775	26.9364641661153	44.5
-27.732266180724	26.9282009302796	44.5
-27.7447076094616	26.9203126019445	44.5
-27.7565248268954	26.9127923098506	44.5
-27.7677353926545	26.9056327762958	44.5
-27.778357015105	26.8988263431675	44.5
-27.7884075261615	26.8923649979743	44.5
-27.7979048560989	26.8862403998781	44.5
-27.8068670083649	26.8804439057265	44.5
-27.8153120343916	26.8749665960842	44.5
-27.8270494991429	26.8673289818672	44.5
-27.8377250601767	26.8603569822976	44.5
-27.8473994779815	26.8540177937955	44.5
-27.8561331183957	26.8482778730363	44.5
-27.8664177558301	26.8414978732088	44.5
-27.8752755490923	26.8356409460805	44.5
-27.884548408576	26.8294931139847	44.5
-27.8933743039305	26.8236277677753	44.5
-27.9019197447572	26.8179392277636	44.5
-27.9104660686777	26.8122462200002	44.5
