-27.9486717499614	4.70314369965304	39
-27.9567075774212	4.69710309569724	39
-27.9646668639357	4.69096199015377	39
-27.9725483526412	4.68472135277439	39
-27.9803507989592	4.6783821690281	39
-27.9880729707931	4.67194543994548	39
-27.9957136487224	4.66541218196068	39
-28.0032716261955	4.65878342675087	39
-28.0107457097202	4.65206022107335	39
-28.0181347190519	4.64524362660022	39
-28.0254374873805	4.63833471975077	39
-28.0326528615142	4.63133459152148	39
-28.0397797020617	4.62424434731376	39
-28.0468168836124	4.61706510675936	39
-28.0537632949137	4.60979800354357	39
-28.0606178390467	4.60244418522624	39
-28.0673794335994	4.59500481306054	39
-28.0740470108377	4.58748106180957	39
-28.0806195178738	4.57987411956086	39
-28.0870959168328	4.57218518753879	39
-28.093475185016	4.56441547991485	39
-28.0997563150632	4.55656622361594	39
-28.105938315111	4.54863865813062	39
-28.1120202089501	4.5406340353134	39
-28.1180010361788	4.53255361918699	39
-28.1238798523552	4.52439868574278	39
-28.129655729146	4.51617052273929	39
-28.1353277544735	4.50787042949885	39
-28.140895032659	4.49949971670239	39
-28.1463566845647	4.49105970618251	39
-28.1517118477326	4.4825517307147	39
-28.1569596765203	4.47397713380692	39
-28.1620993422347	4.46533726948742	39
-28.1671300332631	4.45663350209093	39
-28.172050955201	4.44786720604322	39
-28.1768613309779	4.43903976564406	39
-28.1815604009796	4.43015257484862	39
-28.1861474231684	4.42120703704734	39
-28.1906216732006	4.41220456484436	39
-28.1949824445399	4.40314657983438	39
-28.1992290485703	4.39403451237825	39
-28.2033608147035	4.38486980137705	39
-28.2073770904859	4.37565389404488	39
-28.2112772417009	4.36638824568035	39
-28.2150606524696	4.35707431943674	39
-28.2187267253473	4.34771358609099	39
-28.2222748814188	4.33830752381139	39
-28.225704560389	4.32885761792421	39
-28.229015220672	4.31936536067916	39
-28.232206339476	4.30983225101368	39
-28.2352774128864	4.30025979431629	39
-28.2382279559451	4.29064950218889	39
-28.2410575027272	4.281002892208	39
-28.2437656064144	4.27132148768517	39
-28.2463518393657	4.2616068174264	39
-28.2488157931851	4.25186041549073	39
-28.2511570787856	4.24208382094803	39
-28.253375326451	4.2322785776359	39
-28.2554701858944	4.22244623391593	39
-28.2574413263132	4.21258834242917	39
-28.2592884364415	4.20270645985096	39
-28.2610112245991	4.19280214664511	39
-28.2626094187378	4.18287696681751	39
-28.2640827664842	4.17293248766909	39
-28.2654310351798	4.16297027954839	39
-28.2666540119171	4.15299191560357	39
-28.267751503574	4.14299897153396	39
-28.2687233368439	4.13299302534127	39
-28.2695693582629	4.1229756570804	39
-28.2702894342346	4.11294844860993	39
-28.2708834510506	4.1029129833423	39
-28.2713513149086	4.09287084599383	39
-28.2716929519277	4.0828236223344	39
-28.2719083081593	4.07277289893711	39
-28.2719973495963	4.06272026292769	39
-28.2719600621779	4.0526673017339	39
-28.2717964517922	4.04261560283486	39
-28.2715065442752	4.03256675351033	39
-28.2710903854068	4.02252234059013	39
-28.2705480409031	4.01248395020348	39
-28.2698795964067	4.0024531675286	39
-28.2690851574728	3.99243157654236	39
-28.2681648495523	3.98242075977014	39
-28.2671188179727	3.97242229803596	39
-28.2659472279144	3.96243777021284	39
-28.2646502643851	3.95246875297346	39
-28.2632281321904	3.94251682054122	39
-28.2616810559013	3.9325835444416	39
-28.2600092798193	3.92267049325405	39
-28.2582130679371	3.91277923236427	39
-28.2562927038974	3.90291132371703	39
-28.254248490948	3.89306832556948	39
-28.2520807518937	3.88325179224514	39
-28.2497898290457	3.87346327388841	39
-28.2473760841672	3.86370431621983	39
-28.2448398984167	3.85397646029193	39
-28.2421816722871	3.84428124224593	39
-28.2394018255433	3.83462019306915	39
-28.2365007971552	3.82499483835326	39
-28.2334790452288	3.81540669805334	39
-28.2303370469339	3.8058572862479	39
-28.2270752984283	3.79634811089975	39
-28.22369431478	3.78688067361793	39
-28.2201946298855	3.77745646942052	39
-28.2165767963855	3.76807698649862	39
-28.2128413855781	3.75874370598132	39
-28.2089889873277	3.7494581017018	39
-28.2050202099728	3.74022163996462	39
-28.2009356802292	3.73103577931416	39
-28.1967360430917	3.7219019703043	39
-28.1924219617316	3.71282165526937	39
-28.1879941173923	3.70379626809638	39
-28.1834532092818	3.69482723399858	39
-28.1787999544622	3.68591596929043	39
-28.1740350877362	3.67706388116393	39
-28.1691593615317	3.66827236746641	39
-28.1641735457822	3.65954281647981	39
-28.1590784278059	3.65087660670141	39
-28.153874812181	3.64227510662621	39
-28.1485635206187	3.63373967453077	39
-28.1431453918336	3.62527165825878	39
-28.1376212814109	3.61687239500815	39
-28.1319920616717	3.60854321111994	39
-28.1262586215352	3.60028542186883	39
-28.1204218663779	3.59210033125546	39
-28.1144827178911	3.58398923180054	39
-28.1084421139353	3.5759534043407	39
-28.1023010083918	3.56799411782623	39
-28.0960603710124	3.56011262912076	39
-28.0897211872662	3.55231018280271	39
-28.0832844581835	3.5445880109688	39
-28.0767512001987	3.53694733303949	39
-28.0701224449889	3.52938935556639	39
-28.0633992393114	3.52191527204177	39
-28.0565826448383	3.51452626271005	39
-28.0496737379888	3.50722349438146	39
-28.0426736097595	3.50000812024779	39
-28.0355833655518	3.49288127970023	39
-28.0284041249974	3.48584409814955	39
-28.0211370217816	3.47889768684828	39
-28.0137832034643	3.47204314271528	39
-28.0063438312986	3.46528154816255	39
-27.9988200800476	3.45861397092424	39
-27.9912131377989	3.45204146388809	39
-27.9835242057768	3.44556506492916	39
-27.9757544981529	3.43918579674591	39
-27.967905241854	3.43290466669874	39
-27.9599776763687	3.4267226666509	39
-27.9519730535515	3.42064077281187	39
-27.943892637425	3.41465994558318	39
-27.9357377039808	3.40878112940678	39
-27.9275095409774	3.4030052526159	39
-27.9192094477369	3.39733322728845	39
-27.9108387349405	3.39176594910296	39
-27.9023987244206	3.3863042971972	39
-27.8938907489528	3.38094913402933	39
-27.885316152045	3.37570130524169	39
-27.8766762877255	3.37056163952727	39
-27.867972520329	3.36553094849887	39
-27.8592062242813	3.36061002656094	39
-27.8503787838821	3.35579965078407	39
-27.8414915930867	3.35110058078238	39
-27.8325460552854	3.34651355859349	39
-27.8235435830824	3.34203930856138	39
-27.8144855980724	3.33767853722199	39
-27.8053735306163	3.33343193319167	39
-27.7962088196151	3.32930016705843	39
-27.7869929122829	3.32528389127604	39
-27.7777272639184	3.32138374006099	39
-27.7684133376748	3.31760032929238	39
-27.759052604329	3.31393425641463	39
-27.7496465420494	3.31038610034315	39
-27.7401966361623	3.3069564213729	39
-27.7307043789172	3.30364576108995	39
-27.7211712692517	3.30045464228595	39
-27.7115988125544	3.29738356887555	39
-27.701988520427	3.29443302581683	39
-27.6923419104461	3.29160347903475	39
-27.6826605059232	3.28889537534755	39
-27.6729458356645	3.28630914239619	39
-27.6631994337288	3.28384518857684	39
-27.6534228391861	3.28150390297637	39
-27.643617595874	3.27928565531092	39
-27.633785252154	3.2771907958675	39
-27.6239273606672	3.27521965544871	39
-27.614045478089	3.27337254532046	39
-27.6041411648832	3.27164975716287	39
-27.5942159850556	3.27005156302416	39
-27.5842715059071	3.26857821527769	39
-27.5743092977865	3.26722994658217	39
-27.5643309338416	3.26600696984485	39
-27.554337989772	3.26490947818793	39
-27.5443320435793	3.26393764491807	39
-27.5343146753185	3.263091623499	39
-27.524287466848	3.26237154752733	39
-27.5142520015804	3.26177753071138	39
-27.5042098642319	3.2613096668533	39
-27.4941626405725	3.26096802983423	39
-27.4841119171752	3.2607526736026	39
-27.4740592811657	3.26066363216566	39
-27.464006319972	3.26070091958408	39
-27.4539546210729	3.26086452996975	39
-27.4439057717484	3.26115443748669	39
-27.4338613588282	3.26157059635515	39
-27.4238229684415	3.26211294085882	39
-27.4137921857667	3.2627813853552	39
-27.4037705947804	3.26357582428918	39
-27.3937597780082	3.26449613220962	39
-27.383761316274	3.26554216378924	39
-27.3737767884509	3.26671375384753	39
-27.3638077712115	3.26801071737683	39
-27.3538558387793	3.26943284957158	39
-27.3439225626797	3.2709799258606	39
-27.3340095114921	3.27265170194263	39
-27.3241182506023	3.27444791382483	39
-27.3142503419551	3.27636827786453	39
-27.3044073438075	3.27841249081398	39
-27.2945908104832	3.28058022986827	39
-27.2848022921265	3.28287115271627	39
-27.2750433344579	3.28528489759469	39
-27.26531547853	3.28782108334525	39
-27.255620260484	3.29047930947482	39
-27.2459592113072	3.29325915621867	39
-27.2320759573355	3.29737596324408	39
-27.2203331230514	3.30083612478904	39
-27.2085886024294	3.30427385717099	39
-27.1968423954694	3.30768916038994	39
-27.1850945021715	3.31108203444587	39
-27.1733449225356	3.3144524793388	39
-27.1615936565617	3.31780049506872	39
-27.1498407042498	3.32112608163562	39
-27.1380860656	3.32442923903952	39
-27.1263297406122	3.32770996728041	39
-27.1145717292864	3.33096826635828	39
-27.1028120316227	3.33420413627315	39
-27.091050647621	3.33741757702501	39
-27.0792875772814	3.34060858861386	39
-27.0675228206037	3.3437771710397	39
-27.0557563775881	3.34692332430252	39
-27.0439882482346	3.35004704840234	39
-27.032218432543	3.35314834333915	39
-27.0204469305135	3.35622720911295	39
-27.0086737421461	3.35928364572374	39
-26.9968988674406	3.36231765317152	39
-26.9851223063972	3.36532923145629	39
-26.9733440590159	3.36831838057805	39
-26.9615641252965	3.3712851005368	39
-26.9497825052392	3.37422939133255	39
-26.9379991988439	3.37715125296528	39
-26.9262142061107	3.380050685435	39
-26.9144275270395	3.38292768874171	39
-26.9026391616303	3.38578226288541	39
-26.8908491098832	3.38861440786611	39
-26.879057371798	3.39142412368379	39
-26.867263947375	3.39421141033846	39
-26.8554688366139	3.39697626783013	39
-26.8436720395149	3.39971869615878	39
-26.8318735560779	3.40243869532443	39
-26.820073386303	3.40513626532706	39
-26.80827153019	3.40781140616669	39
-26.7964679877391	3.4104641178433	39
-26.7846627589503	3.41309440035691	39
-26.7728558438235	3.4157022537075	39
-26.7610472423587	3.41828767789509	39
-26.7492369545559	3.42085067291967	39
-26.7374249804152	3.42339123878123	39
-26.7256113199365	3.42590937547979	39
-26.7137959731198	3.42840508301534	39
-26.7019789399652	3.43087836138788	39
-26.6901602204726	3.4333292105974	39
-26.678339814642	3.43575763064392	39
-26.6665177224735	3.43816362152743	39
-26.654693943967	3.44054718324793	39
-26.6428684791225	3.44290831580542	39
-26.6310413279401	3.4452470191999	39
-26.6192124904197	3.44756329343137	39
-26.6073819665613	3.44985713849983	39
-26.5955497563649	3.45212855440528	39
-26.5837158598306	3.45437754114772	39
-26.5718802769584	3.45660409872715	39
-26.5600430077481	3.45880822714357	39
-26.5482040521999	3.46098992639698	39
-26.5363634103137	3.46314919648739	39
-26.5245210820896	3.46528603741478	39
-26.5126770675275	3.46740044917916	39
-26.5008313666274	3.46949243178053	39
-26.4889839793893	3.4715619852189	39
-26.4771349058133	3.47360910949425	39
-26.4652841458993	3.47563380460659	39
-26.4534316996473	3.47763607055593	39
-26.4415775670574	3.47961590734225	39
-26.4297217481295	3.48157331496557	39
-26.4178642428637	3.48350829342587	39
-26.4060050512598	3.48542084272317	39
-26.394144173318	3.48731096285745	39
-26.3822816090383	3.48917865382873	39
-26.3704173584206	3.49102391563699	39
-26.3585514214649	3.49284674828225	39
-26.3466837981712	3.4946471517645	39
-26.3348144885395	3.49642512608373	39
-26.3229434925699	3.49818067123996	39
-26.3110708102624	3.49991378723318	39
-26.2991964416168	3.50162447406339	39
-26.2873203866333	3.50331273173058	39
-26.2754426453119	3.50497856023477	39
-26.2635632176524	3.50662195957595	39
-26.251682103655	3.50824292975412	39
-26.2397993033196	3.50984147076928	39
-26.2279148166463	3.51141758262143	39
-26.216028643635	3.51297126531057	39
-26.2041407842857	3.5145025188367	39
-26.1922512385984	3.51601134319982	39
-26.1803600065732	3.51749773839993	39
-26.16846708821	3.51896170443703	39
-26.1565724835089	3.52040324131112	39
-26.1446761924698	3.52182234902221	39
-26.1327782150927	3.52321902757028	39
-26.1208785513776	3.52459327695534	39
-26.1089772013246	3.52594509717739	39
-26.0970741649336	3.52727448823644	39
-26.0851694422046	3.52858145013247	39
-26.0732630331377	3.52986598286549	39
-26.0613549377328	3.53112808643551	39
-26.04944515599	3.53236776084251	39
-26.0375336879091	3.53358500608651	39
-26.0256205334903	3.53477982216749	39
-26.0137056927336	3.53595220908547	39
-26.0017891656388	3.53710216684043	39
-25.9898709522061	3.53822969543239	39
-25.9779510524355	3.53933479486133	39
-25.9660294663268	3.54041746512727	39
-25.9541061938802	3.5414777062302	39
-25.9421812350956	3.54251551817011	39
-25.9302545899731	3.54353090094702	39
-25.9183262585126	3.54452385456092	39
-25.9063962407141	3.54549437901181	39
-25.8944645365777	3.54644247429968	39
-25.8825311461033	3.54736814042455	39
-25.8705960692909	3.54827137738641	39
-25.8586593061405	3.54915218518526	39
-25.8467208566522	3.5500105638211	39
-25.8347807208259	3.55084651329393	39
-25.8228388986617	3.55166003360375	39
-25.8108953901595	3.55245112475056	39
-25.7989501953193	3.55321978673436	39
-25.7870033141411	3.55396601955515	39
-25.775054746625	3.55468982321293	39
-25.7631044927709	3.5553911977077	39
-25.7511525525788	3.55607014303946	39
-25.7391989260488	3.55672665920822	39
-25.7272436131808	3.55736074621396	39
-25.7152866139749	3.55797240405669	39
-25.7033279284309	3.55856163273642	39
-25.691367556549	3.55912843225313	39
-25.6794054983292	3.55967280260683	39
-25.6674417537713	3.56019474379752	39
-25.6554763228755	3.56069425582521	39
-25.6435092056418	3.56117133868988	39
-25.63154040207	3.56162599239155	39
-25.6195699121603	3.5620582169302	39
-25.6075977359126	3.56246801230585	39
-25.595623873327	3.56285537851848	39
-25.5836483244034	3.56322031556811	39
-25.5716710891418	3.56356282345473	39
-25.5596921675423	3.56388290217833	39
-25.5477115596048	3.56418055173893	39
-25.5357292653293	3.56445577213652	39
-25.5237452847158	3.56470856337109	39
-25.5117596177644	3.56493892544266	39
-25.499772264475	3.56514685835122	39
-25.4877832248477	3.56533236209677	39
-25.4757924988824	3.56549543667931	39
-25.4638000865791	3.56563608209884	39
-25.4518059879378	3.56575429835535	39
-25.4398102029586	3.56585008544886	39
-25.4278127316414	3.56592344337936	39
-25.4158135739862	3.56597437214685	39
-25.4038127299931	3.56600287175134	39
-25.391810199662	3.56600894219281	39
-25.379805982993	3.56599258347127	39
-25.3678000799859	3.56595379558672	39
-25.3557924906409	3.56589257853916	39
-25.343783214958	3.56580893232859	39
-25.331772252937	3.56570285695501	39
-25.3197596045781	3.56557435241842	39
-25.3077452698813	3.56542341871883	39
-25.2957292488464	3.56525005585622	39
-25.2837115414736	3.56505426383061	39
-25.2716921477629	3.56483604264198	39
-25.2596710677141	3.56459539229034	39
-25.2476483013274	3.5643323127757	39
-25.2356238486027	3.56404680409804	39
-25.2235977095401	3.56373886625738	39
-25.2115698841395	3.5634084992537	39
-25.1995403724009	3.56305570308702	39
-25.1875091743244	3.56268047775732	39
-25.1754762899098	3.56228282326462	39
-25.1634417191574	3.56186273960891	39
-25.1514054620669	3.56142022679018	39
-25.1393675186385	3.56095528480845	39
-25.1273278888721	3.56046791366371	39
-25.1152865727677	3.55995811335595	39
-25.1032435703254	3.55942588388519	39
-25.0911988815451	3.55887122525142	39
-25.0791525064269	3.55829413745464	39
-25.0671044449706	3.55769462049485	39
-25.0550546971765	3.55707267437205	39
-25.0430032630443	3.55642829908624	39
-25.0309501425742	3.55576149463741	39
-25.0188953357661	3.55507226102558	39
-25.00683884262	3.55436059825075	39
-24.994780663136	3.5536265063129	39
-24.982720797314	3.55286998521204	39
-24.970659245154	3.55209103494817	39
-24.9585960066561	3.55128965552129	39
-24.9465310818202	3.5504658469314	39
-24.9344644706463	3.5496196091785	39
-24.9223961731345	3.5487509422626	39
-24.9103261892846	3.54785984618368	39
-24.8982545190969	3.54694632094175	39
-24.8861811625711	3.54601036653682	39
-24.8741061197074	3.54505198296887	39
-24.8620293905057	3.54407117023791	39
-24.8499509749661	3.54306792834395	39
-24.8378708730885	3.54204225728697	39
-24.8257890848729	3.54099415706699	39
-24.8137056103193	3.53992362768399	39
-24.8016204494278	3.53883066913798	39
-24.7895336021983	3.53771528142897	39
-24.7774450686309	3.53657746455695	39
-24.7653548487255	3.53541721852191	39
-24.7532629424821	3.53423454332387	39
-24.7411693499007	3.53302943896282	39
-24.7290740709814	3.53180190543875	39
-24.7169771057241	3.53055194275168	39
-24.7048784541288	3.5292795509016	39
-24.6927781161956	3.52798472988851	39
-24.6806760919244	3.5266674797124	39
-24.6685723813152	3.52532780037329	39
-24.6564669843681	3.52396569187117	39
-24.644359901083	3.52258115420604	39
-24.6322511314599	3.5211741873779	39
-24.6201406754989	3.51974479138675	39
-24.6080285331999	3.51829296623259	39
-24.5959147045629	3.51681871191542	39
-24.583799189588	3.51532202843524	39
-24.5716819882751	3.51380291579205	39
-24.5595631006242	3.51226137398586	39
-24.5474425266354	3.51069740301665	39
-24.5353202663086	3.50911100288443	39
-24.5231963196438	3.5075021735892	39
-24.511070686641	3.50587091513096	39
-24.4989433673003	3.50421722750972	39
-24.4868143616216	3.50254111072546	39
-24.474683669605	3.50084256477819	39
-24.4625512912504	3.49912158966792	39
-24.4504172265578	3.49737818539463	39
-24.4382814755272	3.49561235195833	39
-24.4261440381587	3.49382408935903	39
-24.4140049144522	3.49201339759672	39
-24.4018641044078	3.49018027667139	39
-24.3897216080253	3.48832472658306	39
-24.377577425305	3.48644674733171	39
-24.3654315562466	3.48454633891736	39
-24.3532840008503	3.48262350134	39
-24.341134759116	3.48067823459962	39
-24.3289838310437	3.47871053869624	39
-24.3168312166335	3.47672041362985	39
-24.3046769158853	3.47470785940044	39
-24.2925209287991	3.47267287600803	39
-24.280363255375	3.47061546345261	39
-24.2682038956129	3.46853562173418	39
-24.2560428495128	3.46643335085274	39
-24.2438801170748	3.46430865080829	39
-24.2317156982988	3.46216152160083	39
-24.2195495931848	3.45999196323036	39
-24.2073818017328	3.45779997569687	39
-24.1952123239429	3.45558555900038	39
-24.1830411598151	3.45334871314089	39
-24.1708683093492	3.45108943811838	39
-24.1586937725454	3.44880773393286	39
-24.1465175494036	3.44650360058433	39
-24.1343396399239	3.44417703807279	39
-24.1221600441061	3.44182804639824	39
-24.1099787619505	3.43945662556069	39
-24.0977957934568	3.43706277556012	39
-24.0856111386252	3.43464649639654	39
-24.0734247974556	3.43220778806996	39
-24.061236769948	3.42974665058036	39
-24.0490470561025	3.42726308392775	39
-24.036855655919	3.42475708811214	39
-24.0246625693976	3.42222866313351	39
-24.0124677965381	3.41967780899188	39
-24.0002713373407	3.41710452568723	39
-23.9880731918054	3.41450881321958	39
-23.9758733599321	3.41189067158891	39
-23.9636718417208	3.40925010079524	39
-23.9514686371715	3.40658710083856	39
-23.9392637462843	3.40390167171886	39
-23.9270571690591	3.40119381343616	39
-23.9148489054959	3.39846352599045	39
-23.9026389555947	3.39571080938172	39
-23.8904273193556	3.39293566360999	39
-23.8782139967786	3.39013808867525	39
-23.8659989878635	3.3873180845775	39
-23.8537822926105	3.38447565131674	39
-23.8415639110195	3.38161078889296	39
-23.8293438430906	3.37872349730619	39
-23.8171220888237	3.3758137765564	39
-23.8048986482188	3.37288162664359	39
-23.792673521276	3.36992704756779	39
-23.7804467079951	3.36695003932897	39
-23.7682182083764	3.36395060192714	39
-23.7559880224196	3.3609287353623	39
-23.7437561501249	3.35788443963445	39
-23.7315225914922	3.35481771474359	39
-23.7192873465215	3.35172856068972	39
-23.7070504152129	3.34861697747284	39
-23.6948117975663	3.34548296509296	39
-23.6825714935818	3.34232652355006	39
-23.6703295032592	3.33914765284415	39
-23.6580858265987	3.33594635297524	39
-23.6458404636003	3.33272262394331	39
-23.6335934142638	3.32947646574838	39
-23.6213446785894	3.32620787839043	39
-23.6090942565771	3.32291686186947	39
-23.5968421482267	3.31960341618551	39
-23.5845883535384	3.31626754133853	39
-23.5723328725122	3.31290923732855	39
-23.5600757051479	3.30952850415555	39
-23.5478168514457	3.30612534181955	39
-23.5355563114056	3.30269975032054	39
-23.5232940850274	3.29925172965852	39
-23.5110301723113	3.29578127983348	39
-23.4987645732572	3.29228840084544	39
-23.4864972878652	3.28877309269439	39
-23.4742283161352	3.28523535538033	39
-23.4619576580672	3.28167518890325	39
-23.4496853136613	3.27809259326317	39
-23.4374112829173	3.27448756846008	39
-23.4251355658355	3.27086011449398	39
-23.4128581624156	3.26721023136487	39
-23.4005790726578	3.26353791907275	39
-23.388298296562	3.25984317761762	39
-23.3760158341282	3.25612600699948	39
-23.3637316853565	3.25238640721833	39
-23.3514458502468	3.24862437827417	39
-23.3391583287992	3.244839920167	39
-23.3268691210135	3.24103303289683	39
-23.3145782268899	3.23720371646364	39
-23.3022856464284	3.23335197086744	39
-23.2899913796289	3.22947779610823	39
-23.2776954264914	3.22558119218601	39
-23.2653977870159	3.22166215910079	39
-23.2530984612025	3.21772069685255	39
-23.2407974490511	3.21375680544131	39
-23.2284947505617	3.20977048486705	39
-23.2161903657344	3.20576173512978	39
-23.203884294569	3.20173055622951	39
-23.1915765370658	3.19767694816622	39
-23.1792670932245	3.19360091093993	39
-23.1669559630453	3.18950244455062	39
-23.1546431465282	3.18538154899831	39
-23.142328643673	3.18123822428299	39
-23.1300124544799	3.17707247040465	39
-23.1176945789488	3.17288428736331	39
-23.1053750170798	3.16867367515896	39
-23.0930537688728	3.16444063379159	39
-23.0807308343278	3.16018516326122	39
-23.0684062134448	3.15590726356784	39
-23.0560799062239	3.15160693471145	39
-23.043751912665	3.14728417669204	39
-23.0314222327682	3.14293898950964	39
-23.0190908665333	3.13857137316421	39
-23.0067578139605	3.13418132765578	39
-22.9944230750498	3.12976885298434	39
-22.9820866498011	3.12533394914989	39
-22.9697485382144	3.12087661615243	39
-22.9574087402897	3.11639685399196	39
-22.9450672560271	3.11189466266848	39
-22.9327240854265	3.107370042182	39
-22.9203792284879	3.1028229925325	39
-22.9080326852114	3.09825351371999	39
-22.8956844555969	3.09366160574447	39
-22.8833345396444	3.08904726860594	39
-22.870982937354	3.08441050230441	39
-22.8586296487256	3.07975130683986	39
-22.8462746737592	3.0750696822123	39
-22.8339180124549	3.07036562842174	39
-22.8215596648126	3.06563914546816	39
-22.8091996308323	3.06089023335157	39
-22.796837910514	3.05611889207198	39
-22.7844745038578	3.05132512162937	39
-22.7721094108636	3.04650892202376	39
-22.7597426315315	3.04167029325513	39
-22.7473741658614	3.0368092353235	39
-22.7350040138533	3.03192574822886	39
-22.7226321755073	3.0270198319712	39
-22.7102586508232	3.02209148655054	39
-22.6978834398013	3.01714071196686	39
-22.6855065424413	3.01216750822018	39
-22.6731279587434	3.00717187531049	39
-22.6607476887075	3.00215381323779	39
-22.6483657323336	2.99711332200208	39
-22.6359820896218	2.99205040160335	39
-22.623596760572	2.98696505204162	39
-22.6112097451843	2.98185727331688	39
-22.5988210434585	2.97672706542913	39
-22.5864306553948	2.97157442837837	39
-22.5740385809932	2.9663993621646	39
-22.5616448202535	2.96120186678782	39
-22.5492493731759	2.95598194224803	39
-22.5368522397604	2.95073958854523	39
-22.5244534200068	2.94547480567942	39
-22.5120529139153	2.9401875936506	39
-22.4996507214858	2.93487795245878	39
-22.4872468427184	2.92954588210394	39
-22.474841277613	2.92419138258609	39
-22.4624340261696	2.91881445390523	39
-22.4500250883883	2.91341509606137	39
-22.437614464269	2.90799330905449	39
-22.4252021538117	2.9025490928846	39
-22.4127881570165	2.89708244755171	39
-22.4003724738832	2.8915933730558	39
-22.3879551044121	2.88608186939688	39
-22.3755360486029	2.88054793657496	39
-22.3631153064558	2.87499157459002	39
-22.3506928779707	2.86941278344208	39
-22.3382687631477	2.86381156313113	39
-22.3258429619866	2.85818791365716	39
-22.3134154744876	2.85254183502019	39
-22.3009863006507	2.8468733272202	39
-22.2885554404758	2.84118239025721	39
-22.2761228939629	2.83546902413121	39
-22.263688661112	2.82973322884219	39
-22.2512527419232	2.82397500439017	39
-22.2388151363964	2.81819435077514	39
-22.2263758445316	2.8123912679971	39
-22.2139348663289	2.80656575605605	39
-22.2014922017882	2.80071781495199	39
-22.1890478509095	2.79484744468492	39
-22.1766018136929	2.78895464525483	39
-22.1641540901383	2.78303941666174	39
-22.1517046802457	2.77710175890565	39
-22.1392535840152	2.77114167198654	39
-22.1268008014467	2.76515915590442	39
-22.1143463325402	2.75915421065929	39
-22.1018901772958	2.75312683625115	39
-22.0894323357133	2.74707703268	39
-22.076972807793	2.74100479994584	39
-22.0645115935346	2.73491013804867	39
-22.0520486929383	2.7287930469885	39
-22.039584106004	2.72265352676531	39
-22.0271178327318	2.71649157737911	39
-22.0146498731216	2.71030719882991	39
-22.0021802271734	2.70410039111769	39
-21.9897088948872	2.69787115424246	39
-21.9772358762631	2.69161948820423	39
-21.964761171301	2.68534539300298	39
-21.952284780001	2.67904886863873	39
-21.9398067023629	2.67272991511146	39
-21.9273269383869	2.66638853242119	39
-21.914845488073	2.6600247205679	39
-21.9023623514211	2.65363847955161	39
-21.8898775284312	2.64722980937231	39
-21.8773910191033	2.64079871002999	39
-21.8649028234375	2.63434518152467	39
-21.8524129414337	2.62786922385634	39
-21.8399213730919	2.62137083702499	39
-21.8274281184122	2.61485002103064	39
-21.8149331773945	2.60830677587328	39
-21.8024365500388	2.60174110155291	39
-21.7899382363452	2.59515299806953	39
-21.7774382363135	2.58854246542314	39
-21.764936549944	2.58190950361374	39
-21.7524331772364	2.57525411264133	39
-21.7399281181909	2.56857629250591	39
-21.7274213728074	2.56187604320747	39
-21.714912941086	2.55515336474604	39
-21.7024028230266	2.54840825712159	39
-21.6898910186292	2.54164072033413	39
-21.6773775278939	2.53485075438366	39
-21.6648623508205	2.52803835927018	39
-21.6523454874093	2.5212035349937	39
-21.63982693766	2.5143462815542	39
-21.6273067015728	2.50746659895169	39
-21.6147847791476	2.50056448718617	39
-21.6022611703844	2.49363994625764	39
-21.5897358752833	2.48669297616611	39
-21.5772088938442	2.47972357691156	39
-21.5646802260672	2.47273174849401	39
-21.5521498719521	2.46571749091344	39
-21.5396178314992	2.45868080416986	39
-21.5270841047082	2.45162168826328	39
-21.5145486915793	2.44454014319369	39
-21.5020115921124	2.43743616896108	39
-21.4894728063075	2.43030976556547	39
-21.4769323341647	2.42316093300684	39
-21.4643901756839	2.41598967128521	39
-21.4518463308651	2.40879598040057	39
-21.4393007997083	2.40157986035291	39
-21.4267535822136	2.39434131114225	39
-21.414204678381	2.38708033276858	39
-21.4016540882103	2.3797969252319	39
-21.3891018117017	2.37249108853221	39
-21.3765478488551	2.3651628226695	39
-21.3639921996706	2.35781212764379	39
-21.3514348641481	2.35043900345507	39
-21.3388758422876	2.34304345010334	39
-21.3263151340892	2.3356254675886	39
-21.3137527395527	2.32818505591085	39
-21.3011886586784	2.32072221507009	39
-21.288622891466	2.31323694506632	39
-21.2760554379157	2.30572924589954	39
-21.2634862980274	2.29819911756976	39
-21.2509154718011	2.29064656007696	39
-21.2383429592369	2.28307157342115	39
-21.2257687603347	2.27547415760233	39
-21.2131928750946	2.2678543126205	39
-21.2006153035164	2.26021203847567	39
-21.1880360456004	2.25254733516782	39
-21.1754551013463	2.24486020269696	39
-21.1628724707543	2.2371506410631	39
-21.1502881538243	2.22941865026622	39
-21.1377021505563	2.22166423030634	39
-21.1251144609504	2.21388738118344	39
-21.1125250850065	2.20608810289754	39
-21.0999340227246	2.19826639544862	39
-21.0873412741048	2.1904222588367	39
-21.074746839147	2.18255569306176	39
-21.0621507178512	2.17466669812382	39
-21.0495529102174	2.16675527402287	39
-21.0369534162457	2.1588214207589	39
-21.0243522359361	2.15086513833193	39
-21.0117493692884	2.14288642674195	39
-20.9991448163028	2.13488528598895	39
-20.9865385769792	2.12686171607295	39
-20.9739306513177	2.11881571699394	39
-20.9613210393182	2.11074728875192	39
-20.9487097409807	2.10265643134689	39
-20.9360967563052	2.09454314477885	39
-20.9234820852918	2.0864074290478	39
-20.9108657279404	2.07824928415374	39
-20.8982476842511	2.07006871009667	39
-20.8856279542237	2.06186570687658	39
-20.8730065378585	2.0536402744935	39
-20.8603834351552	2.0453924129474	39
-20.847758646114	2.03712212223829	39
-20.8351321707348	2.02882940236617	39
-20.8225040090176	2.02051425333104	39
-20.8098741609625	2.0121766751329	39
-20.7972426265694	2.00381666777176	39
-20.7846094058383	1.9954342312476	39
-20.7719744987693	1.98702936556043	39
-20.7593379053623	1.97860207071026	39
-20.7466996256173	1.97015234669707	39
-20.7340596595344	1.96168019352087	39
-20.7214180071135	1.95318561118167	39
-20.7087746683546	1.94466859967945	39
-20.6961296432578	1.93612915901423	39
-20.683482931823	1.92756728918599	39
-20.6708345340502	1.91898299019475	39
-20.6581844499394	1.91037626204049	39
-20.6455326794907	1.90174710472323	39
-20.6328792227041	1.89309551824295	39
-20.6202240795794	1.88442150259967	39
-20.6075672501168	1.87572505779338	39
-20.5949087343162	1.86700618382408	39
-20.5822485321777	1.85826488069176	39
-20.5695866437011	1.84950114839644	39
-20.5569230688867	1.84071498693811	39
-20.5442578077342	1.83190639631677	39
-20.5315908602438	1.82307537653242	39
-20.5189222264154	1.81422192758505	39
-20.506251906249	1.80534604947468	39
-20.4935798997447	1.79644774220131	39
-20.4809062069024	1.78752700576491	39
-20.4682308277222	1.77858384016551	39
-20.4555537622039	1.76961824540311	39
-20.4428750103477	1.76063022147769	39
-20.4301945721536	1.75161976838926	39
-20.4175124476214	1.74258688613782	39
-20.4048286367513	1.73353157472337	39
-20.3921431395433	1.72445383414591	39
-20.3794559559972	1.71535366440544	39
-20.3667670861132	1.70623106550197	39
-20.3540765298913	1.69708603743548	39
-20.3413842873313	1.68791858020598	39
-20.3286903584334	1.67872869381348	39
-20.3159947431975	1.66951637825796	39
-20.3032974416237	1.66028163353943	39
-20.2905984537119	1.6510244596579	39
-20.2778977794621	1.64174485661335	39
-20.2651954188744	1.6324428244058	39
-20.2524913719486	1.62311836303523	39
-20.239785638685	1.61377147250166	39
-20.2270782190833	1.60440215280508	39
-20.2143691131437	1.59501040394548	39
-20.2016583208661	1.58559622592288	39
-20.1889458422506	1.57615961873727	39
-20.176231677297	1.56670058238864	39
-20.1635158260055	1.55721911687701	39
-20.1507982883761	1.54771522220237	39
-20.1380790644087	1.53818889836472	39
-20.1253581541033	1.52864014536405	39
-20.1126355574599	1.51906896320038	39
-20.0999112744786	1.5094753518737	39
-20.0871853051593	1.49985931138401	39
-20.074457649502	1.49022084173131	39
-20.0617283075068	1.4805599429156	39
-20.0489972791736	1.47087661493688	39
-20.0362645645024	1.46117085779515	39
-20.0235301634933	1.45144267149041	39
-20.0107940761462	1.44169205602266	39
-19.9980563024611	1.4319190113919	39
-19.9853168424381	1.42212353759813	39
-19.9725756960771	1.41230563464136	39
-19.9598328633781	1.40246530252157	39
-19.9470883443412	1.39260254123877	39
-19.9343421389662	1.38271735079296	39
-19.9215942472534	1.37280973118415	39
-19.9088446692025	1.36287968241232	39
-19.8960934048137	1.35292720447748	39
-19.8833404540869	1.34295229737964	39
-19.8705858170222	1.33295496111878	39
-19.8578294936195	1.32293519569492	39
-19.8450714838788	1.31289300110804	39
-19.8323117878001	1.30282837735816	39
-19.8195504053835	1.29274132444526	39
-19.8067873366289	1.28263184236936	39
-19.7940225815364	1.27249993113044	39
-19.7812561401058	1.26234559072852	39
-19.7684880123373	1.25216882116359	39
-19.7557181982309	1.24196962243565	39
-19.7429466977865	1.23174799454469	39
-19.7301735110041	1.22150393749073	39
-19.7173986378837	1.21123745127376	39
-19.7046220784254	1.20094853589378	39
-19.6918438326291	1.19063719135078	39
-19.6790639004948	1.18030341764478	39
-19.6662822820226	1.16994721477577	39
-19.6534989772124	1.15956858274375	39
-19.6407139860642	1.14916752154872	39
-19.627927308578	1.13874403119068	39
-19.6151389447539	1.12829811166963	39
-19.6023488945919	1.11782976298557	39
-19.5895571580918	1.1073389851385	39
-19.5767637352538	1.09682577812842	39
-19.5639686260778	1.08629014195534	39
-19.5511718305639	1.07573207661924	39
-19.538373348712	1.06515158212013	39
-19.5255731805221	1.05454865845801	39
-19.5127713259943	1.04392330563289	39
-19.4999677851284	1.03327552364475	39
-19.4871625579247	1.0226053124936	39
-19.4743556443829	1.01191267217944	39
-19.4615470445032	1.00119760270228	39
-19.4487367582855	0.990460104062104	39
-19.4359247857298	0.979700176258918	39
-19.4231111268362	0.968917819292723	39
-19.4102957816046	0.958113033163517	39
-19.3974787500351	0.947285817871302	39
-19.3846600321275	0.936436173416078	39
-19.371839627882	0.925564099797845	39
-19.3590175372986	0.914669597016601	39
-19.3461937603771	0.903752665072346	39
-19.3333682971178	0.892813303965085	39
-19.3205411475204	0.881851513694811	39
-19.307712311585	0.870867294261529	39
-19.2948817893117	0.859860645665238	39
-19.2820495807005	0.848831567905934	39
-19.2692156857512	0.837780060983624	39
-19.256380104464	0.826706124898302	39
-19.2435428368389	0.815609759649972	39
-19.2307038828757	0.804490965238631	39
-19.2178632425746	0.79334974166428	39
-19.2050209159355	0.782186088926919	39
-19.1921769029585	0.77100000702655	39
-19.1793312036435	0.759791495963171	39
-19.1664838179905	0.74856055573678	39
-19.1536347459996	0.737307186347382	39
-19.1407839876706	0.726031387794974	39
-19.1279315430038	0.714733160079555	39
-19.1150774119989	0.703412503201127	39
-19.1022215946561	0.692069417159689	39
-19.0893640909753	0.680703901955241	39
-19.0765049009565	0.669315957587784	39
-19.0636440245998	0.657905584057318	39
-19.0507814619051	0.646472781363842	39
-19.0379172128725	0.635017549507355	39
-19.0250512775018	0.623539888487859	39
-19.0121836557932	0.612039798305354	39
-18.9993143477467	0.600517278959839	39
-18.9864433533622	0.588972330451313	39
-18.9735706726397	0.577404952779778	39
-18.9606963055792	0.565815145945233	39
-18.9478202521808	0.55420290994768	39
-18.9349425124444	0.542568244787117	39
-18.92206308637	0.530911150463543	39
-18.9091819739576	0.51923162697696	39
-18.8962991752073	0.507529674327366	39
-18.8834146901191	0.495805292514764	39
-18.8705285186928	0.484058481539153	39
-18.8576406609286	0.472289241400531	39
-18.8447511168264	0.460497572098897	39
-18.8318598863863	0.448683473634256	39
-18.8189669696082	0.436846946006606	39
-18.8060723664921	0.424987989215944	39
-18.7931760770381	0.413106603262275	39
-18.780278101246	0.401202788145594	39
-18.7673784391161	0.389276543865904	39
-18.7544770906481	0.377327870423204	39
-18.7415740558422	0.365356767817495	39
-18.7286693346983	0.353363236048776	39
-18.7157629272165	0.341347275117046	39
-18.7028548333966	0.329308885022309	39
-18.6899450532388	0.317248065764561	39
-18.6770335867431	0.305164817343803	39
-18.6641204339094	0.293059139760035	39
-18.6512055947377	0.280931033013258	39
-18.638289069228	0.26878049710347	39
-18.6253708573804	0.256607532030674	39
-18.6124509591948	0.244412137794868	39
-18.5995293746712	0.232194314396053	39
-18.5866061038097	0.219954061834226	39
-18.5736811466102	0.207691380109391	39
-18.5607545030727	0.195406269221546	39
-18.5478261731973	0.183098729170691	39
-18.5348961569839	0.170768759956827	39
-18.5219644544325	0.158416361579952	39
-18.5090310655432	0.146041534040068	39
-18.4960959903159	0.133644277337175	39
-18.4831592287506	0.121224591471272	39
-18.4702207808473	0.108782476442358	39
-18.4572806466061	0.0963179322504351	39
-18.4443388260269	0.0838309588955024	39
-18.4313953191098	0.0713215563775602	39
-18.4184501258547	0.0587897246966094	39
-18.4055032462616	0.0462354638526481	39
-18.3925546803305	0.0336587738456755	39
-18.3796044280615	0.0210596546756943	39
-18.3666524894545	0.00843810634270437	39
-18.3536988645096	-0.00420587115329507	39
-18.3407435532267	-0.0168722778123067	39
-18.3277865556058	-0.0295611136343261	39
-18.3148278716469	-0.0422723786193551	39
-18.3018675013501	-0.0550060727673944	39
-18.2889054447153	-0.0677621960784429	39
-18.2759417017425	-0.0805407485525027	39
-18.2629762724318	-0.0933417301895707	39
-18.2500091567831	-0.106165140989648	39
-18.2370403547964	-0.119010980952735	39
-18.2240698664718	-0.131879250078832	39
-18.2110976918092	-0.14476994836794	39
-18.1981238308086	-0.157683075820057	39
-18.1851482834701	-0.170618632435183	39
-18.1721710497936	-0.183576618213319	39
-18.1591921297791	-0.196557033154464	39
-18.1462115234267	-0.209559877258621	39
-18.1332292307363	-0.222585150525786	39
-18.1202452517079	-0.235632852955961	39
-18.1072595863416	-0.248702984549146	39
-18.0942722346373	-0.261795545305339	39
-18.081283196595	-0.274910535224544	39
-18.0682924722147	-0.288047954306758	39
-18.0553000614965	-0.301207802551982	39
-18.0423059644403	-0.314390079960214	39
-18.0293101810462	-0.327594786531456	39
-18.0163127113141	-0.34082192226571	39
-18.003313555244	-0.354071487162972	39
-17.9903127128359	-0.367343481223244	39
-17.9773101840899	-0.380637904446525	39
-17.9643059690059	-0.393954756832817	39
-17.951300067584	-0.407294038382119	39
-17.938292479824	-0.420655749094429	39
-17.9252832057262	-0.434039888969749	39
-17.9122722452903	-0.447446458008079	39
-17.8992595985165	-0.460875456209418	39
-17.8862452654047	-0.47432688357377	39
-17.8732292459549	-0.487800740101128	39
-17.8602115401672	-0.501297025791497	39
-17.8471921480415	-0.514815740644876	39
-17.8341710695778	-0.528356884661264	39
-17.8211483047762	-0.541920457840663	39
-17.8081238536366	-0.55550646018307	39
-17.795097716159	-0.569114891688487	39
-17.7820698923435	-0.582745752356914	39
-17.7690403821899	-0.59639904218835	39
-17.7560091856985	-0.610074761182798	39
-17.742976302869	-0.623772909340255	39
-17.7299417337016	-0.63749348666072	39
-17.7169054781962	-0.651236493144195	39
-17.7038675363529	-0.665001928790681	39
-17.6908279081716	-0.678789793600176	39
-17.6777865936523	-0.692600087572681	39
-17.6647435927951	-0.706432810708195	39
-17.6516989055998	-0.72028796300672	39
-17.6386525320667	-0.734165544468253	39
-17.6256044721955	-0.748065555092798	39
-17.6125547259864	-0.761987994880351	39
-17.5995032934393	-0.775932863830913	39
-17.5864501745542	-0.789900161944486	39
-17.5733953693312	-0.803889889221067	39
-17.5603388777702	-0.817902045660661	39
-17.5472806998713	-0.831936631263263	39
-17.5342208356343	-0.845993646028874	39
-17.5211592850594	-0.860073089957495	39
-17.5080960481466	-0.874174963049127	39
-17.4950311248957	-0.888299265303767	39
-17.4819645153069	-0.902445996721417	39
-17.4688962193802	-0.916615157302077	39
-17.4558262371154	-0.930806747045746	39
-17.4427545685127	-0.945020765952426	39
-17.4296812135721	-0.959257214022116	39
-17.4166061722934	-0.973516091254814	39
-17.4035294446768	-0.987797397650521	39
-17.3904510307223	-1.00210113320924	39
-17.3773709304297	-1.01642729793097	39
-17.3642891437992	-1.03077589181571	39
-17.3512056708307	-1.04514691486345	39
-17.3381205115243	-1.05954036707421	39
-17.3250336658799	-1.07395624844798	39
-17.3119451338975	-1.08839455898475	39
-17.2988549155771	-1.10285529868454	39
-17.2857630109188	-1.11733846754733	39
-17.2726694199225	-1.13184406557314	39
-17.2595741425883	-1.14637209276195	39
-17.2464771789161	-1.16092254911378	39
-17.2333785289059	-1.17549543462862	39
-17.2202781925577	-1.19009074930646	39
-17.2071761698716	-1.20470849314731	39
-17.1940724608475	-1.21934866615118	39
-17.1809670654854	-1.23401126831805	39
-17.1678599837854	-1.24869629964793	39
-17.1547512157474	-1.26340376014083	39
-17.1416407613715	-1.27813364979673	39
-17.1285286206575	-1.29288596861564	39
-17.1154147936056	-1.30766071659756	39
-17.1022992802158	-1.3224578937425	39
-17.0891820804879	-1.33727750005044	39
-17.0760631944221	-1.35211953552139	39
-17.0629426220184	-1.36698400015535	39
-17.0498203632766	-1.38187089395232	39
-17.0366964181969	-1.3967802169123	39
-17.0235707867792	-1.41171196903529	39
-17.0104434690236	-1.42666615032129	39
-16.99731446493	-1.4416427607703	39
-16.9841837744984	-1.45664180038232	39
-16.9710513977289	-1.47166326915734	39
-16.9579173346214	-1.48670716709538	39
-16.9447815851759	-1.50177349419643	39
-16.9316441493924	-1.51686225046049	39
-16.918505027271	-1.53197343588756	39
-16.9053642188116	-1.54710705047763	39
-16.8922217240143	-1.56226309423072	39
-16.879077542879	-1.57744156714682	39
-16.8659316754057	-1.59264246922592	39
-16.8527841215944	-1.60786580046804	39
-16.8396348814452	-1.62311156087316	39
-16.826483954958	-1.6383797504413	39
-16.8133313421328	-1.65367036917244	39
-16.8001770429697	-1.6689834170666	39
-16.7870210574686	-1.68431889412376	39
-16.7738633856296	-1.69967680034394	39
-16.7607040274525	-1.71505713572712	39
-16.7475429829375	-1.73045990027331	39
-16.7343802520846	-1.74588509398252	39
-16.7212158348936	-1.76133271685473	39
-16.7080497313647	-1.77680276888995	39
-16.6948819414979	-1.79229525008819	39
-16.681712465293	-1.80781016044943	39
-16.6685413027502	-1.82334749997368	39
-16.6553684538694	-1.83890726866094	39
-16.6421939186507	-1.85448946651121	39
-16.629017697094	-1.87009409352449	39
-16.6158397891993	-1.88572114970078	39
-16.6026601949667	-1.90137063504008	39
-16.5894789143961	-1.91704254954239	39
-16.5762959474875	-1.93273689320771	39
-16.5631112942409	-1.94845366603604	39
-16.5499249546564	-1.96419286802738	39
-16.5367369287339	-1.97995449918173	39
-16.5235472164735	-1.99573855949909	39
-16.5103558178751	-2.01154504897946	39
-16.4971627329387	-2.02737396762283	39
-16.4839679616643	-2.04322531542922	39
-16.470771504052	-2.05909909239862	39
-16.4575733601017	-2.07499529853103	39
-16.4443735298135	-2.09091393382644	39
-16.4311720131872	-2.10685499828487	39
-16.417968810223	-2.1228184919063	39
-16.4047639209209	-2.13880441469075	39
-16.3915573452808	-2.15481276663821	39
-16.3783490833027	-2.17084354774867	39
-16.3651391349866	-2.18689675802214	39
-16.3519275003326	-2.20297239745863	39
-16.3387141793406	-2.21907046605812	39
-16.3254991720106	-2.23519096382063	39
-16.3122824783426	-2.25133389074614	39
-16.2990640983367	-2.26749924683466	39
-16.2858440319929	-2.2836870320862	39
-16.272622279311	-2.29989724650074	39
-16.2593988402912	-2.31612989007829	39
-16.2461737149334	-2.33238496281885	39
-16.2329469032377	-2.34866246472243	39
-16.219718405204	-2.36496239578901	39
-16.2064882208323	-2.3812847560186	39
-16.1932563501227	-2.3976295454112	39
-16.1800227930751	-2.41399676396681	39
-16.1667875496895	-2.43038641168543	39
-16.1535506199659	-2.44679848856706	39
-16.1403120039044	-2.4632329946117	39
-16.1270717015049	-2.47968992981935	39
-16.1138297127675	-2.49616929419001	39
-16.100586037692	-2.51267108772368	39
-16.0873406762787	-2.52919531042036	39
-16.0740936285273	-2.54574196228005	39
-16.060844894438	-2.56231104330274	39
-16.0475944740107	-2.57890255348845	39
-16.0343423672454	-2.59551649283717	39
-16.0210885741422	-2.61215286134889	39
-16.007833094701	-2.62881165902363	39
-15.9945759289218	-2.64549288586138	39
-15.9813170768047	-2.66219654186213	39
-15.9680565383496	-2.6789226270259	39
-15.9547943135565	-2.69567114135267	39
-15.9415304024255	-2.71244208484246	39
-15.9282648049565	-2.72923545749526	39
-15.9149975211495	-2.74605125931106	39
-15.9017285510046	-2.76288949028987	39
-15.8884578945217	-2.7797501504317	39
-15.8751855517008	-2.79663323973653	39
-15.8619115225419	-2.81353875820438	39
-15.8486358070451	-2.83046670583523	39
-15.8353584052104	-2.84741708262909	39
-15.8220793170376	-2.86438988858597	39
-15.8087985425269	-2.88138512370585	39
-15.7955160816782	-2.89840278798874	39
-15.7822319344916	-2.91544288143464	39
-15.7689461009669	-2.93250540404355	39
-15.7556585811044	-2.94959035581547	39
-15.7423693749038	-2.9666977367504	39
-15.7290784823653	-2.98382754684834	39
-15.7157859034888	-3.00097978610929	39
-15.7024916382743	-3.01815445453325	39
-15.6891956867219	-3.03535155212022	39
-15.6758980488315	-3.0525710788702	39
-15.6625987246032	-3.06981303478319	39
-15.6492977140368	-3.08707741985919	39
-15.6359950171325	-3.1043642340982	39
-15.6226906338903	-3.12167347750022	39
-15.60938456431	-3.13900515006524	39
-15.5960768083918	-3.15635925179328	39
-15.5827673661357	-3.17373578268433	39
-15.5694562375415	-3.19113474273838	39
-15.5561434226094	-3.20855613195545	39
-15.5428289213394	-3.22599995033553	39
-15.5295127337313	-3.24346619787861	39
-15.5161948597853	-3.26095487458471	39
-15.5028752995013	-3.27846598045381	39
-15.4895540528794	-3.29599951548593	39
-15.4762311199195	-3.31355547968106	39
-15.4629065006216	-3.33113387303919	39
-15.4495801949858	-3.34873469556033	39
-15.436252203012	-3.36635794724449	39
-15.4229225247002	-3.38400362809165	39
-15.4095911600504	-3.40167173810182	39
-15.3962581090627	-3.41936227727501	39
-15.382923371737	-3.4370752456112	39
-15.3695869480734	-3.4548106431104	39
-15.3562488380718	-3.47256846977261	39
-15.3429090417322	-3.49034872559784	39
-15.3295675590546	-3.50815141058607	39
-15.3162243900391	-3.52597652473731	39
-15.3028795346856	-3.54382406805156	39
-15.2895329929941	-3.56169404052882	39
-15.2761847649647	-3.57958644216909	39
-15.2628348505973	-3.59750127297237	39
-15.2494832498919	-3.61543853293866	39
-15.2361299628486	-3.63339822206796	39
-15.2227749894673	-3.65138034036027	39
-15.209418329748	-3.66938488781559	39
-15.1960599836908	-3.68741186443392	39
-15.1826999512956	-3.70546127021525	39
-15.1693382325624	-3.7235331051596	39
-15.1559748274913	-3.74162736926696	39
-15.1426097360822	-3.75974406253733	39
-15.1292429583351	-3.7778831849707	39
-15.1158744942501	-3.79604473656709	39
-15.1025043438271	-3.81422871732648	39
-15.0891325070661	-3.83243512724889	39
-15.0757589839671	-3.85066396633431	39
-15.0623837745302	-3.86891523458273	39
-15.0490068787554	-3.88718893199417	39
-15.0356282966425	-3.90548505856861	39
-15.0222480281917	-3.92380361430607	39
-15.0088660734029	-3.94214459920653	39
-14.9954824322761	-3.96050801327001	39
-14.9820971048114	-3.97889385649649	39
-14.9687100910087	-3.99730212888598	39
-14.9553213908681	-4.01573283043849	39
-14.9419310043895	-4.034185961154	39
-14.9285389315729	-4.05266152103252	39
-14.9151451724183	-4.07115951007405	39
-14.9017497269258	-4.0896799282786	39
-14.8883525950953	-4.10822277564615	39
-14.8749537769268	-4.12678805217671	39
-14.8615532724204	-4.14537575787028	39
-14.848151081576	-4.16398589272686	39
-14.8347472043936	-4.18261845674645	39
-14.8213416408733	-4.20127344992905	39
-14.807934391015	-4.21995087227466	39
-14.7945254548187	-4.23865072378328	39
-14.7811148322845	-4.25737300445491	39
-14.7677025234123	-4.27611771428955	39
-14.7542885282021	-4.2948848532872	39
-14.740872846654	-4.31367442144785	39
-14.7274554787679	-4.33248641877152	39
-14.7140364245438	-4.3513208452582	39
-14.7006156839817	-4.37017770090789	39
-14.6871932570817	-4.38905698572058	39
-14.6737691438437	-4.40795869969629	39
-14.6671362062454	-4.4171189630459	39
-14.6603317903011	-4.42615257857207	39
-14.6533583135875	-4.43505633667423	39
-14.6462182537475	-4.44382707388951	39
-14.6389141476106	-4.45246167401676	39
-14.6314485902907	-4.46095706922365	39
-14.6238242342649	-4.46931024113672	39
-14.6160437884306	-4.47751822191377	39
-14.608110017143	-4.4855780952983	39
-14.6000257392335	-4.49348699765569	39
-14.5917938270074	-4.50124211899059	39
-14.5834172052239	-4.50884070394531	39
-14.5748988500569	-4.51628005277879	39
-14.5662417880374	-4.52355752232583	39
-14.5574490949783	-4.53067052693614	39
-14.5485238948816	-4.53761653939306	39
-14.5394693588284	-4.54439309181143	39
-14.5302887038523	-4.55099777651445	39
-14.5209851917962	-4.55742824688909	39
-14.5115621281536	-4.56368221821984	39
-14.5020228608943	-4.56975746850048	39
-14.4923707792744	-4.5756518392235	39
-14.4826093126326	-4.58136323614706	39
-14.4727419291715	-4.58688963003902	39
-14.4627721347254	-4.59222905739794	39
-14.4527034715149	-4.59737962115072	39
-14.4425395168881	-4.60233949132656	39
-14.4322838820496	-4.60710690570723	39
-14.4219402107777	-4.61168017045309	39
-14.4115121781295	-4.61605766070495	39
-14.4010034891353	-4.62023782116136	39
-14.3904178774823	-4.62421916663123	39
-14.379759104188	-4.62800028256146	39
-14.3690309562637	-4.63157982553957	39
-14.3582372453694	-4.63495652377099	39
-14.347381806459	-4.63812917753091	39
-14.3364684964183	-4.64109665959055	39
-14.3255011926945	-4.64385791561767	39
-14.3144837919183	-4.64641196455115	39
-14.3034202085198	-4.64875789894958	39
-14.2923143733375	-4.65089488531361	39
-14.2811702322217	-4.65282216438219	39
-14.2699917446326	-4.65453905140222	39
-14.2587828822338	-4.65604493637193	39
-14.2475476274807	-4.65733928425756	39
-14.2362899722057	-4.65842163518347	39
-14.2250139162001	-4.65929160459553	39
-14.2137234657931	-4.65994888339774	39
-14.2024226324278	-4.66039323806208	39
-14.1911154312366	-4.66062451071145	39
-14.1798058796141	-4.66064261917579	39
-14.1684979957903	-4.66044755702123	39
-14.1571957974024	-4.66003939355244	39
-14.1459033000676	-4.65941827378796	39
-14.1346245159565	-4.65858441840866	39
-14.1233634523675	-4.65753812367942	39
-14.1121241103027	-4.65627976134374	39
-14.1009104830468	-4.6548097784918	39
-14.0897265547484	-4.65312869740148	39
-14.0785762990037	-4.6512371153529	39
-14.0674636774457	-4.64913570441616	39
-14.0563926383357	-4.64682521121255	39
-14.0453671151614	-4.6443064566493	39
-14.0343910252386	-4.64158033562793	39
-14.0234682683197	-4.63864781672624	39
-14.0126027252083	-4.63550994185424	39
-14.0017982563802	-4.63216782588393	39
-13.9910587006116	-4.6286226562532	39
-13.9803878736156	-4.62487569254394	39
-13.9697895666861	-4.62092826603452	39
-13.9592675453513	-4.61678177922677	39
-13.9488255480351	-4.61243770534772	39
-13.9384672847296	-4.60789758782613	39
-13.9281964356762	-4.60316303974413	39
-13.9180166500588	-4.59823574326413	39
-13.9079315447068	-4.59311744903108	39
-13.89794470281	-4.58780997555057	39
-13.8880596726459	-4.58231520854265	39
-13.8782799663185	-4.57663510027187	39
-13.868609058511	-4.57077166885366	39
-13.8590503852508	-4.56472699753727	39
-13.8496073426891	-4.55850323396565	39
-13.8402832858939	-4.55210258941236	39
-13.8310815276582	-4.54552733799592	39
-13.8220053373229	-4.53877981587187	39
-13.8130579396152	-4.53186242040267	39
-13.8042425135029	-4.52477760930601	39
-13.7955621910648	-4.51752789978153	39
-13.7870200563783	-4.51011586761649	39
-13.7786191444232	-4.50254414627065	39
-13.7703624400034	-4.49481542594054	39
-13.7622528766866	-4.48693245260369	39
-13.7542933357622	-4.47889802704299	39
-13.7464866452172	-4.47071500385158	39
-13.7388355787314	-4.46238629041865	39
-13.7313428546924	-4.45391484589642	39
-13.7240111352294	-4.44530368014878	39
-13.7168430252674	-4.43655585268193	39
-13.7098410716017	-4.4276744715573	39
-13.7030077619931	-4.41866269228733	39
-13.696345524284	-4.40952371671428	39
-13.6898567255357	-4.40026079187265	39
-13.6835436711875	-4.39087720883554	39
-13.6774086042376	-4.38137630154531	39
-13.671453704446	-4.37176144562908	39
-13.6656810875603	-4.36203605719938	39
-13.6600928045638	-4.35220359164041	39
-13.6546908409468	-4.34226754238037	39
-13.6494771160013	-4.33223143965024	39
-13.6444534821388	-4.32209884922954	39
-13.6396217242327	-4.3118733711794	39
-13.6349835589834	-4.30155863856347	39
-13.6305406343091	-4.29115831615714	39
-13.6262945287596	-4.28067609914545	39
-13.6222467509561	-4.27011571181017	39
-13.6183987390548	-4.25948090620665	39
-13.6147518602359	-4.24877546083069	39
-13.6113074102181	-4.23800317927603	39
-13.6080666127982	-4.22716788888304	39
-13.605030619416	-4.21627343937879	39
-13.6022005087455	-4.20532370150931	39
-13.5995772863115	-4.19432256566434	39
-13.5971618841326	-4.18327394049505	39
-13.5949551603895	-4.17218175152536	39
-13.5929578991208	-4.1610499397572	39
-13.5911708099438	-4.14988246027027	39
-13.5895945278028	-4.13868328081686	39
-13.5882296127434	-4.12745638041212	39
-13.5870765497133	-4.11620574792028	39
-13.5861357483905	-4.10493538063752	39
-13.5854075430371	-4.09364928287165	39
-13.5848921923809	-4.08235146451947	39
-13.5845898795237	-4.07104593964206	39
-13.5845007118758	-4.05973672503855	39
-13.584624721118	-4.04842783881906	39
-13.5849618631904	-4.03712329897701	39
-13.585512018308	-4.02582712196158	39
-13.5862749910034	-4.01454332125066	39
-13.587250510196	-4.00327590592493	39
-13.5884382292884	-3.9920288792434	39
-13.5898377262897	-3.9808062372211	39
-13.5914485039653	-3.96961196720929	39
-13.5932699900136	-3.95845004647881	39
-13.5953015372692	-3.94732444080695	39
-13.5975424239331	-3.93623910306843	39
-13.5999918538288	-3.92519797183095	39
-13.6026489566858	-3.91420496995588	39
-13.6055127884478	-3.90326400320444	39
-13.6085823316092	-3.89237895885002	39
-13.6118564955759	-3.88155370429704	39
-13.615334117053	-3.8707920857069	39
-13.6190139604582	-3.86009792663145	39
-13.6228947183605	-3.84947502665448	39
-13.6269750119453	-3.83892716004178	39
-13.6312533915036	-3.82845807440012	39
-13.6357283369476	-3.81807148934578	39
-13.6403982583504	-3.80777109518298	39
-13.6452614965113	-3.79756055159272	39
-13.6503163235447	-3.78744348633251	39
-13.6555609434949	-3.77742349394748	39
-13.6609934929732	-3.76750413449319	39
-13.6666120418207	-3.75768893227084	39
-13.6724145937937	-3.74798137457503	39
-13.6783990872733	-3.7383849104548	39
-13.6845633959972	-3.72890294948815	39
-13.6909053298161	-3.71953886057066	39
-13.6966580257442	-3.71135192383692	39
-13.702592440963	-3.70298849419589	39
-13.7084947257695	-3.69467034948443	39
-13.7154303265358	-3.68489594981291	39
-13.7222329834176	-3.67530891689601	39
-13.7306413906221	-3.66345889936505	39
-13.7372458489359	-3.65415120575861	39
-13.7447251985869	-3.64361053219625	39
-13.7531447967903	-3.63174477348185	39
-13.7625699732966	-3.61846186366207	39
-13.7730656995846	-3.6036702422758	39
-13.7846962580546	-3.58727932060364	39
-13.7909569177783	-3.57845619363723	39
-13.7975249112207	-3.56919994791733	39
-13.8044079325658	-3.55949974078309	39
-13.8116135709038	-3.54934487772927	39
-13.8191492998937	-3.53872482697656	39
-13.8270224674248	-3.5276292340419	39
-13.83524028528	-3.5160479363087	39
-13.843809818797	-3.50397097759723	39
-13.8527379765316	-3.49138862273484	39
-13.8620314999191	-3.47829137212629	39
-13.8716969529373	-3.46466997632405	39
-13.8817407117682	-3.45051545059857	39
-13.8921689544606	-3.4358190895086	39
-13.9029876505924	-3.42057248147148	39
-13.9142025509326	-3.40476752333343	39
-13.9258191771039	-3.38839643493985	39
-13.9378428112446	-3.37145177370561	39
-13.9502784856715	-3.35392644918536	39
-13.9631309725413	-3.3358137376438	39
-13.9764047735138	-3.31710729662601	39
-13.9901041094135	-3.2978011795277	39
-14.004232909892	-3.27788985016557	39
-14.0187948030907	-3.25736819734754	39
-14.0337931053026	-3.23623154944308	39
-14.0492308106345	-3.21447568895351	39
-14.06511058067	-3.19209686708228	39
-14.0814347341309	-3.16909181830526	39
-14.0982052365401	-3.14545777494106	39
-14.1154236898836	-3.12119248172126	39
-14.1330913225925	-3.09629420990985	39
-14.151208984406	-3.07076176454274	39
-14.169777149933	-3.04459447940364	39
-14.1887959245914	-3.01779220864856	39
-14.2082650505961	-2.99035531836206	39
-14.2281839129468	-2.96228467811341	39
-14.2485515454155	-2.93358165251286	39
-14.2693666365346	-2.90424809276785	39
-14.2906275355845	-2.87428632823921	39
-14.3123322585816	-2.84369915799742	39
-14.3344784942657	-2.81248984237877	39
-14.3570636100881	-2.78066209454163	39
-14.3800846581994	-2.74822007202266	39
-14.4035383814372	-2.71516836829301	39
-14.4274212193138	-2.68151200431456	39
-14.451729314004	-2.64725642009613	39
-14.476458516333	-2.61240746624971	39
-14.5016043917644	-2.57697139554666	39
-14.5271622263872	-2.54095485447395	39
-14.5531270329047	-2.50436487479037	39
-14.5794935566212	-2.46720886508275	39
-14.6062562814307	-2.42949460232218	39
-14.6334094358038	-2.39123022342025	39
-14.6609469987765	-2.35242421678521	39
-14.688862705937	-2.31308541387828	39
-14.7171500554142	-2.27322298076978	39
-14.745802313865	-2.23284640969542	39
-14.7748125224625	-2.19196551061246	39
-14.8041735028835	-2.15059040275599	39
-14.8338778632964	-2.1087315061951	39
-14.8639180043489	-2.06639953338914	39
-14.894286125156	-2.02360548074388	39
-14.9249742292875	-1.98036062016782	39
-14.9559741307559	-1.93667649062832	39
-14.9872774600043	-1.89256488970788	39
-15.018875669894	-1.84803786516032	39
-15.0507600416926	-1.80310770646705	39
-15.0829216910612	-1.75778693639321	39
-15.1153515740429	-1.71208830254399	39
-15.1480404930501	-1.66602476892075	39
-15.1809791028524	-1.61960950747732	39
-15.2141579165643	-1.57285588967619	39
-15.2475673116335	-1.5257774780447	39
-15.2811975358279	-1.4783880177313	39
-15.3150387132239	-1.43070142806176	39
-15.349080850194	-1.38273179409541	39
-15.3833138413948	-1.33449335818127	39
-15.4177274757545	-1.28600051151439	39
-15.4523114424608	-1.23726778569202	39
-15.4870553369488	-1.18830984426979	39
-15.5219486668886	-1.13914147431799	39
-15.5569808581733	-1.08977757797776	39
-15.5921412609066	-1.04023316401732	39
-15.6274191553905	-0.990523339388164	39
-15.6628037581135	-0.940663300781318	39
-15.6982842277379	-0.890668326183542	39
-15.7338496710879	-0.840553766433555	39
-15.7694891491374	-0.790335036778229	39
-15.8051916829976	-0.74002760842885	39
-15.8409462599047	-0.689647000117311	39
-15.876741839208	-0.639208769652343	39
-15.9125673583577	-0.588728505475714	39
-15.9484117388923	-0.538221818218488	39
-15.9842638924266	-0.487704332257203	39
-16.0201127266392	-0.437191677271339	39
-16.0559471512524	-0.386699479814749	39
-16.0917560840041	-0.336243354907253	39
-16.1275284566165	-0.285838897630643	39
-16.163253220765	-0.235501674724707	39
-16.1989193540472	-0.185247216183321	39
-16.2345158659524	-0.135091006850468	39
-16.2700318038299	-0.0850484780163088	39
-16.3054562588587	-0.0351349990131826	39
-16.3407783720161	0.0146341311882683	39
-16.3759873400468	0.0642436923831013	39
-16.4110724214318	0.113678551536005	39
-16.4460229423579	0.162923671185269	39
-16.4808283026862	0.211964117846703	39
-16.5154779819211	0.260785070417607	39
-16.5499615451799	0.309371828580723	39
-16.5842686491612	0.357709821208187	39
-16.6183890481143	0.405784614765455	39
-16.6523125998078	0.453581921715279	39
-16.6860292714992	0.501087608921659	39
-16.7195291459034	0.548287706053771	39
-16.7528024271621	0.595168413989936	39
-16.7858394468125	0.641716113221556	39
-16.8186306697565	0.687917372257091	39
-16.8511667002298	0.733758956025971	39
-16.8834382877706	0.779227834282583	39
-16.915436333189	0.824311190010189	39
-16.9471518945357	0.868996427824907	39
-16.9785761930713	0.913271182379636	39
-17.009700619235	0.957123326768013	39
-17.0405167386139	1.00054098092839	39
-17.0710162979119	1.04351252004773	39
-17.1011912309187	1.08602658296561	39
-17.1310336644789	1.12807208057812	39
-17.160535924461	1.16963820424191	39
-17.1896905417262	1.210714434178	39
-17.2184902580977	1.25129054787584	39
-17.2469280323298	1.29135662849721	39
-17.2749970460764	1.33090307328021	39
-17.3026907098607	1.36992060194315	39
-17.3300026690435	1.40840026508856	39
-17.356926809793	1.4463334526071	39
-17.3834572650531	1.48371190208154	39
-17.4095884205129	1.52052770719069	39
-17.4353149205754	1.55677332611334	39
-17.4606316743268	1.59244158993225	39
-17.4855338615054	1.62752571103808	39
-17.5100169384705	1.66201929153331	39
-17.5340766441715	1.69591633163623	39
-17.5577090061171	1.7292112380849	39
-17.580910346344	1.76189883254104	39
-17.6036772873861	1.79397435999405	39
-17.6260067582436	1.8254334971649	39
-17.6478960003519	1.85627236091015	39
-17.6693425735504	1.88648751662581	39
-17.690344362052	1.91607598665138	39
-17.7108995804118	1.94503525867374	39
-17.7310067794962	1.97336329413112	39
-17.7506648524518	2.00105853661706	39
-17.7698730406746	2.02811992028434	39
-17.788630939779	2.05454687824896	39
-17.8069385055666	2.08033935099405	39
-17.8247960599956	2.10549779477385	39
-17.8422042971478	2.13002319001536	39
-17.8591642884424	2.15391704865863	39
-17.8756774813148	2.17718141229229	39
-17.891745690225	2.19981883948837	39
-17.9073710863578	2.22183239129209	39
-17.922556187312	2.24322561669837	39
-17.937303846791	2.26400253812825	39
-17.9516172442919	2.28416763690542	39
-17.9654998747962	2.30372583873264	39
-17.9789555384591	2.32268249916826	39
-17.9919883302995	2.34104338910266	39
-18.0046026298902	2.35881468023473	39
-18.0168030910474	2.37600293054837	39
-18.0285946315209	2.39261506978891	39
-18.0399824226837	2.40865838493963	39
-18.0509718792221	2.42414050569822	39
-18.0615686488256	2.43906938995324	39
-18.0717786018767	2.45345330926061	39
-18.0816078211407	2.46730083432008	39
-18.0910625914559	2.48062082045167	39
-18.1001493894231	2.49342239307222	39
-18.1088748730958	2.50571493317177	39
-18.1172458716699	2.5175080627901	39
-18.1252693751738	2.52881163049318	39
-18.1329525241581	2.53963569684964	39
-18.1403025993855	2.54999051990725	39
-18.1473270115208	2.55988654066938	39
-18.1540332908207	2.56933436857149	39
-18.1604290768236	2.57834476695761	39
-18.16652210804	2.58692863855678	39
-18.1723202116415	2.59509701095954	39
-18.1830633261349	2.61023190570438	39
-18.1927224191267	2.62383961725255	39
-18.2013622481781	2.63601137994274	39
-18.2090479996659	2.64683903163912	39
-18.2158449588582	2.6564145489784	39
-18.2218181799917	2.66482958261704	39
-18.2293743473057	2.67547465162967	39
-18.2354355635332	2.6840136383793	39
-18.2415473704664	2.69262389079602	39
-18.2474183474166	2.70089485951694	39
-18.2532221656876	2.70907121388809	39
-18.2591619432048	2.71743891218373	39
-18.2652266158753	2.72597618863136	39
-18.2716678001519	2.73502622847821	39
-18.2776703925057	2.74344042229572	39
-18.2850467997654	2.75375308440521	39
-18.2920651914438	2.7635372140173	39
-18.2980468895296	2.77185489736291	39
-18.3046923207904	2.78107311186089	39
-18.3120457688748	2.7912466391897	39
-18.3201520800315	2.8024300109722	39
-18.3290565538832	2.81467728786993	39
-18.3354588227709	2.82345958763116	39
-18.3422496985004	2.83275406904678	39
-18.3494427996723	2.8425761194165	39
-18.3570517625238	2.8529408875583	39
-18.3650902265451	2.863863254718	39
-18.3735718200957	2.87535780547878	39
-18.3825101460205	2.88743879867072	39
-18.3919187672665	2.90012013828033	39
-18.4018111924986	2.91341534436012	39
-18.4122008617161	2.92733752393807	39
-18.423101131869	2.94189934192724	39
-18.4345252624743	2.95711299203526	39
-18.446486401232	2.9729901676739	39
-18.4526724232097	2.98118108779974	39
-18.4589975696418	2.98954203286856	39
-18.4654634461372	2.99807431089429	39
-18.4720716486192	3.00677919316786	39
-18.4788237628761	3.01565791334821	39
-18.4857213641116	3.02471166655314	39
-18.4927660164957	3.03394160845029	39
-18.4999592727148	3.04334885434802	39
-18.5073026735223	3.05293447828635	39
-18.5147977472892	3.0626995121279	39
-18.5224460095546	3.07264494464879	39
-18.5302489625762	3.08277172062956	39
-18.5382080948806	3.09308073994612	39
-18.5463248808142	3.10357285666063	39
-18.5546007800934	3.11424887811249	39
-18.5630372373552	3.12510956400918	39
-18.5716356817077	3.13615562551725	39
-18.5803975262807	3.14738772435321	39
-18.5893241677762	3.15880647187446	39
-18.5984169860185	3.17041242817022	39
-18.6076773435056	3.18220610115246	39
-18.6171065849586	3.19418794564676	39
-18.6267060368731	3.20635836248334	39
-18.6364770070694	3.21871769758791	39
-18.6464207842427	3.23126624107259	39
-18.6565386375143	3.24400422632687	39
-18.6668318159813	3.25693182910851	39
-18.6773015482678	3.27004916663447	39
-18.6879490420749	3.28335629667183	39
-18.6987754837317	3.29685321662872	39
-18.7097820377453	3.31053986264523	39
-18.7209698463517	3.32441610868435	39
-18.732340029066	3.33848176562287	39
-18.7438936822332	3.35273658034232	39
-18.7556318785785	3.3671802348199	39
-18.767555666758	3.38181234521939	39
-18.779666070909	3.39663246098207	39
-18.7919640902005	3.41164006391764	39
-18.8044506983839	3.42683456729517	39
-18.8171268433436	3.442215314934	39
-18.829993446647	3.45778158029466	39
-18.8430514030955	3.47353256556981	39
-18.8563015802749	3.48946740077515	39
-18.8697448181058	3.50558514284034	39
-18.8833819283941	3.52188477469995	39
-18.8972136943816	3.53836520438433	39
-18.9112408702964	3.5550252641106	39
-18.9254641809038	3.57186370937352	39
-18.9398843210562	3.58887921803643	39
-18.9545019552438	3.60607038942219	39
-18.9693177171457	3.62343574340409	39
-18.9843322091794	3.64097371949673	39
-18.999546002052	3.65868267594704	39
-19.0149596343108	3.67656088882511	39
-19.0305736118944	3.69460655111977	39
-19.0463884077631	3.71281777212145	39
-19.0624044618513	3.73119257799532	39
-19.078622181223	3.74972891310257	39
-19.0950419402435	3.76842464137932	39
-19.1116640807509	3.7872775477155	39
-19.1284889122266	3.80628533933377	39
-19.1455167119676	3.82544564716843	39
-19.1627477252573	3.84475602724429	39
-19.1801821655369	3.8642139620556	39
-19.1978202145769	3.88381686194493	39
-19.2156620226481	3.90356206648212	39
-19.2337077086935	3.9234468458431	39
-19.2519573604992	3.94346840218887	39
-19.2704110348657	3.96362387104437	39
-19.2890687577795	3.98391032267737	39
-19.3079305245844	4.00432476347739	39
-19.3269963001528	4.02486413733461	39
-19.3462660190567	4.04552532701874	39
-19.3657395857397	4.06630515555795	39
-19.3854168746878	4.08720038761777	39
-19.4052977306009	4.10820773087998	39
-19.4253819685643	4.12932383742152	39
-19.4456693742199	4.15054530509338	39
-19.4661597039372	4.17186867889953	39
-19.4868526849855	4.19329045237578	39
-19.5077480157043	4.21480706896874	39
-19.5288453656752	4.23641492341465	39
-19.5501443758931	4.25811036311835	39
-19.5716446589376	4.27988968953214	39
-19.5933457991441	4.30174915953469	39
-19.6152473527755	4.32368498680996	39
-19.6373488481931	4.34569334322607	39
-19.6596497860285	4.36777036021424	39
-19.6821496393543	4.38991213014766	39
-19.704847853856	4.41211470772041	39
-19.727743848003	4.43437411132636	39
-19.75083701322	4.45668632443807	39
-19.7741267140585	4.47904729698566	39
-19.797612288368	4.5014529467358	39
-19.8212930474671	4.52389916067051	39
-19.8451682763155	4.54638179636612	39
-19.8692372336846	4.56889668337217	39
-19.8934991523293	4.59143962459028	39
-19.9179532391593	4.61400639765309	39
-19.9425986754101	4.63659275630315	39
-19.9674346168149	4.65919443177179	39
-19.9924601937753	4.68180713415809	39
-20.0176745115332	4.70442655380771	39
-20.0430766503419	4.72704836269184	39
-20.0686656656373	4.74966821578607	39
-20.0944405882093	4.77228175244933	39
-20.1204004243736	4.79488459780276	39
-20.1465441561423	4.8174723641086	39
-20.1728707413956	4.84004065214916	39
-20.1993791140534	4.86258505260564	39
-20.2260681842462	4.88510114743708	39
-20.2529368384866	4.90758451125925	39
-20.2799839398406	4.93003071272355	39
-20.3072083280991	4.95243531589593	39
-20.3346088199491	4.97479388163575	39
-20.362184209145	4.99710196897474	39
-20.3899332666801	5.01935513649583	39
-20.4178547409578	5.04154894371213	39
-20.4459473579629	5.06367895244579	39
-20.4742098214332	5.08574072820689	39
-20.5026408130304	5.10772984157237	39
-20.5312389925119	5.12964186956491	39
-20.5600029979018	5.15147239703186	39
-20.5889314456626	5.17321701802413	39
-20.6180229308661	5.19487133717505	39
-20.6472760273649	5.21643097107936	39
-20.676689287964	5.23789154967203	39
-20.7062612445918	5.25924871760719	39
-20.7359904084716	5.28049813563705	39
-20.7658752702928	5.30163548199079	39
-20.7959143003825	5.32265645375345	39
-20.8261059488766	5.34355676824485	39
-20.8564486458911	5.36433216439848	39
-20.8869408016939	5.3849784041404	39
-20.9175808068755	5.40549127376816	39
-20.9483670325207	5.42586658532967	39
-20.9792978303799	5.44610017800216	39
-21.0103715330404	5.46618791947101	39
-21.0415864540977	5.4861257073087	39
-21.072940888327	5.5059094703537	39
-21.1044331118544	5.52553517008936	39
-21.1360613823281	5.54499880202283	39
-21.1678239390902	5.56429639706396	39
-21.1997190033475	5.58342402290419	39
-21.2317447783432	5.60237778539546	39
-21.2638994495281	5.62115382992912	39
-21.2961811847319	5.6397483428148	39
-21.3285881343346	5.65815755265937	39
-21.3611184314379	5.67637773174577	39
-21.3937701920366	5.69440519741197	39
-21.4265415151894	5.71223631342986	39
-21.4594304831912	5.72986749138411	39
-21.4924351617434	5.74729519205115	39
-21.525553600126	5.764515926778	39
-21.5587838313686	5.7815262588612	39
-21.5921238724218	5.79832280492571	39
-21.6255717243286	5.81490223630383	39
-21.6591253723956	5.83126128041408	39
-21.6927827863644	5.8473967221401	39
-21.7265419205831	5.86330540520956	39
-21.7604007141774	5.87898423357307	39
-21.7943570912221	5.89443017278308	39
-21.8284089609122	5.90964025137276	39
-21.8625542177346	5.92461156223492	39
-21.8967907416392	5.93934126400092	39
-21.9311163982103	5.95382658241957	39
-21.965529038838	5.968064811736	39
-22.0000265008892	5.98205331607061	39
-22.0346066078795	5.99578953079792	39
-22.0692671696441	6.00927096392556	39
-22.1040059825093	6.02249519747303	39
-22.1388208294639	6.03545988885075	39
-22.1737094803305	6.04816277223887	39
-22.2086696919365	6.06060165996621	39
-22.243699208286	6.07277444388914	39
-22.2787957607309	6.0846790967705	39
-22.313957068142	6.09631367365849	39
-22.3491808370809	6.10767631326559	39
-22.3844647619706	6.11876523934744	39
-22.4198065252674	6.12957876208174	39
-22.4552037976322	6.1401152794472	39
-22.4906542381015	6.15037327860236	39
-22.5261554942591	6.16035133726457	39
-22.5617052024072	6.17004812508886	39
-22.5973009877378	6.17946240504682	39
-22.6329404645041	6.18859303480553	39
-22.6686212361919	6.19743896810648	39
-22.7043408956907	6.20599925614442	39
-22.7400970254651	6.2142730489463	39
-22.7758871977266	6.22225959675017	39
-22.8117089746049	6.22995825137501	39
-22.8475599083578	6.23736846718692	39
-22.8834375417084	6.24448980066224	39
-22.9193394082511	6.2513219092006	39
-22.9552630328625	6.25786454989208	39
-22.9912059321112	6.26411757828446	39
-23.0271656146686	6.27008094715035	39
-23.063139581719	6.2757547052544	39
-23.09912532737	6.28113899612051	39
-23.1351203390633	6.28623405679897	39
-23.1711220979845	6.29104021663371	39
-23.2071280794736	6.29555789602945	39
-23.2431357534358	6.29978760521889	39
-23.2791425847513	6.3037299430299	39
-23.3151460336861	6.30738559565274	39
-23.3511435563023	6.31075533540719	39
-23.3871326048682	6.31384001950981	39
-23.423110628269	6.31664058884106	39
-23.4590750724169	6.31915806671256	39
-23.4950233806619	6.32139355763419	39
-23.5309529942018	6.32334824608137	39
-23.5668613524925	6.32502339526218	39
-23.6027458936588	6.32642034588462	39
-23.6386040549044	6.32754051492371	39
-23.6744332729226	6.32838539438874	39
-23.7102309843061	6.32895655009046	39
-23.7459946259583	6.32925562040823	39
-23.7817216355026	6.32928431505726	39
-23.8174094516938	6.32904441385575	39
-23.8530555148277	6.3285377654921	39
-23.8886572671518	6.32776628629211	39
-23.9242121532759	6.32673195898617	39
-23.9597176205818	6.3254368314764	39
-23.9951711196344	6.32388301560392	39
-24.0305701045919	6.32207268591597	39
-24.0659120336156	6.32000807843312	39
-24.1011943692813	6.31769148941648	39
-24.1364145789886	6.31512527413487	39
-24.1715701353721	6.31231184563202	39
-24.2066585167114	6.30925367349372	39
-24.2416772073415	6.30595328261506	39
-24.2766236980632	6.30241325196761	39
-24.3114954865536	6.29863621336659	39
-24.3462900777762	6.29462485023805	39
-24.3810049843916	6.29038189638609	39
-24.4156377271676	6.28591013476005	39
-24.4501858353899	6.28121239622165	39
-24.4846468472721	6.27629155831225	39
-24.5190183103662	6.27115054401996	39
-24.5532977819732	6.26579232054691	39
-24.5874828295533	6.26021989807639	39
-24.6215710311362	6.25443632854003	39
-24.6555599757315	6.24844470438502	39
-24.6894472637393	6.24224815734131	39
-24.7232305073603	6.23584985718873	39
-24.7569073310063	6.22925301052426	39
-24.7904753717107	6.22246085952918	39
-24.8239322795384	6.21547668073626	39
-24.857275717997	6.20830378379694	39
-24.8905033644464	6.20094551024854	39
-24.9236129105094	6.19340523228146	39
-24.9566020624823	6.18568635150631	39
-24.9894685417452	6.17779229772117	39
-25.0222100851722	6.16972652767873	39
-25.0548244455418	6.1614925238535	39
-25.0873093919475	6.15309379320902	39
-25.1196627102079	6.14453386596498	39
-25.1518822032774	6.13581629436449	39
-25.1839656916561	6.12694465144121	39
-25.2159110138008	6.11792252978657	39
-25.2477160265348	6.10875354031696	39
-25.2793786054587	6.0994413110409	39
-25.3108966453603	6.08998948582622	39
-25.3422680606255	6.08040172316731	39
-25.3734907856484	6.07068169495224	39
-25.4045627752419	6.06083308522996	39
-25.4354820050475	6.05085958897754	39
-25.4662464719463	6.0407649108673	39
-25.4968541944693	6.03055276403404	39
-25.5273032132074	6.02022686884219	39
-25.5575915912221	6.00979095165303	39
-25.5877174144557	5.99924874359188	39
-25.617678792142	5.98860397931527	39
-25.6474738572161	5.97786039577814	39
-25.6771007667253	5.96702173100102	39
-25.7065577022393	5.95609172283723	39
-25.7358428702605	5.94507410774008	39
-25.7649545026346	5.93397261953	39
-25.7938908569605	5.92279098816184	39
-25.8226502170013	5.91153293849192	39
-25.8512308930943	5.90020218904536	39
-25.8796312225613	5.88880245078313	39
-25.9078495701194	5.87733742586937	39
-25.9358843282908	5.86581080643848	39
-25.9637339178136	5.85422627336237	39
-25.9913967880522	5.8425874950176	39
-26.0188714174073	5.83089812605263	39
-26.0461563137267	5.81916180615494	39
-26.0732500147154	5.80738215881827	39
-26.100151088346	5.7955627901098	39
-26.1268581332692	5.78370728743731	39
-26.1533697792242	5.7718192183164	39
-26.1796846874488	5.75990212913768	39
-26.2058015510902	5.74795954393394	39
-26.231719095615	5.73599496314733	39
-26.2574360792197	5.72401186239659	39
-26.2829512932411	5.71201369124422	39
-26.3082635625668	5.70000387196363	39
-26.3333717460454	5.68798579830641	39
-26.3582747368969	5.67596283426942	39
-26.382971463123	5.66393831286208	39
-26.4074608879178	5.65191553487348	39
-26.4317420100779	5.63989776763962	39
-26.4558138644126	5.62788824381055	39
-26.4796755221548	5.61589016011761	39
-26.503326091371	5.60390667614059	39
-26.5267647173717	5.59194091307494	39
-26.5499905831219	5.5799959524989	39
-26.5730029096515	5.56807483514081	39
-26.5958009564654	5.55618055964614	39
-26.6183840219542	5.5443160813448	39
-26.6407514438045	5.53248431101831	39
-26.662902599409	5.52068811366694	39
-26.6848369062774	5.50893030727693	39
-26.7065538224462	5.4972136615877	39
-26.7280528468896	5.48554089685898	39
-26.7493335199295	5.47391468263807	39
-26.7703954236459	5.46233763652699	39
-26.7912381822877	5.45081232294966	39
-26.8118614626824	5.4393412519191	39
-26.8322649746471	5.42792687780464	39
-26.8524484713986	5.41657159809908	39
-26.8724117499635	5.40527775218589	39
-26.8921546515892	5.3940476201064	39
-26.9116770621539	5.38288342132698	39
-26.9309789125769	5.37178731350626	39
-26.9500601792236	5.36076139127287	39
-26.9689208841303	5.34980768535216	39
-26.9875610947005	5.33892816271475	39
-27.0059809231622	5.32812472718875	39
-27.0241805260136	5.3173992200941	39
-27.042160103468	5.3067534208771	39
-27.0599198989003	5.29618904774473	39
-27.077460198292	5.28570775829909	39
-27.0947813296768	5.27531115017185	39
-27.1118836625864	5.26500076165862	39
-27.1287676074959	5.25477807235339	39
-27.1454336152696	5.24464450378295	39
-27.1618821766061	5.23460142004127	39
-27.1781138214846	5.22465012842397	39
-27.1941291186097	5.21479188006268	39
-27.2099286748577	5.2050278705595	39
-27.2255131347216	5.19535924062137	39
-27.2408831797569	5.18578707669455	39
-27.2560395280274	5.17631241159895	39
-27.2709829335503	5.16693622516263	39
-27.2857141857422	5.15765944485617	39
-27.3002341088645	5.14848294642707	39
-27.3145435614689	5.13940755453421	39
-27.3286434358433	5.13043404338222	39
-27.342534657457	5.12156313735596	39
-27.3562181844063	5.11279551165484	39
-27.3696950068604	5.10413179292733	39
-27.3829661465068	5.0955725599053	39
-27.3960326559967	5.0871183440385	39
-27.4088956183909	5.07876963012893	39
-27.4215561466052	5.07052685696526	39
-27.4340153828558	5.06239041795728	39
-27.4462744981053	5.05436066177026	39
-27.458334691508	5.04643789295942	39
-27.4701971898554	5.0386223726043	39
-27.4818632470222	5.0309143189432	39
-27.4933341434111	5.02331390800762	39
-27.5046111853994	5.0158212742566	39
-27.5156957047836	5.00843651121121	39
-27.5265890582258	5.00115967208894	39
-27.5372926266985	4.99399077043808	39
-27.5478078149309	4.98692978077221	39
-27.5581360508539	4.97997663920455	39
-27.5682787850461	4.97313124408238	39
-27.5782374901792	4.96639345662152	39
-27.5880136604634	4.95976310154066	39
-27.5976088110934	4.95323996769582	39
-27.6070244776936	4.94682380871475	39
-27.6162622157638	4.94051434363139	39
-27.6253236001248	4.93431125752022	39
-27.634210224364	4.9282142021307	39
-27.6429237002811	4.92222279652171	39
-27.6514656573331	4.91633662769593	39
-27.6598377420808	4.91055525123427	39
-27.6760789630952	4.89930494442464	39
-27.6916608568068	4.88846771641253	39
-27.706597154868	4.87803894537188	39
-27.7209018093594	4.86801356763221	39
-27.7345889750482	4.85838609797987	39
-27.7476729916472	4.84915064995933	39
-27.7601683660727	4.84030095617447	39
-27.7720897547032	4.83183038858986	39
-27.783451945638	4.82373197883208	39
-27.7942698409554	4.81599843849098	39
-27.8045584389716	4.80862217942095	39
-27.8143328164986	4.80159533404227	39
-27.8236081111034	4.79490977564234	39
-27.8323995033659	4.78855713867698	39
-27.8407221991376	4.78252883907174	39
-27.8523607138398	4.77407526171811	39
-27.8630301725245	4.76630127204506	39
-27.8727816721429	4.75917575396134	39
-27.8816659885016	4.7526669989425	39
-27.8897334415378	4.7467428601938	39
-27.8993052193754	4.73969733652774	39
-27.9076289289427	4.73355629921745	39
-27.9164502222956	4.72703482508027	39
-27.9249933529542	4.72070772542629	39
-27.9334854130069	4.71441058634184	39
-27.941979113752	4.70810911043371	39
