-28.1332983943116	2.8544910850247	19
-28.138903473444	2.84614563674226	19
-28.144403240787	2.83773041373341	19
-28.1497968278635	2.82924674485941	19
-28.1550833829636	2.82069596978993	19
-28.160262071279	2.81207943879146	19
-28.1653320750347	2.80339851251415	19
-28.1702925936184	2.79465456177687	19
-28.1751428437068	2.78584896735083	19
-28.179882059389	2.77698311974145	19
-28.184509492288	2.76805841896885	19
-28.1890244116785	2.75907627434673	19
-28.1934261046024	2.75003810425987	19
-28.1977138759813	2.74094533594008	19
-28.2018870487265	2.7317994052409	19
-28.2059449638456	2.7226017564108	19
-28.2098869805467	2.71335384186516	19
-28.2137124763397	2.70405712195689	19
-28.2174208471346	2.69471306474583	19
-28.2210115073364	2.68532314576694	19
-28.2244838899384	2.67588884779727	19
-28.2278374466112	2.66641166062184	19
-28.2310716477892	2.65689308079838	19
-28.2341859827545	2.64733461142096	19
-28.2371799597177	2.63773776188272	19
-28.2400531058949	2.62810404763745	19
-28.2428049675832	2.61843498996031	19
-28.2454351102316	2.60873211570758	19
-28.2479431185102	2.5989969570756	19
-28.2503285963754	2.58923105135876	19
-28.2525911671325	2.57943594070678	19
-28.2547304734954	2.5696131718812	19
-28.2567461776429	2.55976429601106	19
-28.2586379612718	2.54989086834806	19
-28.2604055256477	2.53999444802086	19
-28.2620485916516	2.53007659778897	19
-28.2635668998243	2.5201388837959	19
-28.2649602104074	2.5101828753219	19
-28.266228303381	2.50021014453612	19
-28.2673709784985	2.49022226624836	19
-28.2683880553183	2.48022081766038	19
-28.2692793732321	2.47020737811685	19
-28.2700447914905	2.46018352885596	19
-28.2706841892251	2.4501508527597	19
-28.2711974654676	2.44011093410395	19
-28.2715845391657	2.43006535830822	19
-28.271845349196	2.42001571168541	19
-28.2719798543736	2.4099635811912	19
-28.2719880334585	2.39991055417353	19
-28.2718698851591	2.38985821812191	19
-28.2716254281325	2.37980816041673	19
-28.2712547009813	2.3697619680786	19
-28.2707577622475	2.35972122751775	19
-28.2701346904035	2.34968752428352	19
-28.2693855838397	2.33966244281396	19
-28.2685105608486	2.32964756618564	19
-28.2675097596065	2.31964447586369	19
-28.2663833381515	2.30965475145202	19
-28.2651314743586	2.29967997044392	19
-28.2637543659117	2.28972170797295	19
-28.2622522302721	2.27978153656419	19
-28.2606253046444	2.26986102588594	19
-28.2588738459391	2.25996174250183	19
-28.2569981307317	2.25008524962346	19
-28.2549984552196	2.24023310686356	19
-28.2528751351745	2.23040686998968	19
-28.2506285058935	2.22060809067852	19
-28.2482589221452	2.21083831627093	19
-28.2457667581144	2.20109908952755	19
-28.2431524073427	2.19139194838518	19
-28.2404162826664	2.18171842571393	19
-28.2375588161513	2.17208004907517	19
-28.2345804590245	2.16247834048031	19
-28.2314816816031	2.15291481615043	19
-28.22826297322	2.14339098627691	19
-28.2249248421466	2.13390835478286	19
-28.2214678155124	2.12446841908575	19
-28.217892439222	2.11507266986083	19
-28.2141992778688	2.10572259080583	19
-28.2103889146458	2.09641965840664	19
-28.2064619512535	2.08716534170411	19
-28.2024190078049	2.07796110206213	19
-28.1982607227277	2.06880839293684	19
-28.1939877526633	2.05970865964711	19
-28.1896007723632	2.05066333914632	19
-28.1851004745825	2.04167385979543	19
-28.1804875699703	2.03274164113744	19
-28.1757627869578	2.02386809367321	19
-28.1709268716429	2.01505461863877	19
-28.1659805876727	2.00630260778399	19
-28.1609247161229	1.99761344315284	19
-28.1557600553742	1.98898849686514	19
-28.1504874209863	1.98042913089989	19
-28.1451076455694	1.9719366968802	19
-28.1396215786523	1.96351253585986	19
-28.1340300865486	1.95515797811154	19
-28.1283340522198	1.94687434291676	19
-28.1225343751357	1.93866293835754	19
-28.1166319711325	1.93052506110987	19
-28.1106277722682	1.92246199623888	19
-28.1045227266755	1.91447501699599	19
-28.0983177984118	1.90656538461781	19
-28.0920139673072	1.89873434812699	19
-28.0856122288098	1.89098314413498	19
-28.0791135938282	1.88331299664672	19
-28.0725190885723	1.87572511686743	19
-28.0658297543909	1.86822070301129	19
-28.0590466476073	1.86080094011224	19
-28.0521708393528	1.85346699983685	19
-28.0452034153973	1.84622004029931	19
-28.0381454759776	1.83906120587854	19
-28.0309981356243	1.83199162703748	19
-28.0237625229854	1.82501242014459	19
-28.0164397806477	1.81812468729753	19
-28.0090310649574	1.81132951614918	19
-28.0015375458365	1.80462797973582	19
-27.9939604065985	1.79802113630775	19
-27.9863008437615	1.79151002916213	19
-27.9785600668593	1.78509568647825	19
-27.9707392982504	1.77877912115519	19
-27.9628397729246	1.77256133065183	19
-27.9548627383088	1.76644329682938	19
-27.946809454069	1.76042598579629	19
-27.9386811919123	1.75451034775573	19
-27.9304792353854	1.74869731685553	19
-27.9222048796724	1.74298781104065	19
-27.91385943139	1.73738273190824	19
-27.9054442083811	1.73188296456528	19
-27.8969605395071	1.72648937748879	19
-27.8884097644377	1.72120282238869	19
-27.8797932334392	1.71602413407331	19
-27.8711123071619	1.71095413031757	19
-27.8623683564246	1.70599361173384	19
-27.8535627619986	1.70114336164551	19
-27.8446969143892	1.69640414596329	19
-27.8357722136166	1.69177671306427	19
-27.8267900689945	1.68726179367377	19
-27.8177518989076	1.68286010074987	19
-27.8086591305878	1.67857232937093	19
-27.7995131998886	1.67439915662575	19
-27.7903155510585	1.67034124150668	19
-27.7810676365129	1.66639922480556	19
-27.7717709166046	1.66257372901253	19
-27.7624268593936	1.65886535821772	19
-27.7530369404147	1.65527469801586	19
-27.743602642445	1.65180231541383	19
-27.7341254552696	1.64844875874108	19
-27.7246068754461	1.64521455756311	19
-27.7150484060687	1.64210022259775	19
-27.7054515565305	1.63910624563462	19
-27.6958178422852	1.63623309945737	19
-27.686148784608	1.63348123776909	19
-27.6764459103553	1.63085109512066	19
-27.6667107517233	1.62834308684207	19
-27.6569448460065	1.62595760897691	19
-27.6471497353545	1.62369503821979	19
-27.6373269665289	1.62155573185686	19
-27.6274780906588	1.6195400277094	19
-27.6176046629958	1.61764824408045	19
-27.6077082426686	1.61588067970459	19
-27.5977903924367	1.61423761370071	19
-27.5878526784436	1.61271930552798	19
-27.5778966699696	1.61132599494487	19
-27.5679239391838	1.61005790197127	19
-27.5579360608961	1.60891522685377	19
-27.5479346123081	1.607898150034	19
-27.5379211727646	1.60700683212019	19
-27.5278973235037	1.60624141386176	19
-27.5178646474074	1.60560201612715	19
-27.5078247287517	1.60508873988465	19
-27.4977791529559	1.60470166618654	19
-27.4877295063331	1.60444085615624	19
-27.4776773758389	1.60430635097868	19
-27.4676243488213	1.60429817189379	19
-27.4575720127696	1.60441632019314	19
-27.4475219550645	1.60466077721974	19
-27.4374757627263	1.60503150437099	19
-27.4274350221655	1.60552844310479	19
-27.4174013189312	1.60615151494873	19
-27.4073762374617	1.60690062151256	19
-27.3973613608334	1.60777564450367	19
-27.3873582705114	1.60877644574578	19
-27.3773685460997	1.60990286720077	19
-27.3673937650916	1.61115473099364	19
-27.3574355026207	1.61253183944058	19
-27.3474953312119	1.61403397508021	19
-27.3375748205337	1.61566090070789	19
-27.3276755371496	1.61741235941321	19
-27.3177990442712	1.61928807462053	19
-27.3079469015113	1.62128775013269	19
-27.2981206646374	1.62341107017772	19
-27.2883218853262	1.6256576994588	19
-27.2785521109187	1.6280272832071	19
-27.2688128841753	1.63051944723789	19
-27.2591057430329	1.63313379800958	19
-27.2494322203617	1.63586992268586	19
-27.2397938437229	1.63872738920095	19
-27.230192135128	1.64170574632774	19
-27.2206286107982	1.64480452374913	19
-27.2111047809246	1.64802323213223	19
-27.2016221494306	1.65136136320568	19
-27.1921822137335	1.65481838983989	19
-27.1827864645086	1.65839376613027	19
-27.1734363854536	1.66208692748347	19
-27.1641334530544	1.66589729070649	19
-27.1548791363518	1.66982425409881	19
-27.1456748967099	1.67386719754738	19
-27.1365221875846	1.67802548262457	19
-27.1274224542948	1.68229845268897	19
-27.118377133794	1.68668543298905	19
-27.1093876544432	1.69118573076979	19
-27.1004554357852	1.69579863538198	19
-27.0915818883209	1.70052341839452	19
-27.0827684132865	1.7053593337094	19
-27.0740164024317	1.71030561767952	19
-27.0653272378006	1.71536148922932	19
-27.0567022915129	1.72052614997807	19
-27.0481429255476	1.72579878436595	19
-27.0396504915279	1.73117855978289	19
-27.0312263305076	1.73666462669997	19
-27.0228717727593	1.74225611880363	19
-27.0145881375645	1.74795215313246	19
-27.0063767330053	1.7537518302166	19
-26.9910104475047	1.7647916647587	19
-26.9774615563386	1.7744871580011	19
-26.9639152427009	1.78414111020598	19
-26.9503715065917	1.79375352137335	19
-26.936830348011	1.80332439150321	19
-26.9232917669587	1.81285372059555	19
-26.9097557634348	1.82234150865039	19
-26.8962223374394	1.8317877556677	19
-26.8826914889724	1.8411924616475	19
-26.8691632180339	1.85055562658979	19
-26.8556375246238	1.85987725049457	19
-26.8421144087422	1.86915733336183	19
-26.828593870389	1.87839587519158	19
-26.8150759095643	1.88759287598382	19
-26.801560526268	1.89674833573854	19
-26.7880477205002	1.90586225445575	19
-26.7745374922608	1.91493463213544	19
-26.7610298415499	1.92396546877762	19
-26.7475247683674	1.93295476438228	19
-26.7340222727133	1.94190251894944	19
-26.7205223545878	1.95080873247908	19
-26.7070250139906	1.9596734049712	19
-26.6935302509219	1.96849653642581	19
-26.6800380653817	1.97727812684291	19
-26.6665484573699	1.98601817622249	19
-26.6530614268865	1.99471668456456	19
-26.6395769739317	2.00337365186912	19
-26.6260950985052	2.01198907813616	19
-26.6126158006072	2.02056296336569	19
-26.5991390802377	2.02909530755771	19
-26.5856649373965	2.03758611071221	19
-26.5721933720839	2.0460353728292	19
-26.5587243842997	2.05444309390867	19
-26.5452579740439	2.06280927395063	19
-26.5317941413166	2.07113391295508	19
-26.5183328861178	2.07941701092201	19
-26.5048742084473	2.08765856785143	19
-26.4914181083054	2.09585858374334	19
-26.4779645856919	2.10401705859773	19
-26.4645136406068	2.11213399241461	19
-26.4510652730502	2.12020938519397	19
-26.437619483022	2.12824323693582	19
-26.4241762705223	2.13623554764016	19
-26.410735635551	2.14418631730698	19
-26.3972975781082	2.15209554593629	19
-26.3838620981938	2.15996323352809	19
-26.3704291958079	2.16778938008237	19
-26.3569988709504	2.17557398559914	19
-26.3435711236214	2.18331705007839	19
-26.3301459538208	2.19101857352014	19
-26.3167233615487	2.19867855592436	19
-26.303303346805	2.20629699729108	19
-26.2898859095897	2.21387389762028	19
-26.2764710499029	2.22140925691196	19
-26.2630587677446	2.22890307516613	19
-26.2496490631147	2.2363553523828	19
-26.2362419360133	2.24376608856194	19
-26.2228373864403	2.25113528370357	19
-26.2094354143957	2.25846293780769	19
-26.1960360198796	2.26574905087429	19
-26.182639202892	2.27299362290338	19
-26.1692449634328	2.28019665389496	19
-26.155853301502	2.28735814384902	19
-26.1424642170997	2.29447809276557	19
-26.1290777102259	2.30155650064461	19
-26.1156937808805	2.30859336748613	19
-26.1023124290635	2.31558869329014	19
-26.088933654775	2.32254247805663	19
-26.0755574580149	2.32945472178561	19
-26.0621838387833	2.33632542447708	19
-26.0488127970802	2.34315458613103	19
-26.0354443329054	2.34994220674747	19
-26.0220784462592	2.3566882863264	19
-26.0087151371414	2.36339282486781	19
-25.995354405552	2.37005582237171	19
-25.9819962514911	2.37667727883809	19
-25.9686406749586	2.38325719426696	19
-25.9552876759546	2.38979556865832	19
-25.941937254479	2.39629240201217	19
-25.9285894105318	2.4027476943285	19
-25.9152441441132	2.40916144560731	19
-25.9019014552229	2.41553365584861	19
-25.8885613438612	2.4218643250524	19
-25.8752238100278	2.42815345321868	19
-25.8618888537229	2.43440104034744	19
-25.8485564749465	2.44060708643868	19
-25.8352266736985	2.44677159149242	19
-25.821899449979	2.45289455550864	19
-25.8085748037879	2.45897597848735	19
-25.7952527351252	2.46501586042854	19
-25.781933243991	2.47101420133222	19
-25.7686163303853	2.47697100119838	19
-25.755301994308	2.48288626002703	19
-25.7419902357591	2.48875997781817	19
-25.7286810547387	2.4945921545718	19
-25.7153744512468	2.50038279028791	19
-25.7020704252833	2.5061318849665	19
-25.6887689768482	2.51183943860759	19
-25.6754701059416	2.51750545121116	19
-25.6621738125634	2.52312992277721	19
-25.6488800967137	2.52871285330575	19
-25.6355889583925	2.53425424279678	19
-25.6223003975997	2.5397540912503	19
-25.6090144143353	2.5452123986663	19
-25.5957310085994	2.55062916504478	19
-25.5824501803919	2.55600439038576	19
-25.5691719297129	2.56133807468921	19
-25.5558962565623	2.56663021795516	19
-25.5426231609402	2.57188082018359	19
-25.5293526428465	2.57708988137451	19
-25.5160847022813	2.58225740152792	19
-25.5028193392445	2.58738338064381	19
-25.4895565537362	2.59246781872219	19
-25.4762963457563	2.59751071576305	19
-25.4630387153049	2.6025120717664	19
-25.4497836623819	2.60747188673224	19
-25.4365311869873	2.61239016066056	19
-25.4232812891212	2.61726689355137	19
-25.4100339687836	2.62210208540467	19
-25.3967892259744	2.62689573622045	19
-25.3835470606937	2.63164784599871	19
-25.3703074729414	2.63635841473946	19
-25.3570704627175	2.64102744244271	19
-25.3438360300221	2.64565492910843	19
-25.3306041748552	2.65024087473665	19
-25.3173748972167	2.65478527932734	19
-25.3041481971066	2.65928814288053	19
-25.290924074525	2.6637494653962	19
-25.2777025294719	2.66816924687436	19
-25.2644835619472	2.67254748731501	19
-25.2512671719509	2.67688418671813	19
-25.2380533594831	2.68117934508375	19
-25.2248421245437	2.68543296241185	19
-25.2116334671328	2.68964503870245	19
-25.1984273872504	2.69381557395552	19
-25.1852238848964	2.69794456817108	19
-25.1720229600708	2.70203202134913	19
-25.1588246127737	2.70607793348967	19
-25.145628843005	2.71008230459269	19
-25.1324356507648	2.7140451346582	19
-25.119245036053	2.71796642368619	19
-25.1060569988697	2.72184617167666	19
-25.0928715392148	2.72568437862963	19
-25.0796886570884	2.72948104454509	19
-25.0665083524904	2.73323616942303	19
-25.0533306254209	2.73694975326345	19
-25.0401554758798	2.74062179606636	19
-25.0269829038671	2.74425229783176	19
-25.013812909383	2.74784125855964	19
-25.0006454924272	2.75138867825001	19
-24.9874806529999	2.75489455690286	19
-24.9743183911011	2.75835889451821	19
-24.9611587067307	2.76178169109604	19
-24.9480015998888	2.76516294663635	19
-24.9348470705753	2.76850266113916	19
-24.9216951187902	2.77180083460444	19
-24.9085457445336	2.77505746703222	19
-24.8953989478055	2.77827255842248	19
-24.8822547286058	2.78144610877522	19
-24.8691130869345	2.78457811809046	19
-24.8559740227917	2.78766858636818	19
-24.8428375361774	2.79071751360838	19
-24.8297036270914	2.79372489981107	19
-24.816572295534	2.79669074497625	19
-24.803443541505	2.79961504910392	19
-24.7903173650044	2.80249781219407	19
-24.7771937660323	2.8053390342467	19
-24.7640727445886	2.80813871526183	19
-24.7509543006734	2.81089685523944	19
-24.7378384342867	2.81361345417953	19
-24.7247251454283	2.81628851208211	19
-24.7116144340985	2.81892202894718	19
-24.698506300297	2.82151400477474	19
-24.6854007440241	2.82406443956478	19
-24.6722977652795	2.82657333331731	19
-24.6591973640635	2.82904068603232	19
-24.6460995403758	2.83146649770982	19
-24.6330042942166	2.83385076834981	19
-24.6199116255859	2.83619349795228	19
-24.6068215344836	2.83849468651724	19
-24.5937340209098	2.84075433404468	19
-24.5806490848644	2.84297244053461	19
-24.5675667263475	2.84514900598703	19
-24.554486945359	2.84728403040193	19
-24.5414097418989	2.84937751377933	19
-24.5283351159673	2.8514294561192	19
-24.5152630675642	2.85343985742156	19
-24.5021935966895	2.85540871768641	19
-24.4891267033433	2.85733603691375	19
-24.4760623875255	2.85922181510357	19
-24.4630006492361	2.86106605225588	19
-24.4499414884752	2.86286874837067	19
-24.4368849052428	2.86462990344795	19
-24.4238308995387	2.86634951748772	19
-24.4107794713632	2.86802759048997	19
-24.3977306207161	2.86966412245471	19
-24.3846843475974	2.87125911338194	19
-24.3716406520072	2.87281256327165	19
-24.3585995339454	2.87432447212385	19
-24.3455609934121	2.87579483993853	19
-24.3325250304073	2.8772236667157	19
-24.3194916449308	2.87861095245536	19
-24.3064608369829	2.8799566971575	19
-24.2934326065634	2.88126090082213	19
-24.2804069536723	2.88252356344925	19
-24.2673838783097	2.88374468503885	19
-24.2543633804755	2.88492426559094	19
-24.2413454601698	2.88606230510551	19
-24.2283301173925	2.88715880358258	19
-24.2153173521436	2.88821376102212	19
-24.2023071644233	2.88922717742416	19
-24.1892995542313	2.89019905278868	19
-24.1762945215678	2.89112938711568	19
-24.1632920664328	2.89201818040517	19
-24.1502921888262	2.89286543265715	19
-24.1372948887481	2.89367114387162	19
-24.1243001661984	2.89443531404857	19
-24.1113080211772	2.89515794318801	19
-24.0983184536844	2.89583903128993	19
-24.08533146372	2.89647857835434	19
-24.0723470512841	2.89707658438124	19
-24.0593652163767	2.89763304937062	19
-24.0463859589977	2.89814797332249	19
-24.0334092791471	2.89862135623685	19
-24.020435176825	2.89905319811369	19
-24.0074636520314	2.89944349895302	19
-23.9944947047661	2.89979225875483	19
-23.9815283350294	2.90009947751913	19
-23.9685645428211	2.90036515524592	19
-23.9556033281412	2.90058929193519	19
-23.9426446909898	2.90077188758695	19
-23.9296886313668	2.9009129422012	19
-23.9167351492723	2.90101245577793	19
-23.9037842447063	2.90107042831715	19
-23.8908359176686	2.90108685981885	19
-23.8778901681595	2.90106175028304	19
-23.8649469961787	2.90099509970972	19
-23.8520064017265	2.90088690809888	19
-23.8390683848026	2.90073717545053	19
-23.8261329454073	2.90054590176467	19
-23.8132000835403	2.90031308704129	19
-23.8002697992019	2.9000387312804	19
-23.7873420923918	2.899722834482	19
-23.7744169631102	2.89936539664607	19
-23.7614944113571	2.89896641777264	19
-23.7485744371324	2.8985258978617	19
-23.7356570404362	2.89804383691324	19
-23.7227422212684	2.89752023492727	19
-23.7098299796291	2.89695509190378	19
-23.6969203155182	2.89634840784278	19
-23.6840132289357	2.89570018274426	19
-23.6711087198817	2.89501041660823	19
-23.6582067883562	2.89427910943469	19
-23.6453074343591	2.89350626122363	19
-23.6324106578904	2.89269187197507	19
-23.6195164589502	2.89183594168898	19
-23.6066248375385	2.89093847036539	19
-23.5937357936552	2.88999945800428	19
-23.5808493273003	2.88901890460565	19
-23.5679654384739	2.88799681016951	19
-23.555084127176	2.88693317469586	19
-23.5422053934064	2.88582799818469	19
-23.5293292371654	2.88468128063602	19
-23.5164556584528	2.88349302204982	19
-23.5035846572686	2.88226322242611	19
-23.4907162336129	2.8809918817649	19
-23.4778503874856	2.87967900006616	19
-23.4649871188868	2.87832457732991	19
-23.4521264278164	2.87692861355615	19
-23.4392683142745	2.87549110874488	19
-23.426412778261	2.87401206289609	19
-23.413559819776	2.87249147600978	19
-23.4007094388194	2.87092934808597	19
-23.3878616353913	2.86932567912464	19
-23.3750164094916	2.8676804691258	19
-23.3621737611204	2.86599371808944	19
-23.3493336902776	2.86426542601556	19
-23.3364961969633	2.86249559290418	19
-23.3236612811774	2.86068421875528	19
-23.3108289429199	2.85883130356887	19
-23.2979991821909	2.85693684734494	19
-23.2851719989904	2.8550008500835	19
-23.2723473933183	2.85302331178455	19
-23.2595253651747	2.85100423244808	19
-23.2467059145595	2.8489436120741	19
-23.2338890414727	2.84684145066261	19
-23.2210747459144	2.8446977482136	19
-23.2082630278846	2.84251250472708	19
-23.1954538873832	2.84028572020304	19
-23.1826473244102	2.83801739464149	19
-23.1698433389657	2.83570752804243	19
-23.1570419310496	2.83335612040585	19
-23.144243100662	2.83096317173176	19
-23.1314468478029	2.82852868202016	19
-23.1186531724722	2.82605265127104	19
-23.1058620746699	2.82353507948441	19
-23.0930735543961	2.82097596666026	19
-23.0802876116507	2.8183753127986	19
-23.0675042464338	2.81573311789943	19
-23.0547234587453	2.81304938196274	19
-23.0419452485853	2.81032410498854	19
-23.0291696159537	2.80755728697683	19
-23.0163965608506	2.8047489279276	19
-23.0036260832759	2.80189902784086	19
-22.9908581832297	2.7990075867166	19
-22.9780928607119	2.79607460455484	19
-22.9653301157226	2.79310008135555	19
-22.9525699482617	2.79008401711876	19
-22.9398123583293	2.78702641184444	19
-22.9270573459253	2.78392726553262	19
-22.9143049110498	2.78078657818329	19
-22.9015550537027	2.77760434979643	19
-22.888807773884	2.77438058037207	19
-22.8760630715938	2.77111526991019	19
-22.8633209468321	2.7678084184108	19
-22.8505813995988	2.76446002587389	19
-22.837844429894	2.76107009229947	19
-22.8251100377176	2.75763861768754	19
-22.8123782230696	2.75416560203809	19
-22.7996489859501	2.75065104535113	19
-22.7869223263591	2.74709494762666	19
-22.7741982442965	2.74349730886467	19
-22.7614767397623	2.73985812906517	19
-22.7487578127566	2.73617740822815	19
-22.7360414632793	2.73245514635362	19
-22.7233276913305	2.72869134344158	19
-22.7106164969102	2.72488599949202	19
-22.6979078800183	2.72103911450495	19
-22.6852018406548	2.71715068848037	19
-22.6724983788198	2.71322072141827	19
-22.6597974945132	2.70924921331866	19
-22.6470991877351	2.70523616418153	19
-22.6344034584854	2.70118157400689	19
-22.6217103067642	2.69708544279474	19
-22.6090197325714	2.69294777054507	19
-22.5963317359071	2.6887685572579	19
-22.5836463167712	2.6845478029332	19
-22.5709634751638	2.680285507571	19
-22.5582832110848	2.67598167117127	19
-22.5456055245343	2.67163629373404	19
-22.5329304155122	2.66724937525929	19
-22.5202578840186	2.66282091574702	19
-22.5075879300534	2.65835091519725	19
-22.4949205536166	2.65383937360996	19
-22.4822557547084	2.64928629098516	19
-22.4695935333285	2.64469166732284	19
-22.4569338894771	2.64005550262301	19
-22.4442768231542	2.63537779688566	19
-22.4316223343597	2.6306585501108	19
-22.4189704230936	2.62589776229843	19
-22.406321089356	2.62109543344855	19
-22.3936743331469	2.61625156356115	19
-22.3810301544662	2.61136615263623	19
-22.3683885533139	2.60643920067381	19
-22.3557495296901	2.60147070767386	19
-22.3431130835948	2.59646067363641	19
-22.3304792150279	2.59140909856144	19
-22.3178479239894	2.58631598244896	19
-22.3052192104794	2.58118132529897	19
-22.2925930744978	2.57600512711146	19
-22.2799695160447	2.57078738788643	19
-22.26734853512	2.56552810762389	19
-22.2547301317238	2.56022728632385	19
-22.2421143058561	2.55488492398628	19
-22.2295010575167	2.5495010206112	19
-22.2168903867059	2.54407557619861	19
-22.2042822934234	2.53860859074851	19
-22.1916767776695	2.53310006426089	19
-22.1790738394439	2.52754999673576	19
-22.1664734787469	2.52195838817311	19
-22.1538756955782	2.51632523857295	19
-22.1412804899381	2.51065054793527	19
-22.1286878618263	2.50493431626009	19
-22.116097811243	2.49917654354739	19
-22.1035103381882	2.49337722979717	19
-22.0909254426618	2.48753637500945	19
-22.0783431246639	2.4816539791842	19
-22.0657633841944	2.47573004232145	19
-22.0531862212533	2.46976456442118	19
-22.0406116358408	2.46375754548339	19
-22.0280396279566	2.4577089855081	19
-22.0154701976009	2.45161888449528	19
-22.0029033447737	2.44548724244496	19
-21.9903390694749	2.43931405935712	19
-21.9777773717045	2.43309933523177	19
-21.9652182514626	2.4268430700689	19
-21.9526617087492	2.42054526386852	19
-21.9401077435641	2.41420591663063	19
-21.9275563559076	2.40782502835522	19
-21.9150075457795	2.4014025990423	19
-21.9024613131798	2.39493862869187	19
-21.8899176581086	2.38843311730392	19
-21.8773765805658	2.38188606487846	19
-21.8648380805515	2.37529747141549	19
-21.8523021580657	2.36866733691499	19
-21.8397688131082	2.36199566137699	19
-21.8272380456793	2.35528244480148	19
-21.8147098557788	2.34852768718845	19
-21.8021842434067	2.3417313885379	19
-21.7896612085631	2.33489354884984	19
-21.7771407512479	2.32801416812427	19
-21.7646228714612	2.32109324636119	19
-21.7521075692029	2.31413078356059	19
-21.739594844473	2.30712677972248	19
-21.7270846972717	2.30008123484685	19
-21.7145771275987	2.29299414893371	19
-21.7020721354542	2.28586552198305	19
-21.6895697208382	2.27869535399489	19
-21.6770698837506	2.27148364496921	19
-21.6645726241915	2.26423039490601	19
-21.6520779421608	2.25693560380531	19
-21.6395858376585	2.24959927166708	19
-21.6270963106847	2.24222139849135	19
-21.6146093612394	2.2348019842781	19
-21.6021249893225	2.22734102902733	19
-21.5896431949341	2.21983853273906	19
-21.5771639780741	2.21229449541327	19
-21.5646873387425	2.20470891704996	19
-21.5522132769394	2.19708179764914	19
-21.5397417926647	2.18941313721081	19
-21.5272728859185	2.18170293573497	19
-21.5148065567008	2.17395119322161	19
-21.5023428050115	2.16615790967073	19
-21.4898816308506	2.15832308508235	19
-21.4774230342182	2.15044671945644	19
-21.4649670151142	2.14252881279303	19
-21.4525135735387	2.1345693650921	19
-21.4400627094916	2.12656837635366	19
-21.427614422973	2.11852584657771	19
-21.4151687139829	2.11044177576424	19
-21.4027255825211	2.10231616391326	19
-21.3902850285879	2.09414901102476	19
-21.377847052183	2.08594031709875	19
-21.3654116533067	2.07769008213522	19
-21.3529788319587	2.06939830613419	19
-21.3405485881392	2.06106498909564	19
-21.3281209218482	2.05269013101957	19
-21.3156958330856	2.04427373190599	19
-21.3032733218515	2.0358157917549	19
-21.2908533881458	2.02731631056629	19
-21.2784360319686	2.01877528834018	19
-21.2660212533198	2.01019272507654	19
-21.2536090521994	2.00156862077539	19
-21.2411994286075	1.99290297543673	19
-21.2287923825441	1.98419578906056	19
-21.2163879140091	1.97544706164687	19
-21.2039860230026	1.96665679319567	19
-21.1915867095245	1.95782498370695	19
-21.1791899735748	1.94895163318072	19
-21.1667958151536	1.94003674161698	19
-21.1544042342609	1.93108030901572	19
-21.1420152308966	1.92208233537695	19
-21.1296288050607	1.91304282070067	19
-21.1172449567533	1.90396176498687	19
-21.1048636859743	1.89483916823556	19
-21.0924849927238	1.88567503044673	19
-21.0801088770018	1.87646935162039	19
-21.0677353388081	1.86722213175654	19
-21.055364378143	1.85793337085517	19
-21.0429959950063	1.84860306891629	19
-21.030630189398	1.8392312259399	19
-21.0182669613182	1.82981784192599	19
-21.0059063107668	1.82036291687457	19
-20.9935482377439	1.81086645078564	19
-20.9811927422494	1.80132844365918	19
-20.9688398242834	1.79174889549522	19
-20.9564894838458	1.78212780629375	19
-20.9441417209367	1.77246517605476	19
-20.931796535556	1.76276100477825	19
-20.9194539277037	1.75301529246423	19
-20.90711389738	1.74322803911271	19
-20.8947764445846	1.73339924472366	19
-20.8824415693177	1.7235289092971	19
-20.8701092715793	1.71361703283303	19
-20.8577795513693	1.70366361533144	19
-20.8454524086878	1.69366865679234	19
-20.8331278435347	1.68363215721573	19
-20.82080585591	1.6735541166016	19
-20.8084864458138	1.66343453494996	19
-20.7961696132461	1.6532734122608	19
-20.7838553582068	1.64307074853414	19
-20.7715436806959	1.63282654376996	19
-20.7592345807135	1.62254079796826	19
-20.7469280582596	1.61221351112905	19
-20.7346241133341	1.60184468325233	19
-20.722322745937	1.59143431433809	19
-20.7100239560684	1.58098240438634	19
-20.6977277437282	1.57048895339708	19
-20.6854341089165	1.5599539613703	19
-20.6731430516333	1.549377428306	19
-20.6608545718785	1.5387593542042	19
-20.6485686696521	1.52809973906488	19
-20.6362853449542	1.51739858288805	19
-20.6240045977847	1.5066558856737	19
-20.6117264281437	1.49587164742184	19
-20.5994508360311	1.48504586813247	19
-20.587177821447	1.47417854780558	19
-20.5749073843913	1.46326968644118	19
-20.5626395248641	1.45231928403927	19
-20.5503742428653	1.44132734059983	19
-20.538111538395	1.43029385612289	19
-20.5258514114531	1.41921883060844	19
-20.5135938620396	1.40810226405647	19
-20.5013388901547	1.39694415646698	19
-20.4890864957981	1.38574450783999	19
-20.47683667897	1.37450331817548	19
-20.4645894396704	1.36322058747345	19
-20.4523447778992	1.35189631573391	19
-20.4401026936565	1.34053050295686	19
-20.4278631869422	1.32912314914229	19
-20.4156262577563	1.31767425429021	19
-20.4033919060989	1.30618381840062	19
-20.39116013197	1.29465184147352	19
-20.3789309353695	1.28307832350889	19
-20.3667043162974	1.27146326450676	19
-20.3544802747538	1.25980666446711	19
-20.3422588107387	1.24810852338995	19
-20.330039924252	1.23636884127527	19
-20.3178236152937	1.22458761812308	19
-20.3056098838639	1.21276485393338	19
-20.2933987299625	1.20090054870616	19
-20.2811901535896	1.18899470244143	19
-20.2689841547451	1.17704731513919	19
-20.2567807334291	1.16505838679943	19
-20.2445798896416	1.15302791742216	19
-20.2323816233824	1.14095590700737	19
-20.2201859346518	1.12884235555508	19
-20.2079928234495	1.11668726306527	19
-20.1958022897758	1.10449062953794	19
-20.1836143336304	1.0922524549731	19
-20.1714289550136	1.07997273937074	19
-20.1592461539251	1.06765148273088	19
-20.1470659303652	1.05528868505349	19
-20.1348882843336	1.0428843463386	19
-20.1227132158305	1.03043846658619	19
-20.1105407248559	1.01795104579627	19
-20.0983708114097	1.00542208396883	19
-20.086203475492	0.992851581103882	19
-20.0740387171027	0.980239537201419	19
-20.0618765362419	0.967585952261442	19
-20.0497169329095	0.954890826283951	19
-20.0375599071055	0.942154159268948	19
-20.02540545883	0.929375951216429	19
-20.013253588083	0.916556202126395	19
-20.0011042948644	0.90369491199885	19
-19.9889575791742	0.890792080833791	19
-19.9768134410125	0.877847708631218	19
-19.9646718803793	0.864861795391131	19
-19.9525328972745	0.85183434111353	19
-19.9403964916981	0.838765345798417	19
-19.9282626636502	0.825654809445786	19
-19.9161314131307	0.812502732055646	19
-19.9040027401397	0.799309113627991	19
-19.8918766446772	0.786073954162821	19
-19.879753126743	0.772797253660138	19
-19.8676321863374	0.759479012119942	19
-19.8555138234602	0.74611922954223	19
-19.8433980381114	0.732717905927008	19
-19.8312848302911	0.71927504127427	19
-19.8191741999992	0.705790635584019	19
-19.8070661472358	0.692264688856253	19
-19.7949606720008	0.678697201090976	19
-19.7828577742943	0.665088172288184	19
-19.7707574541162	0.651437602447875	19
-19.7586597114666	0.637745491570054	19
-19.7465645463454	0.624011839654723	19
-19.7344719587527	0.610236646701874	19
-19.7223819486884	0.596419912711514	19
-19.7102945161525	0.582561637683638	19
-19.6982096611451	0.56866182161825	19
-19.6861273836662	0.554720464515348	19
-19.6740476837157	0.540737566374932	19
-19.6619705612937	0.526713127197003	19
-19.6498960164001	0.512647146981558	19
-19.6378240490349	0.498539625728601	19
-19.6257546591982	0.48439056343813	19
-19.61368784689	0.470199960110146	19
-19.6016236121102	0.455967815744649	19
-19.5895619548588	0.441694130341637	19
-19.5775028751359	0.42737890390111	19
-19.5654463729415	0.413022136423071	19
-19.5533924482755	0.398623827907518	19
-19.5413411011379	0.384183978354453	19
-19.5292923315288	0.369702587763871	19
-19.5172461394481	0.355179656135777	19
-19.5052025248959	0.340615183470169	19
-19.4931614878722	0.326009169767047	19
-19.4811230283769	0.311361615026414	19
-19.46908714641	0.296672519248262	19
-19.4570538419716	0.281941882432601	19
-19.4450231150616	0.267169704579424	19
-19.4329949656801	0.252355985688735	19
-19.420969393827	0.237500725760531	19
-19.4089463995024	0.222603924794812	19
-19.3969259827062	0.20766558279158	19
-19.3849081434385	0.192685699750835	19
-19.3728928816992	0.177664275672577	19
-19.3608801974884	0.162601310556803	19
-19.348870090806	0.147496804403519	19
-19.336862561652	0.132350757212719	19
-19.3248576100266	0.117163168984406	19
-19.3128552359295	0.10193403971858	19
-19.3008554393609	0.086663369415235	19
-19.2888582203208	0.0713511580743811	19
-19.2768635788091	0.0559974056960142	19
-19.2648715148259	0.0406021122801308	19
-19.2528820283711	0.0251652778267362	19
-19.2408951194447	0.00968690233582503	19
-19.2289107880468	-0.0058330141925973	19
-19.2169290341774	-0.0213944717585326	19
-19.2049498578364	-0.0369974703619862	19
-19.1929732590238	-0.0526420100029492	19
-19.1809992377397	-0.0683280906814288	19
-19.1690277939841	-0.0840557123974195	19
-19.1570589277569	-0.099824875150925	19
-19.1450926390581	-0.115635578941943	19
-19.1331289278878	-0.131487823770477	19
-19.1211677942459	-0.147381609636525	19
-19.1092092381325	-0.163316936540084	19
-19.0972532595475	-0.179293804481158	19
-19.085299858491	-0.195312213459746	19
-19.073349034963	-0.211372163475846	19
-19.0614007889633	-0.227473654529462	19
-19.0494551204922	-0.243616686620592	19
-19.0375120295494	-0.259801259749234	19
-19.0255715161352	-0.276027373915391	19
-19.0136335802493	-0.292295029119061	19
-19.001698221892	-0.308604225360244	19
-18.989765441063	-0.324954962638944	19
-18.9778352377626	-0.341347240955153	19
-18.9659076119905	-0.357781060308876	19
-18.9539825637469	-0.374256420700115	19
-18.9420600930318	-0.39077332212887	19
-18.9301401998451	-0.407331764595134	19
-18.9182228841869	-0.423931748098915	19
-18.9063081460571	-0.440573272640207	19
-18.8943959854557	-0.457256338219014	19
-18.8824864023829	-0.473980944835335	19
-18.8705793968384	-0.490747092489172	19
-18.8586749688224	-0.507554781180519	19
-18.8467731183349	-0.524404010909381	19
-18.8348738453758	-0.541294781675757	19
-18.8229771499451	-0.558227093479647	19
-18.8110830320429	-0.57520094632105	19
-18.7991914916692	-0.592216340199966	19
-18.7873025288239	-0.609273275116396	19
-18.775416143507	-0.62637175107034	19
-18.7635323357186	-0.6435117680618	19
-18.7516511054586	-0.66069332609077	19
-18.7397724527271	-0.677916425157256	19
-18.7278963775241	-0.695181065261255	19
-18.7160228798494	-0.712487246402767	19
-18.7041519597033	-0.729834968581796	19
-18.6922836170856	-0.747224231798335	19
-18.6804178519963	-0.76465503605239	19
-18.6685546644355	-0.782127381343956	19
-18.6566940544031	-0.79964126767304	19
-18.6448360218992	-0.817196695039633	19
-18.6329805669237	-0.834793663443743	19
-18.6211276894767	-0.852432172885366	19
-18.6092773895581	-0.8701122233645	19
-18.597429667168	-0.887833814881151	19
-18.5855845223063	-0.905596947435314	19
-18.573741954973	-0.923401621026991	19
-18.5619019651683	-0.941247835656182	19
-18.5500645528919	-0.959135591322887	19
-18.538229718144	-0.977064888027107	19
-18.5263974609246	-0.995035725768838	19
-18.5145677812336	-1.01304810454808	19
-18.5027406790711	-1.03110202436484	19
-18.490916154437	-1.04919748521912	19
-18.4790942073313	-1.06733448711091	19
-18.4672748377541	-1.0855130300402	19
-18.4554580457054	-1.10373311400702	19
-18.4436438311851	-1.12199473901135	19
-18.4318321941932	-1.14029790505319	19
-18.4200231347298	-1.15864261213255	19
-18.4082166527949	-1.17702886024941	19
-18.3964127483884	-1.1954566494038	19
-18.3846114215103	-1.21392597959569	19
-18.3728126721607	-1.2324368508251	19
-18.3610165003395	-1.25098926309203	19
-18.3492229060468	-1.26958321639647	19
-18.3374318892826	-1.28821871073842	19
-18.3256434500467	-1.30689574611788	19
-18.3138575883394	-1.32561432253486	19
-18.3020743041605	-1.34437443998936	19
-18.29029359751	-1.36317609848136	19
-18.278515468388	-1.38201929801088	19
-18.2667399167944	-1.40090403857791	19
-18.2549669427293	-1.41983032018246	19
-18.2431965461926	-1.43879814282452	19
-18.2314287271844	-1.4578075065041	19
-18.2196634857046	-1.47685841122119	19
-18.2079008217532	-1.49595085697579	19
-18.1961407353304	-1.51508484376791	19
-18.1843832264359	-1.53426037159754	19
-18.1726282950699	-1.55347744046468	19
-18.1608759412324	-1.57273605036934	19
-18.1491261649233	-1.59203620131151	19
-18.1373789661427	-1.61137789329119	19
-18.1256343448905	-1.63076112630839	19
-18.1138923011667	-1.6501859003631	19
-18.1021528349714	-1.66965221545533	19
-18.0904159463046	-1.68916007158507	19
-18.0786816351662	-1.70870946875232	19
-18.0669499015563	-1.72830040695709	19
-18.0552207454748	-1.74793288619937	19
-18.0434941669217	-1.76760690647916	19
-18.0317701658971	-1.78732246779647	19
-18.0200487424009	-1.80707957015129	19
-18.0083298964332	-1.82687821354363	19
-17.996613627994	-1.84671839797348	19
-17.9848999370832	-1.86660012344084	19
-17.9731888237008	-1.88652338994572	19
-17.9614802878469	-1.90648819748811	19
-17.9497743295214	-1.92649454606801	19
-17.9380709487244	-1.94654243568543	19
-17.9263701454558	-1.96663186634036	19
-17.9146719197157	-1.98676283803281	19
-17.902976271504	-2.00693535076277	19
-17.8912832008208	-2.02714940453024	19
-17.879592707666	-2.04740499933522	19
-17.8679047920397	-2.06770213517772	19
-17.8562194539418	-2.08804081205774	19
-17.8445366933724	-2.10842102997527	19
-17.8328565103314	-2.12884278893031	19
-17.8211789048189	-2.14930608892286	19
-17.8095038768348	-2.16981092995293	19
-17.7978314263792	-2.19035731202051	19
-17.786161553452	-2.21094523512561	19
-17.7744942580533	-2.23157469926822	19
-17.762829540183	-2.25224570444834	19
-17.7511673998411	-2.27295825066598	19
-17.7395078370277	-2.29371233792113	19
-17.7278508517428	-2.31450796621379	19
-17.7161964439863	-2.33534513554397	19
-17.7045446137582	-2.35622384591166	19
-17.6928953610586	-2.37714409731687	19
-17.6812486858875	-2.39810588975959	19
-17.6696045882448	-2.41910922323982	19
-17.6579630681305	-2.44015409775757	19
-17.6463241255447	-2.46124051331283	19
-17.6346877604874	-2.4823684699056	19
-17.6230539729585	-2.50353796753589	19
-17.611422762958	-2.52474900620369	19
-17.599794130486	-2.54600158590901	19
-17.5881680755424	-2.56729570665184	19
-17.5765445981273	-2.58863136843218	19
-17.5649236982407	-2.61000857125004	19
-17.5533053758824	-2.63142731510541	19
-17.5416896310527	-2.65288759999829	19
-17.5300764637513	-2.67438942592869	19
-17.5184658739785	-2.6959327928966	19
-17.506857861734	-2.71751770090202	19
-17.4952524270181	-2.73914414994497	19
-17.4836495698305	-2.76081214002542	19
-17.4720492901715	-2.78252167114338	19
-17.4604515880408	-2.80427274329886	19
-17.4488564634387	-2.82606535649185	19
-17.4372639163649	-2.84789951072236	19
-17.4256739468196	-2.86977520599039	19
-17.4140865548028	-2.89169244229592	19
-17.4025017403144	-2.91365121963897	19
-17.3909195033545	-2.93565153801953	19
-17.379339843923	-2.95769339743761	19
-17.3677627620199	-2.9797767978932	19
-17.3561882576453	-3.0019017393863	19
-17.3446163307992	-3.02406822191692	19
-17.3330469814815	-3.04627624548505	19
-17.3214802096923	-3.06852581009069	19
-17.3099160154315	-3.09081691573385	19
-17.2983543986991	-3.11314956241452	19
-17.2867953594952	-3.13552375013271	19
-17.2752388978197	-3.1579394788884	19
-17.2636850136727	-3.18039674868162	19
-17.2521337070542	-3.20289555951235	19
-17.2405849779641	-3.22543591138059	19
-17.2290388264024	-3.24801780428634	19
-17.2174952523692	-3.27064123822961	19
-17.2059542558644	-3.29330621321039	19
-17.1944158368881	-3.31601272922869	19
-17.1828799954402	-3.33876078628449	19
-17.1713467315208	-3.36155038437782	19
-17.1598160451299	-3.38438152350865	19
-17.1482879362673	-3.407254203677	19
-17.1367624049333	-3.43016842488287	19
-17.1252394511276	-3.45312418712624	19
-17.1137190748505	-3.47612149040713	19
-17.1022012761017	-3.49916033472554	19
-17.0906860548814	-3.52224072008146	19
-17.0791734111896	-3.54536264647489	19
-17.0676633450262	-3.56852611390584	19
-17.0561558563913	-3.5917311223743	19
-17.0446509452848	-3.61497767188027	19
-17.0331486117068	-3.63826576242376	19
-17.0216488556572	-3.66159539400476	19
-17.010151677136	-3.68496656662327	19
-16.9986570761434	-3.7083792802793	19
-16.9871650526791	-3.73183353497285	19
-16.9756756067433	-3.7553293307039	19
-16.964188738336	-3.77886666747247	19
-16.9527044474571	-3.80244554527855	19
-16.9412227341066	-3.82606596412215	19
-16.9297435982846	-3.84972792400326	19
-16.9182670399911	-3.87343142492189	19
-16.906793059226	-3.89717646687802	19
-16.8953216559893	-3.92096304987167	19
-16.8838528302811	-3.94479117390284	19
-16.8723865821013	-3.96866083897152	19
-16.86092291145	-3.99257204507771	19
-16.8494618183272	-4.01652479222142	19
-16.8380033027328	-4.04051908040264	19
-16.8265473646668	-4.06455490962137	19
-16.8150940041293	-4.08863227987762	19
-16.8036432211202	-4.11275119117138	19
-16.7921950156396	-4.13691164350266	19
-16.7807493876874	-4.16111363687144	19
-16.7693063372637	-4.18535717127775	19
-16.7578658643684	-4.20964224672157	19
-16.7464279690016	-4.23396886320289	19
-16.7349926511632	-4.25833702072174	19
-16.7235599108533	-4.28274671927809	19
-16.7121297480718	-4.30719795887197	19
-16.7007021628188	-4.33169073950335	19
-16.6892771550942	-4.35622506117225	19
-16.677854724898	-4.38080092387866	19
-16.6664348722304	-4.40541832762259	19
-16.6550175970911	-4.43007727240403	19
-16.6436028994803	-4.45477775822298	19
-16.632190779398	-4.47951978507945	19
-16.6207812368441	-4.50430335297343	19
-16.6093742718187	-4.52912846190492	19
-16.5979698843217	-4.55399511187393	19
-16.5865680743531	-4.57890330288046	19
-16.575168841913	-4.60385303492449	19
-16.5637721870014	-4.62884430800604	19
-16.5523781096182	-4.6538771221251	19
-16.5409866097634	-4.67895147728168	19
-16.5295976874371	-4.70406737347577	19
-16.5182113426392	-4.72922481070737	19
-16.5068275753698	-4.75442378897649	19
-16.4954463856289	-4.77966430828312	19
-16.4840677734164	-4.80494636862727	19
-16.4726917387323	-4.83026997000893	19
-16.4613182815767	-4.8556351124281	19
-16.4499474019495	-4.88104179588479	19
-16.4385790998508	-4.90649002037899	19
-16.4272133752805	-4.9319797859107	19
-16.4158502282387	-4.95751109247993	19
-16.4044896587253	-4.98308394008667	19
-16.3931316667404	-5.00869832873092	19
-16.3817762522839	-5.03435425841269	19
-16.3704234153559	-5.06005172913198	19
-16.3590731559563	-5.08579074088877	19
-16.3477254740852	-5.11157129368308	19
-16.3363803697425	-5.1373933875149	19
-16.3250378429283	-5.16325702238424	19
-16.3136978936425	-5.1891621982911	19
-16.3023605218852	-5.21510891523546	19
-16.2910257276563	-5.24109717321734	19
-16.2796935109558	-5.26712697223673	19
-16.2683638717838	-5.29319831229363	19
-16.2570368101403	-5.31931119338805	19
-16.2457123260252	-5.34546561551999	19
-16.2343904194386	-5.37166157868943	19
-16.2230710903804	-5.39789908289639	19
-16.2117543388506	-5.42417812814087	19
-16.2004401648493	-5.45049871442286	19
-16.1891285683765	-5.47686084174236	19
-16.177819549432	-5.50326451009938	19
-16.1665131080161	-5.5297097194939	19
-16.1552092441286	-5.55619646992595	19
-16.1439079577695	-5.5827247613955	19
-16.1326092489389	-5.60929459390257	19
-16.1213131176368	-5.63590596744716	19
-16.110019563863	-5.66255888202926	19
-16.0987285876178	-5.68925333764887	19
-16.087440188901	-5.71598933430599	19
-16.0761543677126	-5.74276687200063	19
-16.0648711240527	-5.76958595073278	19
-16.0535904579212	-5.79644657050245	19
-16.0423123693182	-5.82334873130963	19
-16.0310368582436	-5.85029243315433	19
-16.0197639246975	-5.87727767603653	19
-16.0084935686798	-5.90430445995625	19
-15.9972257901906	-5.93137278491349	19
-15.9859605892298	-5.95848265090823	19
-15.9746979657975	-5.9856340579405	19
-15.9634379198936	-6.01282700601028	19
-15.9521804515181	-6.04006149511756	19
-15.9409255606712	-6.06733752526237	19
-15.9296732473526	-6.09465509644468	19
-15.9184235115625	-6.12201420866452	19
-15.9071763533009	-6.14941486192186	19
-15.8959317725677	-6.17685705621672	19
-15.884689769363	-6.20434079154909	19
-15.8734503436867	-6.23186606791898	19
-15.8622134955388	-6.25943288532638	19
-15.8509792249194	-6.28704124377129	19
-15.8397475318285	-6.31469114325372	19
-15.828518416266	-6.34238258377366	19
-15.8172918782319	-6.37011556533111	19
-15.8060679177263	-6.39789008792608	19
-15.7948465347492	-6.42570615155856	19
-15.7836277293004	-6.45356375622856	19
-15.7724115013802	-6.48146290193606	19
-15.7611978509884	-6.50940358868109	19
-15.749986778125	-6.53738581646363	19
-15.7387782827901	-6.56540958528367	19
-15.7275723649836	-6.59347489514124	19
-15.7163690247056	-6.62158174603632	19
-15.705168261956	-6.64973013796891	19
-15.6939700767349	-6.67792007093901	19
-15.6827744690423	-6.70615154494663	19
-15.671581438878	-6.73442455999176	19
-15.6603909862423	-6.76273911607441	19
-15.6492031111349	-6.79109521319457	19
-15.638017813556	-6.81949285135225	19
-15.6268350935056	-6.84793203054743	19
-15.6156549509836	-6.87641275078013	19
-15.6044773859901	-6.90493501205035	19
-15.593302398525	-6.93349881435808	19
-15.5821299885884	-6.96210415770332	19
-15.5709601561802	-6.99075104208607	19
-15.5597929013005	-7.01943946750634	19
-15.5486282239492	-7.04816943396413	19
-15.5374661241263	-7.07694094145943	19
-15.5263066018319	-7.10575398999224	19
-15.515149657066	-7.13460857956256	19
-15.5039952898285	-7.1635047101704	19
-15.4928435001194	-7.19244238181575	19
-15.4816942879388	-7.22142159449862	19
-15.4705476532867	-7.25044234821899	19
-15.459403596163	-7.27950464297689	19
-15.4482621165677	-7.30860847877229	19
-15.4371232145009	-7.33775385560521	19
-15.4259868899626	-7.36694077347565	19
-15.4148531429527	-7.3961692323836	19
-15.4037219734712	-7.42543923232906	19
-15.3925933815182	-7.45475077331203	19
-15.3814673670936	-7.48410385533252	19
-15.3703439301975	-7.51349847839053	19
-15.3592230708298	-7.54293464248604	19
-15.3481047889906	-7.57241234761907	19
-15.3369890846799	-7.60193159378961	19
-15.3258759578975	-7.63149238099767	19
-15.3147654086437	-7.66109470924325	19
-15.3036574369182	-7.69073857852633	19
-15.2925520427213	-7.72042398884693	19
-15.2814492260527	-7.75015094020504	19
-15.2703489869127	-7.77991943260067	19
-15.259251325301	-7.80972946603381	19
-15.2481562412178	-7.83958104050446	19
-15.2370637346631	-7.86947415601263	19
-15.2259738056368	-7.89940881255831	19
-15.214886454139	-7.9293850101415	19
-15.2038016801696	-7.95940274876221	19
-15.1927194837287	-7.98946202842043	19
-15.1816398648162	-8.01956284911617	19
-15.1705628234321	-8.04970521084942	19
-15.1594883595765	-8.07988911362018	19
-15.1484164732494	-8.11011455742846	19
-15.1373471644507	-8.14038154227425	19
-15.1262804331804	-8.17069006815755	19
-15.1152162794386	-8.20104013507837	19
-15.1041547032253	-8.2314317430367	19
-15.0930957045404	-8.26186489203255	19
-15.0820392833839	-8.29233958206591	19
-15.0709854397559	-8.32285581313678	19
-15.0599341736564	-8.35341358524517	19
-15.0488854850853	-8.38401289839107	19
-15.0378393740426	-8.41465375257448	19
-15.0267958405284	-8.44533614779541	19
-15.0157548845426	-8.47606008405385	19
-15.0047165060853	-8.5068255613498	19
-14.9936807051564	-8.53763257968328	19
-14.982647481756	-8.56848113905426	19
-14.971616835884	-8.59937123946276	19
-14.9605887675405	-8.63030288090876	19
-14.9495632767254	-8.66127606339229	19
-14.9385403634388	-8.69229078691333	19
-14.9275200276806	-8.72334705147188	19
-14.9165022694509	-8.75444485706794	19
-14.9054870887496	-8.78558420370152	19
-14.8944744855768	-8.81676509137261	19
-14.8834644599324	-8.84798752008122	19
-14.8724570118165	-8.87925148982734	19
-14.861452141229	-8.91055700061097	19
-14.85044984817	-8.94190405243212	19
-14.8394501326394	-8.97329264529078	19
-14.8284529946372	-9.00472277918696	19
-14.8174584341635	-9.03619445412064	19
-14.8064664512183	-9.06770767009184	19
-14.7954770458015	-9.09926242710056	19
-14.7844902179131	-9.13085872514679	19
-14.7735059675532	-9.16249656423053	19
-14.7625242947218	-9.19417594435179	19
-14.7515451994188	-9.22589686551056	19
-14.7477480683763	-9.23654994401696	19
-14.7437508179771	-9.24712956003378	19
-14.7395548684251	-9.25763195467383	19
-14.7351617105214	-9.26805339648629	19
-14.730572905134	-9.27839018278252	19
-14.7257900826436	-9.28863864095156	19
-14.7208149423642	-9.29879512976503	19
-14.7156492519396	-9.30885604067081	19
-14.7102948467148	-9.31881779907517	19
-14.7047536290847	-9.32867686561277	19
-14.6990275678173	-9.33842973740421	19
-14.6931186973552	-9.34807294930061	19
-14.6870291170917	-9.35760307511467	19
-14.6807609906257	-9.36701672883808	19
-14.6743165449928	-9.37631056584451	19
-14.6676980698738	-9.3854812840779	19
-14.6609079167813	-9.39452562522574	19
-14.6539484982245	-9.40344037587669	19
-14.6468222868516	-9.41222236866229	19
-14.6395318145716	-9.42086848338231	19
-14.6320796716545	-9.42937564811338	19
-14.6244685058114	-9.43774084030036	19
-14.616701021253	-9.44596108783031	19
-14.6087799777298	-9.45403347008841	19
-14.6007081895508	-9.46195511899569	19
-14.5924885245838	-9.46972322002802	19
-14.5841239032368	-9.47733501321609	19
-14.5756172974197	-9.48478779412601	19
-14.5669717294893	-9.49207891482023	19
-14.5581902711746	-9.49920578479827	19
-14.5492760424858	-9.50616587191716	19
-14.5402322106061	-9.5129567032911	19
-14.5310619887659	-9.51957586617004	19
-14.5217686351012	-9.52602100879692	19
-14.5123554514964	-9.53228984124325	19
-14.5028257824108	-9.53838013622271	19
-14.4931830136905	-9.54428972988251	19
-14.4834305713653	-9.55001652257214	19
-14.4735719204314	-9.55555847958945	19
-14.4636105636206	-9.56091363190348	19
-14.4535500401557	-9.56608007685412	19
-14.4433939244925	-9.57105597882808	19
-14.4331458250508	-9.57583956991109	19
-14.4228093829313	-9.580429150516	19
-14.4123882706229	-9.58482308998668	19
-14.401886190697	-9.58901982717737	19
-14.3913068744926	-9.59301787100731	19
-14.3806540807905	-9.59681580099058	19
-14.3699315944775	-9.60041226774073	19
-14.359143225202	-9.60380599345026	19
-14.3482928060201	-9.60699577234458	19
-14.3373841920341	-9.60998047111044	19
-14.3264212590227	-9.61275902929857	19
-14.3154079020637	-9.61533045970048	19
-14.3043480341505	-9.61769384869921	19
-14.2932455848014	-9.61984835659388	19
-14.2821044986638	-9.6217932178981	19
-14.2709287341126	-9.62352774161191	19
-14.2597222618437	-9.6250513114673	19
-14.2484890634634	-9.62636338614715	19
-14.2372331300735	-9.62746349947757	19
-14.2259584608536	-9.62835126059354	19
-14.2146690616399	-9.62902635407776	19
-14.2033689435023	-9.62948854007272	19
-14.192062121319	-9.62973765436595	19
-14.1807526123499	-9.62977360844832	19
-14.1694444348098	-9.62959638954552	19
-14.1581416064404	-9.62920606062259	19
-14.1468481430826	-9.62860276036152	19
-14.1355680572504	-9.62778670311203	19
-14.1243053567044	-9.62675817881537	19
-14.1130640430285	-9.62551755290133	19
-14.101848110208	-9.62406526615839	19
-14.0906615432104	-9.62240183457711	19
-14.0795083165697	-9.62052784916682	19
-14.0683923929742	-9.6184439757456	19
-14.0573177218585	-9.61615095470377	19
-14.0462882380007	-9.61364960074077	19
-14.0353078601239	-9.61094080257576	19
-14.0243804895039	-9.60802552263183	19
-14.0135100085836	-9.60490479669407	19
-14.0027002795931	-9.60157973354153	19
-13.9919551431775	-9.59805151455333	19
-13.9812784170328	-9.59432139328887	19
-13.9706738945488	-9.59039069504248	19
-13.9601453434619	-9.58626081637252	19
-13.9496965045162	-9.58193322460522	19
-13.9393310901344	-9.57740945731333	19
-13.9290527830989	-9.57269112176983	19
-13.9188652352432	-9.56777989437687	19
-13.9087720661546	-9.56267752007016	19
-13.8987768618879	-9.55738581169899	19
-13.8888831736917	-9.55190664938215	19
-13.8790945167463	-9.54624197983993	19
-13.8694143689149	-9.54039381570243	19
-13.8598461695079	-9.53436423479453	19
-13.8503933180609	-9.52815537939761	19
-13.8410591731272	-9.52176945548844	19
-13.8318470510839	-9.51520873195537	19
-13.8227602249542	-9.50847553979223	19
-13.8138019232441	-9.50157227127014	19
-13.8049753287955	-9.49450137908753	19
-13.7962835776555	-9.48726537549872	19
-13.7877297579618	-9.47986683142134	19
-13.7793169088458	-9.47230837552287	19
-13.7710480193528	-9.4645926932867	19
-13.7629260273798	-9.45672252605798	19
-13.7549538186319	-9.44870067006966	19
-13.7471342255969	-9.44052997544898	19
-13.7394700265389	-9.43221334520482	19
-13.7319639445115	-9.42375373419632	19
-13.7246186463898	-9.41515414808297	19
-13.7174367419233	-9.40641764225679	19
-13.7104207828083	-9.39754732075669	19
-13.7035732617819	-9.38854633516566	19
-13.6968966117355	-9.37941788349103	19
-13.6903932048513	-9.3701652090282	19
-13.6840653517586	-9.36079159920836	19
-13.6779153007135	-9.35130038443044	19
-13.6719452367999	-9.34169493687786	19
-13.6661572811531	-9.3319786693204	19
-13.6605534902062	-9.32215503390165	19
-13.6551358549593	-9.3122275209125	19
-13.6499063002726	-9.30219965755105	19
-13.6448666841818	-9.2920750066694	19
-13.6400187972387	-9.2818571655078	19
-13.6353643618742	-9.27154976441656	19
-13.6309050317872	-9.26115646556621	19
-13.6266423913564	-9.25068096164634	19
-13.6225779550777	-9.24012697455361	19
-13.6187131670258	-9.22949825406939	19
-13.6150494003417	-9.21879857652744	19
-13.6115879567441	-9.20803174347226	19
-13.6083300660674	-9.19720158030836	19
-13.6052768858249	-9.18631193494114	19
-13.6024295007967	-9.17536667640976	19
-13.5997889226453	-9.16436969351244	19
-13.5973560895555	-9.15332489342485	19
-13.5951318659013	-9.14223620031188	19
-13.5931170419389	-9.13110755393337	19
-13.5913123335255	-9.11994290824441	19
-13.5897183818654	-9.10874622999043	19
-13.5883357532822	-9.09752149729792	19
-13.5871649390171	-9.08627269826095	19
-13.5862063550549	-9.07500382952425	19
-13.5854603419759	-9.06371889486323	19
-13.584927164835	-9.05242190376144	19
-13.5846070130675	-9.04111686998603	19
-13.5845000004218	-9.02980781016166	19
-13.584606164919	-9.01849874234344	19
-13.5849254688393	-9.00719368458932	19
-13.5854577987356	-8.99589665353249	19
-13.5862029654736	-8.98461166295428	19
-13.5871607042991	-8.97334272235813	19
-13.5883306749321	-8.96209383554496	19
-13.5897124616875	-8.95086899919069	19
-13.5913055736231	-8.93967220142624	19
-13.5931094447139	-8.92850742042053	19
-13.595123434053	-8.9173786229671	19
-13.5973468260795	-8.90628976307468	19
-13.599778830833	-8.8952447805624	19
-13.6024185842337	-8.88424759965995	19
-13.6052651483897	-8.87330212761334	19
-13.6083175119304	-8.86241225329666	19
-13.6115745903656	-8.85158184583043	19
-13.6150352264707	-8.84081475320682	19
-13.618660664957	-8.83018507049226	19
-13.6232149913146	-8.81700906625013	19
-13.6280697477134	-8.80296393125149	19
-13.6314171807654	-8.79327960598913	19
-13.6354900537107	-8.7814965630729	19
-13.6403732573206	-8.76736922196774	19
-13.646151035576	-8.75065387706676	19
-13.6529058878246	-8.7311118742488	19
-13.6607174709371	-8.7085127874361	19
-13.6696615014641	-8.68263759515186	19
-13.6798086577926	-8.65328185707785	19
-13.6912234823027	-8.62025889061199	19
-13.7039632835241	-8.58340294742597	19
-13.7180770382928	-8.54257239002285	19
-13.7336042939078	-8.49765286829465	19
-13.7505740702875	-8.44856049607996	19
-13.7690037779529	-8.39524498191617	19
-13.7888985251317	-8.33769163355615	19
-13.8102513785194	-8.27592060232069	19
-13.8330439867049	-8.20998507778837	19
-13.8572472167757	-8.1399694443435	19
-13.8828217909213	-8.06598743772407	19
-13.9097189230386	-7.98818030156969	19
-13.9378809553357	-7.90671494396952	19
-13.9672419949365	-7.82178209401031	19
-13.997728550485	-7.73359445832424	19
-14.0292601687502	-7.64238487763691	19
-14.0617500712299	-7.54840448331529	19
-14.0951057907554	-7.45192085391573	19
-14.1292298080961	-7.35321617173176	19
-14.1640201885635	-7.25258537934223	19
-14.1993712186159	-7.15033433615909	19
-14.2351740424631	-7.04677797497541	19
-14.2713172986701	-6.94223845851338	19
-14.307687756762	-6.83704333597217	19
-14.3441709538286	-6.7315236995759	19
-14.3806518310689	-6.62601234133448	19
-14.4170153688813	-6.52084191501391	19
-14.4531472183975	-6.41634311083923	19
-14.4889343316676	-6.31284283502595	19
-14.5242655917966	-6.21066238948598	19
-14.5590324430812	-6.11011565153373	19
-14.5931295211455	-6.01150725359226	19
-14.6264552830784	-5.91513076289919	19
-14.6589126375693	-5.82126686121279	19
-14.6904095750453	-5.73018152451814	19
-14.7208597978068	-5.64212420273301	19
-14.7501833501648	-5.55732599941402	19
-14.7783072485768	-5.4759978514627	19
-14.8051661117836	-5.39832870883146	19
-14.8307027909457	-5.32448371422978	19
-14.8548689997796	-5.25460238283002	19
-14.8776259446944	-5.18879678197378	19
-14.8989449549285	-5.12714971087769	19
-14.9188081126855	-5.06971288033966	19
-14.9372088832712	-5.01650509244477	19
-14.9541527293237	-4.96751046624406	19
-14.9696573373515	-4.92267778394215	19
-14.9837518993762	-4.88192256803219	19
-14.9964760372399	-4.84513019120087	19
-15.0078787140457	-4.81215902342243	19
-15.0180171455988	-4.7828435790529	19
-15.0269557118462	-4.75699766392426	19
-15.0347648683179	-4.73441752243856	19
-15.0415200575671	-4.71488498466207	19
-15.0473006206108	-4.69817061341946	19
-15.0521887083703	-4.68403685138797	19
-15.0562681931119	-4.67224116819152	19
-15.0596235798871	-4.66253920749488	19
-15.0644967123149	-4.64844878102939	19
-15.0684038575572	-4.63715148649977	19
-15.0716946037725	-4.62763648434273	19
-15.0749672989114	-4.61817367593119	19
-15.0785466506864	-4.60782423018142	19
-15.0821668179278	-4.59735773309385	19
-15.0854561257564	-4.5878503409473	19
-15.0894327467443	-4.57636155014744	19
-15.0931730165021	-4.56556221724596	19
-15.0974657688754	-4.55317683986054	19
-15.1010800159721	-4.54275730809449	19
-15.1050583651991	-4.53129726908809	19
-15.1094246410757	-4.51873117947485	19
-15.1142031830115	-4.50499256585084	19
-15.1176301506389	-4.49514890569682	19
-15.1212588304786	-4.48473416260225	19
-15.125096766585	-4.47372814869865	19
-15.129151579417	-4.46211059401755	19
-15.1334309607775	-4.44986116681269	19
-15.1379426687531	-4.43695949388231	19
-15.1426945226539	-4.42338518089132	19
-15.1476943979527	-4.40911783269356	19
-15.1529502212245	-4.39413707365397	19
-15.1584699650865	-4.37842256797089	19
-15.1642616431375	-4.36195403999822	19
-15.1703333048971	-4.34471129456769	19
-15.1766930307458	-4.32667423731104	19
-15.1833489268643	-4.30782289498228	19
-15.1867904777655	-4.29808566339703	19
-15.1903091201729	-4.2881374357799	19
-15.1939058723618	-4.27797575859053	19
-15.1975817532714	-4.2675981896691	19
-15.2013377823463	-4.25700229887143	19
-15.2051749793785	-4.24618566870401	19
-15.2090943643494	-4.23514589495913	19
-15.2130969572714	-4.2238805873499	19
-15.21718377803	-4.21238737014534	19
-15.2213558462253	-4.20066388280544	19
-15.2256141810145	-4.18870778061624	19
-15.229959800953	-4.17651673532489	19
-15.234393723837	-4.16408843577473	19
-15.2389169665446	-4.15142058854034	19
-15.2435305448783	-4.13851091856264	19
-15.2482354734066	-4.12535716978393	19
-15.2530327653059	-4.11195710578298	19
-15.2579234322023	-4.09830851041008	19
-15.2629084840134	-4.08440918842214	19
-15.2679889287904	-4.07025696611772	19
-15.2731657725598	-4.05584969197212	19
-15.2784400191653	-4.04118523727246	19
-15.2838126701097	-4.02626149675275	19
-15.2892847243965	-4.01107638922892	19
-15.2948571783721	-3.99562785823394	19
-15.3005310255677	-3.97991387265286	19
-15.3063072565407	-3.96393242735787	19
-15.312186858717	-3.94768154384342	19
-15.3181708162327	-3.93115927086123	19
-15.3242601097761	-3.9143636850554	19
-15.3304557164292	-3.89729289159745	19
-15.3367586095099	-3.87994502482142	19
-15.343169758414	-3.86231824885891	19
-15.3496901284564	-3.84441075827417	19
-15.3563206807137	-3.82622077869917	19
-15.3630623718656	-3.80774656746865	19
-15.3699161540371	-3.78898641425521	19
-15.3768829746398	-3.76993864170437	19
-15.3839637762145	-3.75060160606963	19
-15.3911594962725	-3.73097369784757	19
-15.3984710671377	-3.71105334241288	19
-15.4058994157884	-3.69083900065346	19
-15.4134454636993	-3.67032916960549	19
-15.421110126683	-3.64952238308847	19
-15.4288943147323	-3.62841721234031	19
-15.4367989318619	-3.60701226665241	19
-15.4448248759499	-3.58530619400471	19
-15.4529730385803	-3.56329768170075	19
-15.4612443048844	-3.54098545700278	19
-15.469639553383	-3.5183682877668	19
-15.4781596558278	-3.49544498307762	19
-15.4868054770436	-3.47221439388398	19
-15.4955778747702	-3.44867541363354	19
-15.5044776995042	-3.42482697890802	19
-15.5135057943405	-3.40066807005824	19
-15.5226629948148	-3.37619771183918	19
-15.531950128745	-3.35141497404508	19
-15.5413680160731	-3.32631897214448	19
-15.5509174687075	-3.3009088679153	19
-15.5605992903641	-3.27518387007992	19
-15.5704142764089	-3.24914323494024	19
-15.5803632136993	-3.22278626701273	19
-15.5904468804264	-3.19611231966355	19
-15.6006660459566	-3.16912079574355	19
-15.6110214706735	-3.14181114822343	19
-15.6215139058198	-3.11418288082869	19
-15.6321440933391	-3.08623554867483	19
-15.6429127657179	-3.05796875890234	19
-15.6538206458273	-3.02938217131174	19
-15.6648684467651	-3.00047549899877	19
-15.6760568716973	-2.97124850898933	19
-15.6873866137002	-2.94170102287463	19
-15.6988583556023	-2.91183291744623	19
-15.710472769826	-2.8816441253311	19
-15.7222305182295	-2.85113463562671	19
-15.7341322519488	-2.82030449453612	19
-15.7461786112396	-2.78915380600298	19
-15.7583702253186	-2.75768273234665	19
-15.7707077122062	-2.7258914948973	19
-15.7831916785678	-2.69378037463088	19
-15.7958227195558	-2.66134971280432	19
-15.8086014186514	-2.62859991159046	19
-15.8215283475066	-2.59553143471325	19
-15.8346040657861	-2.56214480808269	19
-15.847829121009	-2.52844062043005	19
-15.8612040483905	-2.49441952394279	19
-15.8747293706843	-2.46008223489974	19
-15.8884055980239	-2.4254295343061	19
-15.9022332277648	-2.39046226852854	19
-15.9162127443263	-2.35518134993028	19
-15.9303446190333	-2.31958775750615	19
-15.9446293099582	-2.28368253751763	19
-15.9590672617625	-2.24746680412794	19
-15.9736589055394	-2.21094174003716	19
-15.9884046586547	-2.17410859711721	19
-16.0033049245893	-2.13696869704697	19
-16.0183600927811	-2.09952343194737	19
-16.0335705384663	-2.06177426501639	19
-16.0489366225218	-2.0237227311642	19
-16.064458691307	-1.98537043764819	19
-16.0801370765052	-1.94671906470805	19
-16.0959720949661	-1.90777036620085	19
-16.1119640485472	-1.8685261702361	19
-16.1281132239559	-1.82898837981079	19
-16.1444198925913	-1.78915897344454	19
-16.160884310386	-1.74904000581456	19
-16.1775067176479	-1.70863360839081	19
-16.1942873389043	-1.66794199005842	19
-16.2112263827948	-1.62696743740217	19
-16.2283240420939	-1.58571231411711	19
-16.2455804937844	-1.54417906006855	19
-16.2629958991332	-1.50237019033813	19
-16.2805704037672	-1.46028829426988	19
-16.298304137749	-1.4179360345164	19
-16.3161972156525	-1.37531614608481	19
-16.3342497366389	-1.33243143538293	19
-16.3524617845323	-1.28928477926532	19
-16.3708334278953	-1.24587912407939	19
-16.3893647201053	-1.20221748471148	19
-16.4080556994296	-1.15830294363293	19
-16.4269063891016	-1.11413864994616	19
-16.4459167973964	-1.06972781843078	19
-16.4650869177065	-1.02507372858967	19
-16.4844167286176	-0.980179723695032	19
-16.5039061939846	-0.935049209834504	19
-16.5235552630068	-0.88968565495724	19
-16.5433638703042	-0.844092587920001	19
-16.5633319359931	-0.798273597533217	19
-16.5834593657616	-0.75223233160709	19
-16.6037460509457	-0.70597249599768	19
-16.6241918686049	-0.659497853652954	19
-16.6447966815979	-0.612812223658929	19
-16.6655603386584	-0.565919480285717	19
-16.686482674471	-0.518823552033601	19
-16.7075635097467	-0.471528420679165	19
-16.728802651299	-0.424038120321327	19
-16.7501998921191	-0.37635673642744	19
-16.7717550114524	-0.328488404879418	19
-16.7934677748735	-0.280437311019734	19
-16.8153379343625	-0.232207688697611	19
-16.8373652283806	-0.183803819315	19
-16.8595493819457	-0.135230030872731	19
-16.8818901067084	-0.0864906970165835	19
-16.9043871010274	-0.0375902360833793	19
-16.9270400500458	0.0114668898529624	19
-16.9498486257663	0.0606761759353374	19
-16.9728124871274	0.110033075477305	19
-16.9959312800788	0.159533000917123	19
-17.0192046376574	0.209171324771522	19
-17.0426321800629	0.25894338058979	19
-17.0662135147336	0.308844463907509	19
-17.0899482364223	0.358869833200612	19
-17.1138359272718	0.409014710839199	19
-17.1378761568909	0.459274284041526	19
-17.16206848243	0.509643705827899	19
-17.1864124486569	0.560118095974539	19
-17.2109075880326	0.610692541967597	19
-17.2355534207868	0.661362099956956	19
-17.2603494549942	0.712121795710245	19
-17.2852951866497	0.762966625566706	19
-17.3103900997444	0.813891557391117	19
-17.3356336663413	0.864891531527683	19
-17.3610253466514	0.915961461754027	19
-17.3865645891086	0.967096236234995	19
-17.4122508304465	1.01829071847667	19
-17.4380834957734	1.06953974828027	19
-17.4640619986483	1.12083814269598	19
-17.4901857411568	1.17218069697699	19
-17.5164541139867	1.22356218553333	19
-17.5428664965036	1.27497736288581	19
-17.5694222568271	1.32642096461991	19
-17.596120751906	1.37788770833977	19
-17.6229613275947	1.42937229462201	19
-17.6499433187283	1.4808694079697	19
-17.6770660491987	1.53237371776628	19
-17.7043288320305	1.58387987922948	19
-17.7317309694563	1.63538253436515	19
-17.759271752993	1.6868763129213	19
-17.786950463517	1.73835583334197	19
-17.8147663713405	1.78981570372108	19
-17.8427187362867	1.84125052275644	19
-17.8708068077662	1.89265488070363	19
-17.8990298248521	1.94402336032987	19
-17.9273870163561	1.99535053786805	19
-17.9558776009044	2.04663098397049	19
-17.984500787013	2.09785926466299	19
-18.013255773164	2.1490299422987	19
-18.0421417478809	2.20013757651199	19
-18.0711578898046	2.25117672517245	19
-18.100303367769	2.30214194533874	19
-18.129577340877	2.35302779421253	19
-18.1589789585759	2.40382883009241	19
-18.1885073607336	2.45453961332782	19
-18.2181616777139	2.50515470727294	19
-18.2479410304525	2.55566867924062	19
-18.2778445305329	2.60607610145634	19
-18.3078712802618	2.65637155201201	19
-18.338020372745	2.70654961582001	19
-18.3682908919634	2.75660488556704	19
-18.3986819128483	2.80653196266804	19
-18.4291925013576	2.85632545822012	19
-18.4598217145513	2.90597999395648	19
-18.4905686006673	2.9554902032003	19
-18.521432199197	3.00485073181868	19
-18.5524115409616	3.05405623917657	19
-18.583505648187	3.1031013990906	19
-18.6147135345806	3.15198090078314	19
-18.6460342054059	3.20068944983607	19
-18.6774666575594	3.24922176914479	19
-18.7090098796453	3.29757259987211	19
-18.7406628520521	3.34573670240214	19
-18.7724245470278	3.39370885729425	19
-18.8042939287561	3.44148386623696	19
-18.8362699534318	3.48905655300183	19
-18.8683515693365	3.53642176439745	19
-18.9005377169148	3.58357437122328	19
-18.9328273288498	3.63050926922361	19
-18.9652193301386	3.67722138004144	19
-18.9977126381685	3.72370565217245	19
-19.0303061627924	3.76995706191885	19
-19.062998806405	3.81597061434337	19
-19.095789464018	3.86174134422308	19
-19.1286770233361	3.90726431700342	19
-19.161660364833	3.952534629752	19
-19.1947383618267	3.99754741211262	19
-19.2279098805558	4.04229782725911	19
-19.2611737802545	4.08678107284928	19
-19.2945289132293	4.13099238197882	19
-19.3279741249339	4.17492702413524	19
-19.3615082540454	4.21858030615175	19
-19.39513013254	4.26194757316123	19
-19.4288385857688	4.30502420955008	19
-19.4626324325333	4.34780563991217	19
-19.4965104851615	4.39028733000277	19
-19.5304715495834	4.43246478769245	19
-19.5645144254068	4.47433356392096	19
-19.5986379059933	4.51588925365123	19
-19.6328407785336	4.5571274968232	19
-19.6671218241236	4.59804397930777	19
-19.7014798178404	4.63863443386076	19
-19.7359135288171	4.67889464107673	19
-19.7704217203197	4.71882043034297	19
-19.805003149822	4.75840768079341	19
-19.839656569082	4.7976523222625	19
-19.8743807242171	4.83655033623915	19
-19.9091743557802	4.87509775682065	19
-19.9440361988354	4.91329067166657	19
-19.9789649830335	4.95112522295268	19
-20.0139594326883	4.98859760832489	19
-20.0490182668517	5.0257040818531	19
-20.08414019939	5.06244095498522	19
-20.1193239390594	5.09880459750097	19
-20.1545681895817	5.13479143846588	19
-20.1898716497203	5.17039796718518	19
-20.2252330133555	5.2056207341577	19
-20.260650969561	5.24045635202981	19
-20.2961242026788	5.27490149654931	19
-20.3316513923956	5.30895290751938	19
-20.3672312138182	5.34260738975247	19
-20.4028623375496	5.37586181402419	19
-20.4385434297643	5.40871311802731	19
-20.4742731522844	5.44115830732559	19
-20.5100501626551	5.47319445630774	19
-20.5458731142209	5.50481870914131	19
-20.5817406562008	5.53602828072663	19
-20.6176514337643	5.56682045765073	19
-20.6536040881074	5.5971925991412	19
-20.689597256528	5.62714213802022	19
-20.7256295725017	5.65666658165831	19
-20.7616996657576	5.68576351292842	19
-20.7978061623544	5.71443059115971	19
-20.8339476847556	5.74266555309156	19
-20.8701228519054	5.7704662138274	19
-20.9063302793048	5.79783046778873	19
-20.9425685790871	5.82475628966892	19
-20.9788363600934	5.85124173538722	19
-21.015132227949	5.87728494304262	19
-21.0514547851384	5.9028841338678	19
-21.0878026310818	5.92803761318301	19
-21.1241743622102	5.95274377135003	19
-21.1605685720416	5.97700108472604	19
-21.1969838512566	6.00080811661757	19
-21.233418787774	6.0241635182344	19
-21.269871966827	6.04706602964346	19
-21.3063419710385	6.06951448072281	19
-21.3428273804969	6.09150779211545	19
-21.3793267728322	6.11304497618335	19
-21.4158387232923	6.13412513792589	19
-21.4523618048323	6.15474747536229	19
-21.4888945882268	6.17491127896235	19
-21.5254356421874	6.19461593081852	19
-21.5619835334814	6.21386090381263	19
-21.5985368270497	6.23264576078277	19
-21.6350940861253	6.25097015369003	19
-21.6716538723511	6.26883382278533	19
-21.7082147458984	6.28623659577621	19
-21.744775265585	6.30317838699358	19
-21.7813339889934	6.31965919655862	19
-21.817889472589	6.33567910954948	19
-21.8544402718382	6.35123829516811	19
-21.890984941327	6.36633700590709	19
-21.9275220348786	6.38097557671639	19
-21.964050105672	6.39515442417017	19
-22.0005677063602	6.40887404563359	19
-22.0370733891881	6.42213501842961	19
-22.0735657061112	6.43493799900579	19
-22.1100432089131	6.44728372210105	19
-22.1465044493245	6.45917299991251	19
-22.1829479791406	6.4706067212623	19
-22.2193723503401	6.4815858507643	19
-22.2557761152028	6.49211142799098	19
-22.2921578264279	6.50218456664019	19
-22.3285160372524	6.51180645370197	19
-22.3648493015693	6.5209783486253	19
-22.4011561740454	6.52970158248495	19
-22.4374352102401	6.53797755714828	19
-22.4736849667232	6.54580774444198	19
-22.5099040011931	6.55319368531891	19
-22.5460908725951	6.56013698902491	19
-22.5822441412397	6.56663933226558	19
-22.6183623689206	6.57270245837306	19
-22.654444119033	6.57832817647285	19
-22.6904879566918	6.5835183606506	19
-22.7264924488499	6.58827494911893	19
-22.762456164416	6.59259994338419	19
-22.7983776743733	6.59649540741327	19
-22.8342555518976	6.59996346680042	19
-22.870088372475	6.60300630793404	19
-22.9058747140208	6.60562617716343	19
-22.9416131569973	6.60782537996566	19
-22.9773022845321	6.60960628011231	19
-23.0129406825362	6.61097129883634	19
-23.0485269398223	6.61192291399878	19
-23.0840596482231	6.61246365925562	19
-23.1195374027093	6.61259612322457	19
-23.1549588015077	6.61232294865185	19
-23.19032244622	6.61164683157903	19
-23.2256269419401	6.61057052050977	19
-23.260870897373	6.60909681557667	19
-23.2960529249529	6.60722856770802	19
-23.3311716409611	6.60496867779462	19
-23.3662256656444	6.60232009585662	19
-23.4012136233332	6.59928582021023	19
-23.43613414256	6.59586889663458	19
-23.4709858561772	6.59207241753851	19
-23.5057674014755	6.58789952112735	19
-23.540477420302	6.58335339056974	19
-23.5751145591786	6.5784372531644	19
-23.60967746942	6.57315437950697	19
-23.6441648072519	6.56750808265673	19
-23.6785752339295	6.56150171730349	19
-23.7129074158552	6.55513867893436	19
-23.7471600246972	6.54842240300048	19
-23.7813317375075	6.54135636408392	19
-23.8154212368402	6.5339440750644	19
-23.8494272108697	6.52618908628615	19
-23.8833483535089	6.51809498472462	19
-23.9171833645271	6.50966539315339	19
-23.9509309496688	6.50090396931088	19
-23.9845898207713	6.49181440506718	19
-24.0181586958834	6.48240042559085	19
-24.0516362993831	6.4726657885157	19
-24.0850213620963	6.46261428310764	19
-24.1183126214145	6.45224972943139	19
-24.1515088214134	6.44157597751736	19
-24.1846087129711	6.43059690652839	19
-24.2176110538859	6.41931642392661	19
-24.2505146089948	6.40773846464015	19
-24.2833181502919	6.39586699023001	19
-24.316020457046	6.38370598805685	19
-24.3486203159193	6.37125947044775	19
-24.3811165210856	6.35853147386304	19
-24.4135078743481	6.3455260580631	19
-24.4457931852581	6.33224730527512	19
-24.4779712712327	6.31869931935993	19
-24.5100409576734	6.30488622497881	19
-24.5420010780841	6.29081216676026	19
-24.5738504741894	6.27648130846678	19
-24.6055879960526	6.26189783216174	19
-24.6372125021943	6.2470659373761	19
-24.6687228597101	6.23198984027526	19
-24.7001179443891	6.21667377282581	19
-24.7313966408321	6.20112198196239	19
-24.7625578425698	6.18533872875442	19
-24.7936004521808	6.16932828757295	19
-24.8245233814101	6.15309494525743	19
-24.8553255512869	6.13664300028252	19
-24.8860058922432	6.11997676192489	19
-24.9165633442319	6.10310054943	19
-24.9469968568448	6.08601869117892	19
-24.977305389431	6.0687355238551	19
-25.0074879112151	6.0512553916112	19
-25.0375434014152	6.03358264523586	19
-25.0674708493613	6.01572164132053	19
-25.0972692546135	5.99767674142623	19
-25.12693762708	5.97945231125037	19
-25.1564749871355	5.96105271979354	19
-25.1858803657394	5.94248233852631	19
-25.2151528045538	5.92374554055604	19
-25.244291356062	5.90484669979366	19
-25.2732950836862	5.88579019012047	19
-25.3021630619065	5.86658038455493	19
-25.3308943763783	5.84722165441951	19
-25.3594881240508	5.82771836850741	19
-25.3879434132855	5.80807489224939	19
-25.4162593639738	5.7882955868806	19
-25.4444351076559	5.76838480860734	19
-25.4724697876382	5.74834690777386	19
-25.5003625591122	5.72818622802918	19
-25.5281125892724	5.70790710549385	19
-25.5557190574344	5.68751386792679	19
-25.5831811551534	5.66701083389207	19
-25.6104980863421	5.6464023119257	19
-25.637669067389	5.62569259970243	19
-25.6646933272767	5.60488598320255	19
-25.6915701076999	5.58398673587871	19
-25.7182986631839	5.56299911782267	19
-25.7448782612024	5.54192737493215	19
-25.7713081822962	5.52077573807758	19
-25.7975877201908	5.49954842226893	19
-25.8237161819151	5.47824962582251	19
-25.8496928879194	5.45688352952773	19
-25.8755171721935	5.43545429581395	19
-25.9011883823852	5.41396606791723	19
-25.9267058799182	5.39242296904717	19
-25.9520690401104	5.37082910155366	19
-25.9772772522922	5.34918854609373	19
-26.0023299199244	5.32750536079831	19
-26.0272264607168	5.30578358043903	19
-26.0519663067463	5.28402721559505	19
-26.0765489045747	5.26224025181981	19
-26.1009737153674	5.24042664880788	19
-26.1252402150115	5.21859033956171	19
-26.1493478942336	5.19673522955846	19
-26.1732962587187	5.17486519591676	19
-26.1970848292276	5.15298408656358	19
-26.2207131417158	5.13109571940094	19
-26.2441807474513	5.10920388147277	19
-26.2674872131329	5.08731232813169	19
-26.2906321210083	5.06542478220578	19
-26.3136150689926	5.04354493316543	19
-26.3364356707863	5.02167643629008	19
-26.3590935559931	4.99982291183509	19
-26.3815883702391	4.97798794419846	19
-26.40391977529	4.95617508108766	19
-26.4260874491696	4.93438783268648	19
-26.4480910862786	4.91262967082171	19
-26.4699303975118	4.89090402813004	19
-26.4916051103769	4.86921429722485	19
-26.5131149691129	4.84756382986293	19
-26.5344597348075	4.82595593611137	19
-26.5556391855163	4.80439388351428	19
-26.57665311638	4.78288089625966	19
-26.5975013397436	4.76142015434615	19
-26.6181836852736	4.74001479274984	19
-26.638700000077	4.71866790059105	19
-26.659050148819	4.69738252030118	19
-26.6792340138417	4.67616164678944	19
-26.6992514952816	4.6550082266097	19
-26.7191025111885	4.63392515712728	19
-26.7387869976431	4.6129152856857	19
-26.7583049088757	4.59198140877353	19
-26.7776562173841	4.5711262711912	19
-26.7968409140519	4.55035256521773	19
-26.8158590082666	4.52966292977759	19
-26.8347105280382	4.50905994960745	19
-26.8533955201165	4.48854615442314	19
-26.8719140500979	4.46812401813953	19
-26.890266202415	4.44779595857935	19
-26.9084520801859	4.42756433778236	19
-26.9264718050376	4.40743146242304	19
-26.9443255169295	4.38739958422902	19
-26.962013373976	4.36747090039965	19
-26.9795355522704	4.34764755402445	19
-26.9968922457076	4.32793163450162	19
-27.0140836658077	4.30832517795655	19
-27.031110041539	4.2888301676603	19
-27.0479716191413	4.26944853444812	19
-27.0646686619491	4.25018215713795	19
-27.0812014502148	4.23103286294891	19
-27.0975702809322	4.21200242791979	19
-27.1137754676592	4.19309257732757	19
-27.1298173403415	4.17430498610592	19
-27.1456962451356	4.15564127926367	19
-27.161412544232	4.13710303230334	19
-27.1769666156787	4.11869177163965	19
-27.1923588532039	4.10040897501796	19
-27.2075896660398	4.08225607193285	19
-27.2226594787456	4.06423444404655	19
-27.2375687310304	4.04634542560748	19
-27.2523178775771	4.02859030386875	19
-27.2669073878649	4.01097031950662	19
-27.2813377459931	3.99348666703905	19
-27.295609450504	3.97614049524419	19
-27.3097230142063	3.95893290757882	19
-27.323678963998	3.94186496259695	19
-27.3374778406903	3.92493767436824	19
-27.35112019883	3.90815201289653	19
-27.3646066065234	3.89150890453834	19
-27.3779376452589	3.87500923242135	19
-27.391113909731	3.85865383686294	19
-27.4041360076628	3.84244351578866	19
-27.4170045596296	3.82637902515072	19
-27.4297201988821	3.8104610793465	19
-27.4422835711694	3.7946903516371	19
-27.4546953345626	3.77906747456573	19
-27.4669561592778	3.76359304037633	19
-27.4790667274993	3.74826760143197	19
-27.4910277332026	3.73309167063343	19
-27.5028398819785	3.71806572183764	19
-27.5145038908551	3.7031901902762	19
-27.5260204881221	3.68846547297389	19
-27.5373904131533	3.67389192916717	19
-27.5486144162302	3.65946988072266	19
-27.5596932583651	3.64519961255565	19
-27.5706277111244	3.63108137304861	19
-27.5814185564516	3.61711537446968	19
-27.592066586491	3.60330179339117	19
-27.6025726034104	3.58964077110804	19
-27.6129374192245	3.57613241405645	19
-27.6231618556183	3.56277679423222	19
-27.6332467437702	3.54957394960932	19
-27.6431929241751	3.53652388455842	19
-27.653001246468	3.52362657026533	19
-27.6626725692466	3.51088194514955	19
-27.6722077598952	3.49828991528273	19
-27.6816076944075	3.4858503548072	19
-27.69087325721	3.47356310635445	19
-27.7000053409851	3.46142798146365	19
-27.7090048464944	3.44944476100012	19
-27.717872682402	3.43761319557386	19
-27.7266097650976	3.42593300595802	19
-27.7352170185198	3.41440388350743	19
-27.7436953739793	3.40302549057708	19
-27.752045769982	3.39179746094062	19
-27.7602691520524	3.38071940020889	19
-27.768366472557	3.36979088624835	19
-27.7763386905271	3.35901146959967	19
-27.7841867714821	3.34838067389616	19
-27.791911687253	3.33789799628228	19
-27.7995144158055	3.32756290783219	19
-27.8069959410632	3.31737485396819	19
-27.8143572527307	3.30733325487923	19
-27.8215993461171	3.29743750593945	19
-27.828723221959	3.28768697812665	19
-27.8357298862437	3.27808101844077	19
-27.8426203500326	3.26861895032242	19
-27.8493956292845	3.25930007407138	19
-27.8560567446785	3.25012366726508	19
-27.8626047214374	3.24108898517712	19
-27.869040589151	3.23219526119576	19
-27.8753653815992	3.22344170724241	19
-27.8815801365753	3.21482751419016	19
-27.8876858957091	3.20635185228222	19
-27.8936837042903	3.19801387155049	19
-27.8995746110918	3.18981270223404	19
-27.911039930801	3.17381722234993	19
-27.9220903079623	3.15835807458848	19
-27.9327342401162	3.14342763100678	19
-27.942980263562	3.12901798715245	19
-27.9528369477004	3.11512097545557	19
-27.9623128893767	3.10172817862076	19
-27.9714167072245	3.08883094301908	19
-27.9801570360084	3.07642039208007	19
-27.9885425209675	3.06448743968376	19
-27.9965818121583	3.05302280355258	19
-28.0042835587983	3.04201701864342	19
-28.0116564036089	3.03146045053962	19
-28.0187089771586	3.02134330884291	19
-28.0254498922065	3.01165566056544	19
-28.0318877380452	3.00238744352178	19
-28.0380310748441	2.99352847972086	19
-28.0438884279926	2.98506848875801	19
-28.0521567867555	2.9731038722189	19
-28.0598291989366	2.9619782938786	19
-28.0669338245222	2.95165617080554	19
-28.0734985042374	2.94210174058394	19
-28.0795507165893	2.93327916300925	19
-28.0868698912989	2.92259227511916	19
-28.0933890064053	2.9130582959802	19
-28.0991693793311	2.90459354742532	19
-28.10544650938	2.89539080334024	19
-28.11173525083	2.88616203292771	19
-28.1175874224586	2.87756841310961	19
-28.1236788026718	2.86862114178185	19
-28.1293924768659	2.86022842162811	19
