1.20515765865591	-19.2667195990803	55
1.1921002262679	-19.2648217075267	55
1.17906126073989	-19.2628008386848	55
1.16604192026819	-19.2606571720599	55
1.1530433613059	-19.2583908980649	55
1.14006673846019	-19.2560022180032	55
1.12711320438973	-19.2534913440513	55
1.11418390970232	-19.2508584992396	55
1.10128000285266	-19.2481039174325	55
1.08840263004038	-19.2452278433079	55
1.07555293510818	-19.2422305323353	55
1.06273205944027	-19.2391122507533	55
1.04994114186096	-19.2358732755456	55
1.03718131853351	-19.2325138944167	55
1.0244537228592	-19.2290344057663	55
1.01175948537667	-19.2254351186628	55
0.999099733661496	-19.2217163528155	55
0.986475592226023	-19.2178784385468	55
0.973888182419488	-19.2139217167624	55
0.961338622328412	-19.2098465389212	55
0.948828026677284	-19.2056532670041	55
0.93635750672955	-19.2013422734817	55
0.923928170188894	-19.1969139412815	55
0.911541121100857	-19.1923686637534	55
0.899197459754763	-19.1877068446353	55
0.886898282585984	-19.182928898017	55
0.874644682078551	-19.1780352483032	55
0.862437746668113	-19.1730263301763	55
0.850278560645255	-19.1679025885573	55
0.838168204059185	-19.1626644785666	55
0.826107752621798	-19.1573124654833	55
0.814098277612126	-19.1518470247043	55
0.802140845781179	-19.1462686417016	55
0.790236519257192	-19.1405778119794	55
0.778386355451278	-19.1347750410301	55
0.766591406963504	-19.1288608442894	55
0.754852721489397	-19.1228357470905	55
0.743171341726873	-19.1167002846173	55
0.731548305283626	-19.110455001857	55
0.719984644584959	-19.1041004535518	55
0.708481386782077	-19.0976372041494	55
0.69703955366085	-19.0910658277531	55
0.685660161551056	-19.0843869080703	55
0.674344221236097	-19.0776010383615	55
0.663092737863223	-19.0707088213868	55
0.651906710854243	-19.0637108693527	55
0.640787133816756	-19.0566078038579	55
0.629734994455888	-19.0494002558376	55
0.618751274486562	-19.042088865508	55
0.607836949546295	-19.034674282309	55
0.596992989108535	-19.0271571648467	55
0.58622035639655	-19.0195381808351	55
0.575520008297866	-19.0118180070363	55
0.56489289527927	-19.0039973292008	55
0.554339961302389	-18.9960768420064	55
0.543862143739837	-18.9880572489966	55
0.533460373291951	-18.9799392625181	55
0.52313557390413	-18.9717236036572	55
0.512888662684753	-18.9634110021764	55
0.502720549823722	-18.9550021964489	55
0.492632138511617	-18.9464979333936	55
0.48262432485946	-18.9378989684082	55
0.472697997819128	-18.9292060653025	55
0.462854039104383	-18.9204199962304	55
0.453093323112557	-18.9115415416214	55
0.443416716846881	-18.9025714901112	55
0.433825079839476	-18.8935106384716	55
0.424319264074999	-18.8843597915398	55
0.414900113914972	-18.875119762147	55
0.405568466022772	-18.8657913710461	55
0.396325149289324	-18.8563754468385	55
0.387170984759465	-18.8468728259013	55
0.378106785559018	-18.8372843523121	55
0.369133356822567	-18.8276108777745	55
0.360251495621938	-18.8178532615426	55
0.351461990895397	-18.8080123703442	55
0.342765623377577	-18.7980890783041	55
0.334163165530124	-18.7880842668667	55
0.325655381473085	-18.7779988247169	55
0.317243026917031	-18.7678336477022	55
0.308926849095936	-18.7575896387524	55
0.300707586700799	-18.7472677077995	55
0.29258596981403	-18.7368687716971	55
0.284562719844602	-18.7263937541389	55
0.276638549463967	-18.7158435855765	55
0.268814162542757	-18.7052192031368	55
0.261090254088261	-18.694521550539	55
0.253467510182687	-18.6837515780104	55
0.245946607922224	-18.6729102422023	55
0.238528215356898	-18.6619985061047	55
0.231212991431231	-18.6510173389611	55
0.224001585925709	-18.6399677161824	55
0.216894639399065	-18.6288506192599	55
0.209892783131384	-18.6176670356785	55
0.202996639068025	-18.6064179588286	55
0.196206819764377	-18.5951043879184	55
0.189523928331451	-18.5837273278846	55
0.182948558382305	-18.5722877893035	55
0.176481293979317	-18.560786788301	55
0.170122709582305	-18.5492253464626	55
0.163873369997502	-18.5376044907424	55
0.157733830327385	-18.5259252533719	55
0.151704635921365	-18.5141886717686	55
0.145786322327352	-18.5023957884435	55
0.13997941524418	-18.4905476509087	55
0.13428443047491	-18.4786453115842	55
0.128701873881021	-18.4666898277047	55
0.123232241337467	-18.4546822612254	55
0.117876018688636	-18.4426236787277	55
0.112633681705195	-18.4305151513248	55
0.107505696041827	-18.4183577545659	55
0.102492517195868	-18.4061525683413	55
0.0975945904668494	-18.3939006767864	55
0.092812350916945	-18.3816031681849	55
0.0881462233323225	-18.3692611348727	55
0.0835966221854134	-18.3568756731404	55
0.0791639515980986	-18.3444478831365	55
0.0748486053058095	-18.3319788687691	55
0.0706509666225552	-18.3194697376082	55
0.0665714084068756	-18.306921600787	55
0.0626102930287189	-18.2943355729038	55
0.0587679723372567	-18.2817127719222	55
0.0550447876296305	-18.2690543190725	55
0.0514410696206324	-18.2563613387515	55
0.0479571384133337	-18.2436349584232	55
0.0445933034706494	-18.2308763085184	55
0.0413498635878478	-18.2180865223339	55
0.0382271068660136	-18.2052667359327	55
0.0352253106864557	-18.1924180880422	55
0.0323447416860667	-18.1795417199537	55
0.0295856557336409	-18.1666387754207	55
0.0269482979071465	-18.1537104005571	55
0.0244329024719545	-18.1407577437362	55
0.0220396928600322	-18.1277819554877	55
0.0197688816500947	-18.1147841883961	55
0.0176206705487241	-18.1017655969984	55
0.0155952503724512	-18.0887273376811	55
0.0136928010308077	-18.0756705685777	55
0.0119134915103438	-18.062596449466	55
0.0102574798596196	-18.0495061416648	55
0.00872491317516499	-18.036400807931	55
0.00731592758841448	-18.0232816123561	55
0.00603064825361477	-18.0101497202628	55
0.00486918933670766	-17.9970062981019	55
0.00383165400519014	-17.983852513348	55
0.00291813441894928	-17.9706895343963	55
0.00212871172207718	-17.9575185304588	55
0.00146345603566189	-17.9443406714601	55
0.000922426451560376	-17.931157127934	55
0.000505671027148269	-17.9179690709189	55
0.000213226781052178	-17.9047776718543	55
4.51196898612061e-05	-17.8915841024767	55
1.36468581879434e-06	-17.8783895347151	55
8.19656554977843e-05	-17.8651951405872	55
0.000286915439454027	-17.8520020920956	55
0.000616195832862321	-17.838811561123	55
0.00106977758713445	-17.8256247193286	55
0.00164762041251598	-17.8124427380441	55
0.00234967298166655	-17.7992667881692	55
0.00317587293421751	-17.7860980400679	55
0.00412614688231172	-17.7729376634646	55
0.00520041041712238	-17.7597868273401	55
0.0063985681163512	-17.7466466998276	55
0.0077205135527032	-17.7335184481092	55
0.00916612930334137	-17.7204032383123	55
0.0107352869603157	-17.7073022354055	55
0.0124278471419703	-17.6942166030956	55
0.0142436595053232	-17.6811475037243	55
0.0161825627594212	-17.6680960981644	55
0.0182443846796663	-17.6550635457173	55
0.0204289421231139	-17.6420510040097	55
0.0227360410447399	-17.6290596288907	55
0.0251654765146794	-17.6160905743294	55
0.027717032736426	-17.6031449923122	55
0.0303904830660027	-17.5902240327405	55
0.0331855900320932	-17.5773288433288	55
0.0361021053571353	-17.5644605695022	55
0.0391397699793739	-17.5516203542953	55
0.0422983140758735	-17.5388093382503	55
0.0455774570864844	-17.5260286593155	55
0.0489769077387636	-17.5132794527449	55
0.0524963640738492	-17.5005628509967	55
0.0561355134732786	-17.487879983633	55
0.0598940326867607	-17.4752319772194	55
0.0637715878608871	-17.462619955225	55
0.0677678345687862	-17.4500450379224	55
0.0718824178407191	-17.4375083422886	55
0.0761149721956089	-17.4250109819053	55
0.0804651216735039	-17.4125540668604	55
0.0849324798689752	-17.400138703649	55
0.0895166499654372	-17.3877659950756	55
0.0942172247703952	-17.3754370401555	55
0.0990337867516162	-17.363152934018	55
0.103965908074216	-17.3509147678083	55
0.109013150638659	-17.3387236285912	55
0.114175066119678	-17.326580599254	55
0.119451196006093	-17.3144867584109	55
0.12484107164154	-17.3024431803067	55
0.130344214266102	-17.2904509347217	55
0.135960135058829	-17.2785110868765	55
0.141688335181166	-17.2666246973374	55
0.147528305821256	-17.2547928219223	55
0.153479528239141	-17.2430165116067	55
0.159541473812834	-17.2312968124306	55
0.165713604085278	-17.2196347654054	55
0.171995370812176	-17.2080314064217	55
0.178386216010683	-17.1964877661568	55
0.184885572008979	-17.1850048699836	55
0.191492861496682	-17.1735837378794	55
0.198207497576137	-17.1622253843351	55
0.205028883814541	-17.1509308182653	55
0.211956414296929	-17.1397010429189	55
0.218989473679986	-17.1285370557892	55
0.226127437246711	-17.1174398485263	55
0.23336967096191	-17.1064104068481	55
0.240715531528507	-17.0954497104536	55
0.248164366444694	-17.0845587329351	55
0.255715514061882	-17.0737384416923	55
0.263368303643479	-17.0629897978459	55
0.271122055424464	-17.0523137561526	55
0.278976080671773	-17.0417112649203	55
0.286929681745469	-17.0311832659235	55
0.294982152160717	-17.0207306943199	55
0.303132776650534	-17.0103544785674	55
0.311380831229325	-17.0000555403414	55
0.319725583257192	-16.9898347944533	55
0.328166291505009	-16.9796931487687	55
0.336702206220264	-16.9696315041272	55
0.345332569193658	-16.9596507542624	55
0.354056613826449	-16.9497517857221	55
0.36287356519855	-16.93993547779	55
0.371782640137358	-16.9302027024072	55
0.380783047287326	-16.9205543240952	55
0.389873987180249	-16.9109911998787	55
0.399054652306279	-16.9015141792097	55
0.408324227185659	-16.892124103892	55
0.417681888441149	-16.8828218080063	55
0.42712680487117	-16.8736081178364	55
0.436658137523632	-16.8644838517956	55
0.446275039770459	-16.8554498203537	55
0.455976657382787	-16.8465068259659	55
0.465762128606844	-16.8376556630005	55
0.475630584240495	-16.828897117669	55
0.485581147710451	-16.8202319679561	55
0.495612935150129	-16.8116609835505	55
0.505725055478162	-16.8031849257765	55
0.515916610477557	-16.7948045475266	55
0.526186694875468	-16.7865205931945	55
0.536534396423616	-16.7783337986089	55
0.546958795979319	-16.7702448909682	55
0.557458967587131	-16.7622545887759	55
0.568033978561101	-16.754363601777	55
0.578682889567606	-16.7465726308945	55
0.589404754708796	-16.7388823681674	55
0.600198621606618	-16.7312934966895	55
0.6110635314874	-16.7238066905481	55
0.621998519267024	-16.7164226147646	55
0.63300261363665	-16.7091419252354	55
0.64407483714899	-16.7019652686733	55
0.655214206305128	-16.6948932825506	55
0.666419731641889	-16.6879265950419	55
0.67769041781972	-16.6810658249687	55
0.689025263711106	-16.6743115817442	55
0.700423262489498	-16.6676644653194	55
0.711883401718738	-16.6611250661296	55
0.723404663442996	-16.6546939650421	55
0.73498602427719	-16.6483717333044	55
0.746626455497885	-16.6421589324938	55
0.758324923134673	-16.636056114467	55
0.770080388062019	-16.6300638213117	55
0.781891806091557	-16.6241825852981	55
0.793758128064839	-16.6184129288314	55
0.805678299946539	-16.612755364406	55
0.817651262918066	-16.6072103945595	55
0.829675953471618	-16.6017785118281	55
0.841751303504655	-16.596460198703	55
0.853876240414764	-16.5912559275876	55
0.866049687194941	-16.5861661607553	55
0.878270562529257	-16.5811913503087	55
0.890537780888901	-16.5763319381391	55
0.902850252628607	-16.5715883558877	55
0.915206884083446	-16.5669610249069	55
0.927606577665962	-16.5624503562229	55
0.940048231963676	-16.5580567504995	55
0.952530741836914	-16.5537805980021	55
0.965052998516975	-16.5496222785632	55
0.977613889704614	-16.545582161549	55
0.990212299668849	-16.5416606058258	55
1.00284710934606	-16.537857959729	55
1.0155171964394	-16.5341745610316	55
1.02822143551847	-16.5306107369144	55
1.04095869811929	-16.5271668039368	55
1.05372785284457	-16.5238430680088	55
1.06652776546413	-16.5206398243639	55
1.07935729901573	-16.5175573575328	55
1.09221531390603	-16.5145959413179	55
1.10510066801178	-16.5117558387694	55
1.11801221678134	-16.5090373021616	55
1.13094881333629	-16.5064405729706	55
1.14390930857332	-16.503965881853	55
1.1568925512663	-16.5016134486251	55
1.16989738816855	-16.4993834822435	55
1.18292266411526	-16.497276180787	55
1.1959672221261	-16.4952917314381	55
1.22061946519376	-16.4917752339806	55
1.23609251675092	-16.48953836612	55
1.25157681332737	-16.4872584030221	55
1.26707235492312	-16.4849353446869	55
1.28257914153817	-16.4825691911144	55
1.29809717317253	-16.4801599423045	55
1.31362644982618	-16.4777075982573	55
1.32916697149913	-16.4752121589729	55
1.34471873819138	-16.4726736244511	55
1.36028174990293	-16.470091994692	55
1.37585600663377	-16.4674672696956	55
1.39144150838392	-16.4647994494618	55
1.40703825515337	-16.4620885339908	55
1.42264624694212	-16.4593345232825	55
1.43826548375016	-16.4565374173368	55
1.45389596557751	-16.4536972161538	55
1.46953769242416	-16.4508139197335	55
1.4851906642901	-16.4478875280759	55
1.50085488117535	-16.444918041181	55
1.51653034307989	-16.4419054590488	55
1.53221705000373	-16.4388497816793	55
1.54791500194688	-16.4357510090724	55
1.56362419890932	-16.4326091412283	55
1.57934464089106	-16.4294241781468	55
1.5950763278921	-16.426196119828	55
1.61081925991244	-16.422924966272	55
1.62657343695208	-16.4196107174786	55
1.64233885901102	-16.4162533734478	55
1.65811552608926	-16.4128529341798	55
1.6739034381868	-16.4094093996745	55
1.68970259530364	-16.4059227699318	55
1.70551299743978	-16.4023930449519	55
1.72133464459521	-16.3988202247346	55
1.73716753676995	-16.39520430928	55
1.75301167396399	-16.3915452985881	55
1.76886705617732	-16.3878431926589	55
1.78473368340996	-16.3840979914924	55
1.80061155566189	-16.3803096950885	55
1.81650067293312	-16.3764783034474	55
1.83240103522366	-16.3726038165689	55
1.84831264253349	-16.3686862344532	55
1.86423549486262	-16.3647255571001	55
1.88016959221105	-16.3607217845097	55
1.89611493457878	-16.356674916682	55
1.91207152196581	-16.352584953617	55
1.92803935437214	-16.3484518953147	55
1.94401843179777	-16.344275741775	55
1.9600087542427	-16.3400564929981	55
1.97601032170693	-16.3357941489838	55
1.99202313419046	-16.3314887097322	55
2.00804719169329	-16.3271401752434	55
2.02408249421541	-16.3227485455172	55
2.04012904175684	-16.3183138205536	55
2.05618683431756	-16.3138360003528	55
2.07225587189759	-16.3093150849147	55
2.08833615449691	-16.3047510742392	55
2.10442768211554	-16.3001439683265	55
2.12053045475346	-16.2954937671764	55
2.13664447241068	-16.290800470789	55
2.15276973508721	-16.2860640791643	55
2.16890624278303	-16.2812845923023	55
2.18505399549815	-16.276462010203	55
2.20121299323257	-16.2715963328664	55
2.21738323598629	-16.2666875602924	55
2.23356472375931	-16.2617356924812	55
2.24975745655163	-16.2567407294326	55
2.26596143436325	-16.2517026711468	55
2.28217665719417	-16.2466215176236	55
2.29840312504438	-16.2414972688631	55
2.3146408379139	-16.2363299248653	55
2.33088979580272	-16.2311194856301	55
2.34714999871083	-16.2258659511577	55
2.36342144663825	-16.2205693214479	55
2.37970413958496	-16.2152295965009	55
2.39599807755098	-16.2098467763165	55
2.41230326053629	-16.2044208608948	55
2.42861968854091	-16.1989518502358	55
2.44494736156482	-16.1934397443395	55
2.46128627960803	-16.1878845432059	55
2.47763644267054	-16.182286246835	55
2.49399785075235	-16.1766448552267	55
2.51037050385346	-16.1709603683812	55
2.52675440197388	-16.1652327862983	55
2.54314954511358	-16.1594621089781	55
2.55955593327259	-16.1536483364207	55
2.5759735664509	-16.1477914686258	55
2.59240244464851	-16.1418915055937	55
2.60884256786542	-16.1359484473243	55
2.62529393610162	-16.1299622938176	55
2.64175654935713	-16.1239330450735	55
2.65823040763194	-16.1178607010922	55
2.67471551092604	-16.1117452618735	55
2.69121185923945	-16.1055867274175	55
2.70771945257215	-16.0993850977242	55
2.72423829092415	-16.0931403727936	55
2.74076837429546	-16.0868525526257	55
2.75730970268606	-16.0805216372204	55
2.77386227609596	-16.0741476265779	55
2.79042609452516	-16.067730520698	55
2.80700115797366	-16.0612703195809	55
2.82358746644146	-16.0547670232264	55
2.84018501992856	-16.0482206316346	55
2.85679381843496	-16.0416311448055	55
2.87341386196066	-16.0349985627391	55
2.89004515050566	-16.0283228854354	55
2.90668768406996	-16.0216041128943	55
2.92334146265355	-16.014842245116	55
2.94000648625645	-16.0080372821003	55
2.95668275487865	-16.0011892238473	55
2.97337026852014	-15.9942980703571	55
2.99006902718094	-15.9873638216294	55
3.00677903086103	-15.9803864776645	55
3.02350027956043	-15.9733660384623	55
3.04023277327912	-15.9663025040228	55
3.05697651201711	-15.9591958743459	55
3.0737314957744	-15.9520461494318	55
3.090497724551	-15.9448533292803	55
3.10727519834689	-15.9376174138915	55
3.12406391716208	-15.9303384032654	55
3.14086388099657	-15.923016297402	55
3.15767508985036	-15.9156510963013	55
3.17449754372345	-15.9082427999633	55
3.19133124261583	-15.9007914083879	55
3.20817618652752	-15.8932969215753	55
3.22503237545851	-15.8857593395253	55
3.2418998094088	-15.8781786622381	55
3.25877848837838	-15.8705548897135	55
3.27566841236727	-15.8628880219516	55
3.29256958137545	-15.8551780589524	55
3.30948199540294	-15.8474250007158	55
3.32640565444972	-15.839628847242	55
3.34334055851581	-15.8317895985308	55
3.36028670760119	-15.8239072545824	55
3.37724410170587	-15.8159818153966	55
3.39421274082986	-15.8080132809735	55
3.41119262497314	-15.8000016513131	55
3.42818375413572	-15.7919469264154	55
3.4451861283176	-15.7838491062804	55
3.46219974751878	-15.7757081909081	55
3.47922461173926	-15.7675241802984	55
3.49626072097904	-15.7592970744515	55
3.51330807523811	-15.7510268733672	55
3.53036667451649	-15.7427135770457	55
3.54743651881417	-15.7343571854868	55
3.56451760813115	-15.7259576986906	55
3.58160994246742	-15.717515116657	55
3.598713521823	-15.7090294393862	55
3.61582834619787	-15.7005006668781	55
3.63295441559205	-15.6919287991326	55
3.65009173000552	-15.6833138361499	55
3.66724028943829	-15.6746557779298	55
3.68440009389037	-15.6659546244724	55
3.70157114336174	-15.6572103757777	55
3.71875343785241	-15.6484230318457	55
3.73594697736238	-15.6395925926764	55
3.75315176189165	-15.6307190582698	55
3.77036779144022	-15.6218024286258	55
3.78759506600809	-15.6128427037446	55
3.80483358559526	-15.603839883626	55
3.82208335020173	-15.5947939682701	55
3.8393443598275	-15.5857049576769	55
3.85661661447257	-15.5765728518464	55
3.87390011413693	-15.5673976507786	55
3.8911948588206	-15.5581793544735	55
3.90850084852357	-15.548917962931	55
3.92581808324583	-15.5396134761513	55
3.94314656298739	-15.5302658941342	55
3.96048628774826	-15.5208752168799	55
3.97783725752842	-15.5114414443882	55
3.99519947232789	-15.5019645766592	55
4.01257293214665	-15.4924446136929	55
4.02995763698471	-15.4828815554892	55
4.04735358684207	-15.4732754020483	55
4.06476078171873	-15.4636261533701	55
4.08217922161469	-15.4539338094545	55
4.09960890652995	-15.4441983703016	55
4.11704983646451	-15.4344198359115	55
4.13450201141837	-15.424598206284	55
4.15196543139153	-15.4147334814192	55
4.16944009638399	-15.404825661317	55
4.18692600639575	-15.3948747459776	55
4.2044231614268	-15.3848807354009	55
4.22193156147716	-15.3748436295868	55
4.23945120654681	-15.3647634285354	55
4.25698209663577	-15.3546401322468	55
4.27452423174402	-15.3444737407208	55
4.29207761187158	-15.3342642539575	55
4.30964223701843	-15.3240116719569	55
4.32721810718458	-15.313715994719	55
4.34480522237004	-15.3033772222437	55
4.36240358257479	-15.2929953545312	55
4.38001318779884	-15.2825703915813	55
4.39763403804219	-15.2721023333941	55
4.41526613330484	-15.2615911799697	55
4.43290947358679	-15.2510369313079	55
4.45056405888804	-15.2404395874088	55
4.46822988920859	-15.2297991482723	55
4.48590696454844	-15.2191156138986	55
4.50359528490758	-15.2083889842876	55
4.52129485028603	-15.1976192594392	55
4.53900566068378	-15.1868064393536	55
4.55672771610082	-15.1759505240306	55
4.57446101653717	-15.1650515134703	55
4.59220556199281	-15.1541094076727	55
4.60996135246776	-15.1431242066378	55
4.627728387962	-15.1320959103655	55
4.64550666847555	-15.121024518856	55
4.66329619400839	-15.1099100321092	55
4.68109696456053	-15.098752450125	55
4.69890898013197	-15.0875517729035	55
4.71673224072271	-15.0763080004447	55
4.73456674633275	-15.0650211327486	55
4.75241249696209	-15.0536911698152	55
4.77026949261073	-15.0423181116445	55
4.78813773327867	-15.0309019582365	55
4.80601721896591	-15.0194427095911	55
4.82390794967245	-15.0079403657085	55
4.84180992539829	-14.9963949265885	55
4.85972314614342	-14.9848063922312	55
4.87764761190786	-14.9731747626367	55
4.89558332269159	-14.9615000378047	55
4.91353027849463	-14.9497822177355	55
4.93148847931696	-14.938021302429	55
4.9494579251586	-14.9262172918852	55
4.96743861601953	-14.914370186104	55
4.98543055189977	-14.9024799850856	55
5.0034337327993	-14.8905466888298	55
5.02144815871813	-14.8785702973367	55
5.03947382965626	-14.8665508106063	55
5.05751074561369	-14.8544882286386	55
5.07555890659042	-14.8423825514336	55
5.09361831258645	-14.8302337789912	55
5.11168896360178	-14.8180419113116	55
5.12977085963641	-14.8058069483946	55
5.14786400069034	-14.7935288902404	55
5.16596838676357	-14.7812077368488	55
5.18408401785609	-14.7688434882199	55
5.20221089396792	-14.7564361443537	55
5.22034901509904	-14.7439857052502	55
5.23849838124947	-14.7314921709093	55
5.2566589924192	-14.7189555413312	55
5.27483084860822	-14.7063758165158	55
5.29301394981654	-14.693752996463	55
5.31120829604417	-14.6810870811729	55
5.32941388729109	-14.6683780706455	55
5.34763072355731	-14.6556259648808	55
5.36585880484284	-14.6428307638788	55
5.38409813114766	-14.6299924676395	55
5.40234870247178	-14.6171110761629	55
5.4206105188152	-14.6041865894489	55
5.43888358017792	-14.5912190074977	55
5.45716788655993	-14.5782083303091	55
5.47546343796125	-14.5651545578832	55
5.49377023438187	-14.55205769022	55
5.51208827582179	-14.5389177273195	55
5.530417562281	-14.5257346691817	55
5.54875809375952	-14.5125085158066	55
5.56710987025734	-14.4992392671941	55
5.58547289177445	-14.4859269233444	55
5.60384715831087	-14.4725714842573	55
5.62223266986658	-14.4591729499329	55
5.64062942644159	-14.4457313203712	55
5.65903742803591	-14.4322465955722	55
5.67745667464952	-14.4187187755359	55
5.69588716628243	-14.4051478602623	55
5.71432890293464	-14.3915338497514	55
5.73278188460615	-14.3778767440031	55
5.75124611129697	-14.3641765430175	55
5.76972158300707	-14.3504332467947	55
5.78820829973649	-14.3366468553345	55
5.80670626148519	-14.322817368637	55
5.8252154682532	-14.3089447867022	55
5.84373592004051	-14.2950291095301	55
5.86226761684712	-14.2810703371206	55
5.88081055867302	-14.2670684694739	55
5.89936474551823	-14.2530235065898	55
5.91793017738273	-14.2389354484685	55
5.93650685426654	-14.2248042951098	55
5.95509477616964	-14.2106300465138	55
5.97369394309205	-14.1964127026805	55
5.99230435503375	-14.1821522636099	55
6.01092601199475	-14.1678487293019	55
6.02955891397506	-14.1535020997567	55
6.04820306097466	-14.1391123749742	55
6.06685845299356	-14.1246795549543	55
6.08552509003176	-14.1102036396971	55
6.10420297208926	-14.0956846292026	55
6.12289209916606	-14.0811225234709	55
6.14159247126216	-14.0665173225017	55
6.16030408837756	-14.0518690262953	55
6.17902695051226	-14.0371776348516	55
6.19776105766625	-14.0224431481705	55
6.21650640983955	-14.0076655662522	55
6.23526300703215	-13.9928448890965	55
6.25403084924404	-13.9779811167035	55
6.27280993647524	-13.9630742490732	55
6.29160026872573	-13.9481242862056	55
6.31040184599553	-13.9331312281007	55
6.32921466828462	-13.9180950747585	55
6.34803873559301	-13.903015826179	55
6.36687404792071	-13.8878934823621	55
6.3857206052677	-13.8727280433079	55
6.40457840763399	-13.8575195090165	55
6.42344745501958	-13.8422678794877	55
6.44232774742447	-13.8269731547216	55
6.46121928484866	-13.8116353347182	55
6.48012206729215	-13.7962544194774	55
6.49903609475494	-13.7808304089994	55
6.51796136723703	-13.7653633032841	55
6.53689788473842	-13.7498531023314	55
6.5558456472591	-13.7342998061414	55
6.57480465479909	-13.7187034147142	55
6.59377490735838	-13.7030639280496	55
6.61275640493696	-13.6873813461477	55
6.63174914753485	-13.6716556690084	55
6.65075313515203	-13.6558868966319	55
6.66976836778851	-13.6400750290181	55
6.6887948454443	-13.6242200661669	55
6.70783256811938	-13.6083220080784	55
6.72688153581376	-13.5923808547527	55
6.74594174852745	-13.5763966061896	55
6.76501320626043	-13.5603692623892	55
6.78409590901271	-13.5442988233515	55
6.80318985678429	-13.5281852890764	55
6.82229504957517	-13.5120286595641	55
6.84141148738535	-13.4958289348145	55
6.86053917021482	-13.4795861148275	55
6.8796780980636	-13.4633001996032	55
6.89882827093168	-13.4469711891416	55
6.91798968881906	-13.4305990834428	55
6.93716235172574	-13.4141838825065	55
6.95634625965171	-13.397725586333	55
6.97554141259699	-13.3812241949222	55
6.99474781056156	-13.364679708274	55
7.01396545354543	-13.3480921263886	55
7.03319434154861	-13.3314614492658	55
7.05243447457108	-13.3147876769057	55
7.07168585261286	-13.2980708093084	55
7.09094847567393	-13.2813108464737	55
7.1102223437543	-13.2645077884016	55
7.12950745685397	-13.2476616350923	55
7.14880381497294	-13.2307723865457	55
7.16811141811121	-13.2138400427617	55
7.18743026626878	-13.1968646037405	55
7.20676035944565	-13.1798460694819	55
7.22610169764182	-13.162784439986	55
7.24545428085728	-13.1456797152528	55
7.26481810909205	-13.1285318952823	55
7.28419318234612	-13.1113409800745	55
7.30357950061948	-13.0941069696294	55
7.32297706391215	-13.0768298639469	55
7.34238587222412	-13.0595096630271	55
7.36180592555538	-13.0421463668701	55
7.38123722390594	-13.0247399754757	55
7.40067976727581	-13.007290488844	55
7.42013355566497	-12.989797906975	55
7.43959858907343	-12.9722622298687	55
7.45907486750119	-12.9546834575251	55
7.47856239094826	-12.9370615899441	55
7.49806115941462	-12.9193966271259	55
7.51757117290028	-12.9016885690703	55
7.53709243140524	-12.8839374157774	55
7.5566249349295	-12.8661431672472	55
7.57616868347306	-12.8483058234797	55
7.59572367703591	-12.8304253844749	55
7.61528991561807	-12.8125018502328	55
7.63486739921953	-12.7945352207534	55
7.65445612784029	-12.7765254960366	55
7.67405610148034	-12.7584726760826	55
7.6936673201397	-12.7403767608912	55
7.71328978381835	-12.7222377504625	55
7.7329234925163	-12.7040556447965	55
7.75256844623356	-12.6858304438932	55
7.77222464497011	-12.6675621477526	55
7.79189208872597	-12.6492507563747	55
7.81157077750112	-12.6308962697594	55
7.83126071129557	-12.6124986879069	55
7.85096189010932	-12.594058010817	55
7.87067431394237	-12.5755742384898	55
7.89039798279472	-12.5570473709254	55
7.91013289666637	-12.5384774081236	55
7.92987905555732	-12.5198643500844	55
7.94963645946757	-12.501208196808	55
7.96940510839712	-12.4825089482943	55
7.98918500234596	-12.4637666045432	55
8.00897614131411	-12.4449811655549	55
8.02877852530156	-12.4261526313292	55
8.0485921543083	-12.4072810018662	55
8.06841702833435	-12.3883662771659	55
8.08825314737969	-12.3694084572283	55
8.10810051144434	-12.3504075420534	55
8.12795912052828	-12.3313635316412	55
8.14782897463152	-12.3122764259916	55
8.16771007375407	-12.2931462251048	55
8.18760241789591	-12.2739729289806	55
8.20750600705705	-12.2547565376191	55
8.22742084123749	-12.2354970510203	55
8.24734692043723	-12.2161944691842	55
8.26728424465627	-12.1968487921108	55
8.28723281389461	-12.1774600198001	55
8.30719262815225	-12.1580281522521	55
8.32716368742919	-12.1385531894667	55
8.34714599172542	-12.119035131444	55
8.36713954104096	-12.0994739781841	55
8.3871443353758	-12.0798697296868	55
8.40716037472994	-12.0602223859522	55
8.42718765910337	-12.0405319469803	55
8.4472261884961	-12.0207984127711	55
8.46727596290814	-12.0010217833245	55
8.48733698233947	-11.9812020586407	55
8.50740924679011	-11.9613392387195	55
8.52749275626004	-11.9414333235611	55
8.54758751074927	-11.9214843131653	55
8.5676935102578	-11.9014922075322	55
8.58781075478563	-11.8814570066618	55
8.60793924433277	-11.8613787105541	55
8.62807897889919	-11.841257319209	55
8.64822995848493	-11.8210928326267	55
8.66839218308995	-11.8008852508071	55
8.68856565271428	-11.7806345737501	55
8.70875036735791	-11.7603408014558	55
8.72894632702084	-11.7400039339242	55
8.74915353170307	-11.7196239711553	55
8.76937198140459	-11.6992009131491	55
8.78960167612542	-11.6787347599056	55
8.80984261586554	-11.6582255114248	55
8.83009480062497	-11.6376731677066	55
8.85035823040369	-11.6170777287512	55
8.87063290520171	-11.5964391945584	55
8.89091882501904	-11.5757575651283	55
8.91121598985566	-11.5550328404609	55
8.93152439971158	-11.5342650205562	55
8.9518440545868	-11.5134541054142	55
8.97217495448132	-11.4926000950349	55
8.99251709939515	-11.4717029894182	55
9.01287048932827	-11.4507627885643	55
9.03323512428069	-11.429779492473	55
9.0536110042524	-11.4087531011444	55
9.07399812924342	-11.3876836145785	55
9.09439649925374	-11.3665710327753	55
9.11480611428336	-11.3454153557348	55
9.13522697433227	-11.324216583457	55
9.15565907940049	-11.3029747159419	55
9.17610242948801	-11.2816897531894	55
9.19655702459482	-11.2603616951997	55
9.21702286472093	-11.2389905419726	55
9.23749994986635	-11.2175762935082	55
9.25798828003106	-11.1961189498065	55
9.27848785521508	-11.1746185108675	55
9.29899867541839	-11.1530749766912	55
9.319520740641	-11.1314883472776	55
9.34005405088291	-11.1098586226266	55
9.36059860614412	-11.0881858027384	55
9.38115440642463	-11.0664698876128	55
9.40172145172444	-11.0447108772499	55
9.42229974204355	-11.0229087716497	55
9.44288927738196	-11.0010635708122	55
9.46349005773967	-10.9791752747374	55
9.48410208311668	-10.9572438834253	55
9.50472535351298	-10.9352693968758	55
9.52535986892859	-10.9132518150891	55
9.5460056293635	-10.891191138065	55
9.5666626348177	-10.8690873658037	55
9.58733088529121	-10.846940498305	55
9.60801038078401	-10.824750535569	55
9.62870112129611	-10.8025174775957	55
9.64940310682752	-10.7802413243851	55
9.67011633737822	-10.7579220759371	55
9.69084081294822	-10.7355597322519	55
9.71157653353752	-10.7131542933293	55
9.73232349914612	-10.6907057591695	55
9.75308170977402	-10.6682141297723	55
9.77385116542122	-10.6456794051378	55
9.79463186608772	-10.623101585266	55
9.81542381177352	-10.6004806701569	55
9.83622700247862	-10.5778166598104	55
9.85704143820302	-10.5551095542267	55
9.87786711894672	-10.5323593534057	55
9.89870404470971	-10.5095660573473	55
9.91955221549201	-10.4867296660516	55
9.9404116312936	-10.4638501795186	55
9.9612822921145	-10.4409275977483	55
9.98216419795469	-10.4179619207407	55
10.0030573488142	-10.3949531484958	55
10.023961744693	-10.3719012810136	55
10.0448773855911	-10.348806318294	55
10.0658042715085	-10.3256682603372	55
10.0867424024452	-10.302487107143	55
10.1076917784012	-10.2792628587115	55
10.1286523993764	-10.2559955150427	55
10.149624265371	-10.2326850761366	55
10.1706073763849	-10.2093315419932	55
10.1916017324181	-10.1859349126125	55
10.2126073334706	-10.1624951879944	55
10.2336241795424	-10.1390123681391	55
10.2546522706335	-10.1154864530464	55
10.2756916067439	-10.0919174427164	55
10.2967421878735	-10.0683053371491	55
10.3178040140225	-10.0446501363445	55
10.3388770851908	-10.0209518403026	55
10.3599614013784	-9.99721044902341	55
10.3810569625853	-9.97342596250687	55
10.4021637688115	-9.94959838075303	55
10.423281820057	-9.92572770376187	55
10.4444111163217	-9.9018139315334	55
10.4655516576058	-9.87785706406761	55
10.4867034439092	-9.85385710136452	55
10.5078664752319	-9.82981404342411	55
10.5290407515739	-9.8057278902464	55
10.5502262729351	-9.78159864183136	55
10.5714230393157	-9.75742629817902	55
10.5926310507156	-9.73321085928937	55
10.6138503071348	-9.70895232516241	55
10.6350808085733	-9.68465069579813	55
10.656322555031	-9.66030597119653	55
10.6775755465081	-9.63591815135763	55
10.6988397830045	-9.61148723628142	55
10.7201152645202	-9.5870132259679	55
10.7414019910551	-9.56249612041706	55
10.7626999626094	-9.53793591962891	55
10.784009179183	-9.51333262360345	55
10.8053296407759	-9.48868623234068	55
10.826661347388	-9.46399674584059	55
10.8480042990195	-9.4392641641032	55
10.8693584956703	-9.41448848712849	55
10.8907239373404	-9.38966971491647	55
10.9121006240297	-9.36480784746714	55
10.9334885557384	-9.33990288478049	55
10.9548877324664	-9.31495482685654	55
10.9762981542136	-9.28996367369527	55
10.9977198209802	-9.26492942529669	55
11.0191527327661	-9.2398520816608	55
11.0405968895712	-9.2147316427876	55
11.0620522913957	-9.18956810867708	55
11.0835189382395	-9.16436147932925	55
11.1049968301025	-9.13911175474411	55
11.1264859669849	-9.11381893492167	55
11.1479863488866	-9.0884830198619	55
11.1694979758075	-9.06310400956483	55
11.1910208477478	-9.03768190403044	55
11.2125549647074	-9.01221670325874	55
11.2341003266862	-8.98670840724973	55
11.2556569336844	-8.96115701600341	55
11.2772247857018	-8.93556252951978	55
11.2988038827386	-8.90992494779883	55
11.3203942247947	-8.88424427084057	55
11.34199581187	-8.858520498645	55
11.3636086439647	-8.83275363121213	55
11.3852327210786	-8.80694366854193	55
11.4068680432119	-8.78109061063443	55
11.4285146103645	-8.75519445748961	55
11.4501724225363	-8.72925520910748	55
11.4718414797275	-8.70327286548804	55
11.4935217819379	-8.67724742663129	55
11.5152133291677	-8.65117889253723	55
11.5369161214167	-8.62506726320585	55
11.5586301586851	-8.59891253863716	55
11.5803554409728	-8.57271471883117	55
11.6020919682797	-8.54647380378785	55
11.623839740606	-8.52018979350723	55
11.6455987579515	-8.49386268798929	55
11.6673690203164	-8.46749248723405	55
11.6891505277005	-8.44107919124149	55
11.710943280104	-8.41462280001162	55
11.7327472775267	-8.38812331354443	55
11.7545625199688	-8.36158073183994	55
11.7763890074301	-8.33499505489814	55
11.7982267399108	-8.30836628271902	55
11.8200757174107	-8.28169441530258	55
11.84193593993	-8.25497945264885	55
11.8638074074685	-8.22822139475779	55
11.8856901200264	-8.20142024162943	55
11.9075840776035	-8.17457599326375	55
11.9294892801999	-8.14768864966076	55
11.9514057278157	-8.12075821082046	55
11.9733334204507	-8.09378467674284	55
11.9952723581051	-8.06676804742792	55
12.0172225407787	-8.03970832287568	55
12.0391839684717	-8.01260550308613	55
12.0611566411839	-7.98545958805927	55
12.0831405589155	-7.9582705777951	55
12.1051357216663	-7.93103847229362	55
12.1271421294364	-7.90376327155482	55
12.1491597822259	-7.87644497557871	55
12.1711886800346	-7.84908358436529	55
12.1932288228627	-7.82167909791456	55
12.21528021071	-7.79423151622652	55
12.2373428435766	-7.76674083930116	55
12.2594167214626	-7.73920706713849	55
12.2815018443678	-7.71163019973851	55
12.3035982122923	-7.68401023710122	55
12.3257058252362	-7.65634717922662	55
12.3478246831993	-7.62864102611471	55
12.3699547861817	-7.60089177776548	55
12.3920961341835	-7.57309943417894	55
12.4142487272045	-7.54526399535509	55
12.4364125652448	-7.51738546129393	55
12.4585876483045	-7.48946383199546	55
12.4807739763834	-7.46149910745967	55
12.5029715494816	-7.43349128768657	55
12.5251803675992	-7.40544037267617	55
12.547400430736	-7.37734636242845	55
12.5696317388921	-7.34920925694341	55
12.5918742920676	-7.32102905622106	55
12.6141280902623	-7.29280576026141	55
12.6363931334763	-7.26453936906444	55
12.6586694217097	-7.23622988263016	55
12.6809569549623	-7.20787730095856	55
12.7032557332342	-7.17948162404966	55
12.7255657565254	-7.15104285190345	55
12.747887024836	-7.12256098451992	55
12.7702195381658	-7.09403602189908	55
12.7925632965149	-7.06546796404092	55
12.8149182998833	-7.03685681094546	55
12.8372845482711	-7.00820256261269	55
12.8596620416781	-6.9795052190426	55
12.8820507801044	-6.9507647802352	55
12.90445076355	-6.92198124619049	55
12.9268619920149	-6.89315461690846	55
12.9492844654992	-6.86428489238913	55
12.9717181840027	-6.83537207263248	55
12.9941631475255	-6.80641615763852	55
13.0166193560676	-6.77741714740725	55
13.039086809629	-6.74837504193867	55
13.0615655082098	-6.71928984123278	55
13.0840554518098	-6.69016154528957	55
13.1065566404291	-6.66099015410906	55
13.1290690740677	-6.63177566769122	55
13.1515927527256	-6.60251808603608	55
13.1741276764028	-6.57321740914363	55
13.1966738450994	-6.54387363701386	55
13.2192312588152	-6.51448676964679	55
13.2417999175503	-6.4850568070424	55
13.2643798213047	-6.4555837492007	55
13.2869709700784	-6.42606759612168	55
13.3095733638714	-6.39650834780536	55
13.3321870026837	-6.36690600425172	55
13.3548118865153	-6.33726056546077	55
13.3774480153663	-6.30757203143251	55
13.4000953892365	-6.27784040216694	55
13.422754008126	-6.24806567766406	55
13.4454238720348	-6.21824785792386	55
13.4681049809629	-6.18838694294635	55
13.4907973349103	-6.15848293273153	55
13.513500933877	-6.12853582727941	55
13.536215777863	-6.09854562658996	55
13.5589418668683	-6.06851233066321	55
13.5816792008929	-6.03843593949914	55
13.6044277799368	-6.00831645309776	55
13.627187604	-5.97815387145907	55
13.6499586730825	-5.94794819458307	55
13.6727409871843	-5.91769942246975	55
13.6955345463054	-5.88740755511912	55
13.7183393504458	-5.85707259253119	55
13.7411553996055	-5.82669453470593	55
13.7639826937846	-5.79627338164338	55
13.7868212329829	-5.7658091333435	55
13.8096710172005	-5.73530178980631	55
13.8325320464374	-5.70475135103182	55
13.8554043206936	-5.67415781702001	55
13.8782878399691	-5.64352118777089	55
13.9011826042639	-5.61284146328445	55
13.9240886135779	-5.58211864356071	55
13.9470058679113	-5.55135272859965	55
13.969934367264	-5.52054371840128	55
13.992874111636	-5.48969161296561	55
14.0158251010273	-5.45879641229261	55
14.0387873354379	-5.42785811638231	55
14.0617608148678	-5.39687672523469	55
14.084745539317	-5.36585223884977	55
14.1077415087855	-5.33478465722752	55
14.1307487232733	-5.30367398036797	55
14.1537671827804	-5.27252020827111	55
14.1767968873068	-5.24132334093694	55
14.1998378368525	-5.21008337836544	55
14.2228900314175	-5.17880032055665	55
14.2459534710018	-5.14747416751054	55
14.2690281556053	-5.11610491922711	55
14.2921140852282	-5.08469257570638	55
14.3152112598704	-5.05323713694833	55
14.3383196795319	-5.02173860295298	55
14.3614393442127	-4.9901969737203	55
14.3845702539128	-4.95861224925032	55
14.4077124086322	-4.92698442954303	55
14.4308658083709	-4.89531351459842	55
14.4540304531288	-4.8635995044165	55
14.4772063429061	-4.83184239899728	55
14.5003934777027	-4.80004219834073	55
14.5235918575186	-4.76819890244688	55
14.5468014823538	-4.73631251131571	55
14.5700223522083	-4.70438302494724	55
14.593254467082	-4.67241044334145	55
14.6164978269751	-4.64039476649835	55
14.6397524318875	-4.60833599441794	55
14.6630182818192	-4.57623412710021	55
14.6862953767702	-4.54408916454518	55
14.7095837167404	-4.51190110675283	55
14.73288330173	-4.47966995372317	55
14.7561941317389	-4.4473957054562	55
14.7795162067671	-4.41507836195191	55
14.8028495268146	-4.38271792321032	55
14.8261940918813	-4.35031438923141	55
14.8495499019674	-4.31786776001519	55
14.8729169570728	-4.28537803556166	55
14.8962952571975	-4.25284521587082	55
14.9196848023414	-4.22026930094267	55
14.9430855925047	-4.18765029077719	55
14.9664976276873	-4.15498818537442	55
14.9899209078892	-4.12228298473432	55
15.0133554331103	-4.08953468885693	55
15.0368012033508	-4.05674329774221	55
15.0602582186106	-4.02390881139018	55
15.0837264788896	-3.99103122980084	55
15.107205984188	-3.9581105529742	55
15.1306967345057	-3.92514678091024	55
15.1541987298426	-3.89213991360896	55
15.1777119701989	-3.85908995107038	55
15.2012364555745	-3.82599689329448	55
15.2247721859694	-3.79286074028127	55
15.2483191613835	-3.75968149203075	55
15.271877381817	-3.72645914854291	55
15.2954468472698	-3.69319370981777	55
15.3190275577418	-3.65988517585531	55
15.3426195132332	-3.62653354665555	55
15.3662227137438	-3.59313882221847	55
15.3898371592738	-3.55970100254407	55
15.4134628498231	-3.52622008763237	55
15.4370997853916	-3.49269607748335	55
15.4607479659795	-3.45912897209703	55
15.4844073915867	-3.42551877147339	55
15.5080780622131	-3.39186547561244	55
15.5317599778589	-3.35816908451417	55
15.5554531385239	-3.3244295981786	55
15.5791575442083	-3.29064701660571	55
15.602873194912	-3.25682133979551	55
15.6266000906349	-3.222952567748	55
15.6503382313772	-3.18904070046318	55
15.6740876171387	-3.15508573794104	55
15.6978482479196	-3.1210876801816	55
15.7216201237197	-3.08704652718484	55
15.7454032445392	-3.05296227895077	55
15.769197610378	-3.01883493547939	55
15.793003221236	-2.9846644967707	55
15.8168200771134	-2.95045096282469	55
15.84064817801	-2.91619433364138	55
15.864487523926	-2.88189460922074	55
15.8883381148612	-2.8475517895628	55
15.9121999508158	-2.81316587466755	55
15.9360730317896	-2.77873686453499	55
15.9599573577828	-2.74426475916511	55
15.9838529287952	-2.70974955855791	55
16.007759744827	-2.67519126271342	55
16.031677805878	-2.64058987163161	55
16.0556071119484	-2.60594538531249	55
16.079547663038	-2.57125780375605	55
16.103499459147	-2.5365271269623	55
16.1274625002752	-2.50175335493124	55
16.1514367864228	-2.46693648766287	55
16.1754223175896	-2.43207652515718	55
16.1994190937758	-2.39717346741419	55
16.2234271149812	-2.36222731443388	55
16.247446381206	-2.32723806621626	55
16.27147689245	-2.29220572276133	55
16.2955186487133	-2.25713028406909	55
16.319571649996	-2.22201175013954	55
16.3436358962979	-2.18685012097267	55
16.3677113876192	-2.15164539656849	55
16.3917981239597	-2.116397576927	55
16.4158961053195	-2.0811066620482	55
16.4400053316987	-2.04577265193209	55
16.4641258030971	-2.01039554657866	55
16.4882575195149	-1.97497534598792	55
16.5124004809519	-1.93951205015988	55
16.5365546874082	-1.90400565909451	55
16.5607201388839	-1.86845617279184	55
16.5848968353788	-1.83286359125185	55
16.609084776893	-1.79722791447455	55
16.6332839634266	-1.76154914245995	55
16.6574943949794	-1.72582727520802	55
16.6817160715516	-1.69006231271879	55
16.705948993143	-1.65425425499225	55
16.7301931597537	-1.61840310202839	55
16.7544485713838	-1.58250885382722	55
16.7787152280331	-1.54657151038874	55
16.8029931297017	-1.51059107171295	55
16.8272822763897	-1.47456753779985	55
16.8515826680969	-1.43850090864944	55
16.8758943048234	-1.40239118426171	55
16.9002171865692	-1.36623836463667	55
16.9245513133344	-1.33004244977432	55
16.9488966851188	-1.29380343967465	55
16.9732533019225	-1.25752133433768	55
16.9976211637456	-1.22119613376339	55
17.0220002705879	-1.1848278379518	55
17.0463906224495	-1.14841644690288	55
17.0707922193304	-1.11196196061666	55
17.0952050612307	-1.07546437909313	55
17.1196291481502	-1.03892370233228	55
17.144064480089	-1.00233993033413	55
17.1685110570471	-0.965713063098653	55
17.1929688790246	-0.92904310062587	55
17.2174379460213	-0.892330042915779	55
17.2419182580373	-0.855573889968374	55
17.2664098150726	-0.818774641783657	55
17.2909126171272	-0.781932298361623	55
17.3154266642012	-0.745046859702283	55
17.3399519562944	-0.708118325805634	55
17.3644884934069	-0.671146696671668	55
17.3890362755387	-0.634131972300393	55
17.4135953026898	-0.597074152691805	55
17.4381655748603	-0.559973237845904	55
17.46274709205	-0.522829227762694	55
17.487339854259	-0.485642122442171	55
17.5119438614873	-0.448411921884334	55
17.5365591137349	-0.411138626089182	55
17.5611856110018	-0.373822235056727	55
17.5858233532881	-0.336462748786955	55
17.6104723405936	-0.299060167279874	55
17.6351325729184	-0.261614490535477	55
17.6598040502625	-0.224125718553767	55
17.6844867726259	-0.18659385133475	55
17.7091807400086	-0.149018888878421	55
17.7338859524106	-0.111400831184779	55
17.7586024098319	-0.0737396782538244	55
17.7833301122726	-0.036035430085553	55
17.8080690597325	0.00171191332002429	55
17.8328192522117	0.039502351962911	55
17.8575806897102	0.0773358858431141	55
17.882353372228	0.115212514960623	55
17.9071372997651	0.153132239315452	55
17.9319324723215	0.191095058907591	55
17.9567388898972	0.229100973737038	55
17.9815565524922	0.267149983803799	55
18.0063854601065	0.305242089107869	55
18.0312256127401	0.34337728964926	55
18.056077010393	0.381555585427956	55
18.0809396530652	0.419776976443961	55
18.1058135407567	0.458041462697283	55
18.1306986734675	0.496349044187911	55
18.1555950511976	0.534699720915862	55
18.180502673947	0.573093492881116	55
18.2054215417157	0.611530360083682	55
18.2303516545037	0.650010322523562	55
18.255293012311	0.688533380200754	55
18.2802456151377	0.727099533115259	55
18.3052094629835	0.765708781267074	55
18.3301845558487	0.804361124656198	55
18.3551708937332	0.843056563282635	55
18.380168476637	0.881795097146389	55
18.4051773045601	0.920576726247452	55
18.4301973775025	0.959401450585824	55
18.4552286954642	0.99826927016151	55
18.4802712584452	1.03718018497451	55
18.5053250664455	1.07613419502482	55
18.5303901194651	1.11513130031244	55
18.555466417504	1.15417150083738	55
18.5805539605622	1.19325479659962	55
18.6056527486397	1.23238118759918	55
18.6307627817365	1.27155067383605	55
18.6558840598526	1.31076325531023	55
18.681016582988	1.35001893202172	55
18.7061603511427	1.38931770397053	55
18.7313153643167	1.42865957115665	55
18.7564816225099	1.46804453358008	55
18.7816591257225	1.50747259124081	55
18.8068478739544	1.54694374413887	55
18.8320478672056	1.58645799227423	55
18.8572591054761	1.62601533564691	55
18.8824815887659	1.6656157742569	55
18.907715317075	1.70525930810419	55
18.9329602904034	1.74494593718881	55
18.958216508751	1.78467566151073	55
18.983483972118	1.82444848106997	55
19.0087626805043	1.86426439586652	55
19.0340526339099	1.90412340590037	55
19.0593538323348	1.94402551117154	55
19.084666275779	1.98397071168002	55
19.1099899642424	2.02395900742582	55
19.1353248977252	2.06399039840893	55
19.1606710762273	2.10406488462935	55
19.1860284997487	2.14418246608708	55
19.2113971682894	2.18434314278212	55
19.2367770818493	2.22454691471447	55
19.2621682404286	2.26479378188414	55
19.2875706440272	2.30508374429112	55
19.3129842926451	2.34541680193541	55
19.3384091862822	2.38579295481701	55
19.3638453249387	2.42621220293592	55
19.3892927086145	2.46667454629215	55
19.4147513373096	2.50717998488568	55
19.440221211024	2.54772851871653	55
19.4657023297576	2.58832014778469	55
19.4911946935106	2.62895487209016	55
19.5166983022829	2.66963269163295	55
19.5422131560744	2.71035360641305	55
19.5677392548853	2.75111761643045	55
19.5932765987155	2.79192472168517	55
19.618825187565	2.8327749221772	55
19.6443850214337	2.87366821790655	55
19.6699561003218	2.91460460887321	55
19.6955384242292	2.95558409507717	55
19.7211319931558	2.99660667651845	55
19.7467368071018	3.03767235319704	55
19.7723528660671	3.07878112511295	55
19.7979801700516	3.11993299226616	55
19.8236187190555	3.16112795465669	55
19.8492685130787	3.20236601228453	55
19.8749295521211	3.24364716514968	55
19.9006018361829	3.28497141325214	55
19.926285365264	3.32633875659191	55
19.9519801393643	3.367749195169	55
19.977686158484	3.4092027289834	55
20.003403422623	3.45069935803511	55
20.0291319317812	3.49223908232413	55
20.0548716859588	3.53382190185046	55
20.0806226851556	3.57544781661411	55
20.1063849293718	3.61711682661507	55
20.1321584186073	3.65882893185334	55
20.157943152862	3.70058413232892	55
20.1837391321361	3.74238242804181	55
20.2095463564294	3.78422381899201	55
20.2353648257421	3.82610830517953	55
20.2611945400741	3.86803588660436	55
20.2870354994253	3.9100065632665	55
20.3128877037959	3.95202033516595	55
20.3387511531857	3.99407720230271	55
20.3646258475949	4.03617716467679	55
20.3905117870233	4.07832022228818	55
20.4164089714711	4.12050637513688	55
20.4423174009381	4.16273562322289	55
20.4682370754245	4.20500796654621	55
20.4941679949302	4.24732340510685	55
20.5201101594551	4.2896819389048	55
20.5460635689994	4.33208356794005	55
20.5720282235629	4.37452829221263	55
20.5980041231458	4.41701611172251	55
20.6239912677479	4.4595470264697	55
20.6499896573694	4.50212103645421	55
20.6759992920101	4.54473814167603	55
20.7020201716702	4.58739834213516	55
20.7280522963495	4.6301016378316	55
20.7540956660482	4.67284802876535	55
20.7801502807661	4.71563751493642	55
20.8062161405033	4.7584700963448	55
20.8322932452599	4.80134577299049	55
20.8583815950357	4.84426454487349	55
20.8844811898309	4.8872264119938	55
20.9105920296453	4.93023137435143	55
20.9367141144791	4.97327943194636	55
20.9628474443321	5.01637058477861	55
20.9889920192045	5.05950483284817	55
21.0151478390961	5.10268217615504	55
21.041314904007	5.14590261469923	55
21.0674932139373	5.18916614848072	55
21.0936827688868	5.23247277749953	55
21.1198835688557	5.27582250175565	55
21.1460956138438	5.31921532124908	55
21.1723189038512	5.36265123597983	55
21.198553438878	5.40613024594788	55
21.224799218924	5.44965235115325	55
21.2510562439894	5.49321755159593	55
21.277324514074	5.53682584727592	55
21.3036040291779	5.58047723819323	55
21.3298947893012	5.62417172434784	55
21.3561967944437	5.66790930573976	55
21.3825100446055	5.711689982369	55
21.4088345397867	5.75551375423555	55
21.4351702799871	5.79938062133942	55
21.4615172652068	5.84329058368059	55
21.4878754954459	5.88724364125907	55
21.5142449707042	5.93123979407487	55
21.5406256909818	5.97527904212798	55
21.5670176562788	6.0193613854184	55
21.593420866595	6.06348682394614	55
21.6198353219305	6.10765535771118	55
21.6462610222853	6.15186698671354	55
21.6726979676595	6.19612171095321	55
21.6991461580529	6.24041953043019	55
21.7256055934656	6.28476044514448	55
21.7520762738977	6.32914445509609	55
21.778558199349	6.373571560285	55
21.8050513698196	6.41804176071123	55
21.8315557853095	6.46255505637477	55
21.8580714458188	6.50711144727562	55
21.8845983513473	6.55171093341378	55
21.9111365018951	6.59635351478926	55
21.9376858974622	6.64103919140205	55
21.9642465380487	6.68576796325215	55
21.9908184236544	6.73053983033956	55
22.0174015542794	6.77535479266428	55
22.0439959299237	6.82021285022631	55
22.0706015505873	6.86511400302567	55
22.0972184162703	6.91005825106233	55
22.1238465269725	6.95504559433629	55
22.150485882694	7.00007603284758	55
22.1771364834348	7.04514956659617	55
22.2037983291949	7.09026619558208	55
22.2304714199743	7.13542591980529	55
22.2571557557731	7.18062873926582	55
22.2628184634742	7.19005391350633	55
22.2686285167837	7.19938897903976	55
22.2745844821578	7.2086316325784	55
22.2806848900511	7.21777959363579	55
22.2869282352794	7.22683060508941	55
22.2933129773905	7.23578243373761	55
22.299837541045	7.24463287085064	55
22.3065003164043	7.25337973271557	55
22.3132996595283	7.2620208611751	55
22.3202338927809	7.2705541241601	55
22.3273013052438	7.27897741621561	55
22.3345001531386	7.28728865902036	55
22.3418286602575	7.29548580189955	55
22.3492850184008	7.30356682233082	55
22.3568673878239	7.3115297264433	55
22.3645738976905	7.31937254950957	55
22.3724026465346	7.32709335643037	55
22.3803517027296	7.33469024221213	55
22.3884191049648	7.34216133243697	55
22.3966028627295	7.34950478372515	55
22.4049009568038	7.35671878418997	55
22.4133113397573	7.36380155388474	55
22.4218319364537	7.37075134524201	55
22.4304606445633	7.37756644350479	55
22.4391953350816	7.38424516714953	55
22.4480338528543	7.39078586830112	55
22.4569740171094	7.39718693313942	55
22.4660136219952	7.40344678229747	55
22.4751504371244	7.40956387125114	55
22.4843822081246	7.41553669070027	55
22.4937066571945	7.42136376694104	55
22.5031214836657	7.42704366222958	55
22.5126243645708	7.43257497513671	55
22.522212955216	7.43795634089374	55
22.5318848897602	7.4431864317292	55
22.541637781798	7.44826395719643	55
22.5514692249495	7.45318766449199	55
22.561376793453	7.45795633876478	55
22.5713580427644	7.4625688034158	55
22.5814105101597	7.46702392038839	55
22.5915317153429	7.47132059044912	55
22.6017191610583	7.47545775345893	55
22.6119703337059	7.47943438863476	55
22.6222827039623	7.48324951480139	55
22.6326537274045	7.48690219063351	55
22.6430808451375	7.49039151488802	55
22.6535614844263	7.49371662662638	55
22.6640930593297	7.49687670542701	55
22.6746729713393	7.49987097158778	55
22.6852986100201	7.50269868631828	55
22.6959673536548	7.50535915192224	55
22.7066765698905	7.50785171196956	55
22.7174236163884	7.51017575145836	55
22.7282058414755	7.51233069696668	55
22.7390205847991	7.51431601679394	55
22.7498651779832	7.5161312210922	55
22.7607369452866	7.51777586198694	55
22.7716332042635	7.51924953368764	55
22.7825512664249	7.52055187258787	55
22.7934884379025	7.52168255735497	55
22.8044420201128	7.52264130900941	55
22.8154093104233	7.52342789099355	55
22.8263876028193	7.52404210923008	55
22.8373741885712	7.52448381216981	55
22.8483663569036	7.52475289082917	55
22.8593613956634	7.52484927881702	55
22.8703565919892	7.52477295235108	55
22.8813492329809	7.52452393026374	55
22.8923366063688	7.52410227399749	55
22.903316001183	7.52350808758969	55
22.914284708422	7.52274151764697	55
22.9252400217215	7.52180275330896	55
22.9361792380219	7.52069202620175	55
22.9470996582352	7.5194096103806	55
22.9579985879111	7.51795582226245	55
22.9688733379018	7.51633102054774	55
22.9797212250255	7.514535606132	55
22.9905395727283	7.51257002200687	55
23.0013257117449	7.51043475315081	55
23.0120769807568	7.50813032640948	55
23.0227907270493	7.50565731036567	55
23.0334643071658	7.50301631519911	55
23.04409508756	7.50020799253582	55
23.0546804452461	7.4972330352874	55
23.0652177684454	7.49409217748004	55
23.0757044572311	7.49078619407341	55
23.0861379241696	7.48731590076944	55
23.0965155949591	7.48368215381108	55
23.1068349090646	7.479885849771	55
23.1170933203498	7.47592792533045	55
23.1272882977051	7.47180935704804	55
23.1374173256725	7.46753116111887	55
23.1474779050659	7.46309439312377	55
23.1574675535878	7.45850014776885	55
23.167383806442	7.45374955861542	55
23.1772242169414	7.44884379780025	55
23.186986357112	7.44378407574643	55
23.1966678182918	7.43857164086467	55
23.2062662117251	7.43320777924526	55
23.215779169152	7.42769381434081	55
23.2252043433925	7.42203110663965	55
23.2345394089259	7.41622105333017	55
23.2437820624645	7.41026508795609	55
23.2529300235219	7.40416468006274	55
23.2619810349755	7.39792133483449	55
23.2709328636237	7.39153659272335	55
23.2797833007368	7.3850120290689	55
23.2885301626017	7.3783492537096	55
23.2971712910612	7.37154991058556	55
23.3057045540462	7.36461567733296	55
23.3141278461017	7.3575482648701	55
23.3224390889065	7.35034941697525	55
23.3306362317857	7.34302090985642	55
23.3387172522169	7.33556455171306	55
23.3466801563294	7.32798218228999	55
23.3545229793957	7.32027567242339	55
23.3622437863165	7.31244692357927	55
23.3698406720983	7.30449786738427	55
23.3773117623231	7.29643046514904	55
23.3846552136113	7.28824670738438	55
23.3918692140761	7.27994861331005	55
23.3989519837709	7.27153823035661	55
23.4059017751281	7.2630176336602	55
23.4127168733909	7.25438892555056	55
23.4193955970357	7.24565423503231	55
23.4259362981873	7.23681571725961	55
23.4323373630256	7.2278755530045	55
23.4385972121836	7.2188359481187	55
23.4447143011373	7.20969913298949	55
23.4506871205864	7.20046736198926	55
23.4565141968272	7.19114291291938	55
23.4621940921157	7.18172808644812	55
23.4677254050228	7.17222520554304	55
23.4731067707799	7.16263661489782	55
23.4783368616153	7.15296468035371	55
23.4834143870826	7.14321178831585	55
23.4883380943781	7.1333803451644	55
23.4931067686509	7.12347277666085	55
23.4977192333019	7.11349152734948	55
23.5021743502745	7.1034390599542	55
23.5064710203352	7.09331785477093	55
23.5106081833451	7.08313040905559	55
23.5145848185209	7.07287923640799	55
23.5183999446875	7.06256686615158	55
23.5220526205196	7.0521958427094	55
23.5255419447741	7.04176872497633	55
23.5288670565125	7.03128808568762	55
23.5320271353131	7.0207565107842	55
23.5350214014739	7.01017659877459	55
23.5378491162044	6.99955096009376	55
23.5405095818084	6.98888221645906	55
23.5430021418557	6.97817300022336	55
23.5453261813445	6.9674259537255	55
23.5474811268528	6.95664372863841	55
23.5494664466801	6.94582898531477	55
23.5512816509783	6.93498439213069	55
23.5529262918731	6.92411262482726	55
23.5543999635738	6.91321636585038	55
23.555702302474	6.90229830368892	55
23.5568329872411	6.89136113221134	55
23.5577917388955	6.88040755000104	55
23.5585783208797	6.86944025969054	55
23.5591925391162	6.85846196729461	55
23.5596342420559	6.84747538154262	55
23.5599033207153	6.83648321321023	55
23.5599997087032	6.82548817445049	55
23.5599233822372	6.81449297812467	55
23.5596743601499	6.80350033713296	55
23.5592527038836	6.79251296374503	55
23.5586585174758	6.78153356893086	55
23.5578919475331	6.77056486169183	55
23.5569531831951	6.75960954839233	55
23.5558424560879	6.74867033209198	55
23.5545600402667	6.73774991187871	55
23.5531062521486	6.72685098220281	55
23.5514814504339	6.7159762322121	55
23.5496860360181	6.70512834508841	55
23.547720451893	6.69430999738556	55
23.5455851830369	6.68352385836899	55
23.5432807562956	6.67277258935708	55
23.5408077402518	6.66205884306459	55
23.5381667450852	6.65138526294812	55
23.5353584224219	6.64075448255383	55
23.5323834651735	6.63016912486774	55
23.5292426073662	6.61963180166843	55
23.5259366239595	6.60914511288275	55
23.5224663306556	6.59871164594424	55
23.5188325836972	6.58833397515474	55
23.5150362796571	6.57801466104925	55
23.5110783552166	6.56775624976408	55
23.5069597869342	6.55756127240876	55
23.502681591005	6.54743224444136	55
23.4982448230099	6.53737166504799	55
23.493650577655	6.52738201652607	55
23.4888999885015	6.5174657636719	55
23.4839942276864	6.50762535317249	55
23.4789345056326	6.49786321300187	55
23.4737220707508	6.48818175182208	55
23.4683582091314	6.47858335838877	55
23.4629063302239	6.46917562254959	55
23.4574341431221	6.45989966554905	55
23.4515679518723	6.44995582836888	55
23.4458844168365	6.44032161407737	55
23.4398806256129	6.43014453202425	55
23.4343720474448	6.42080689216447	55
23.4278827288699	6.4098067933498	55
23.4203008228382	6.39695464453517	55
23.4145821381188	6.38726086005443	55
23.4082911844021	6.37659702141126	55
23.4013921079984	6.36490235375896	55
23.3938485062966	6.35211515193101	55
23.3856235000809	6.33817290303674	55
23.3766798058469	6.32301240905695	55
23.3669798081186	6.30656990943954	55
23.3618343676309	6.29784785869664	55
23.3564856317646	6.28878120369518	55
23.3509288374215	6.27936187074717	55
23.3451592143147	6.26958177399295	55
23.339171987228	6.25943281923239	55
23.3329623782763	6.24890690775594	55
23.3265256091652	6.23799594017577	55
23.3198569034509	6.22669182025692	55
23.3129514888004	6.21498645874832	55
23.3058045992509	6.20287177721398	55
23.29841147747	6.19033971186411	55
23.2907673770155	6.17738221738617	55
23.2828675645954	6.16399127077604	55
23.2747073223277	6.15015887516911	55
23.2662819500002	6.13587706367141	55
23.2575867673307	6.12113790319069	55
23.2486171162263	6.10593349826758	55
23.2393683630441	6.09025599490665	55
23.2298359008505	6.07409758440758	55
23.220015151681	6.05745050719623	55
23.2099015688007	6.04030705665579	55
23.1994906389636	6.02265958295787	55
23.188777884673	6.00450049689358	55
23.1777588664407	5.98582227370474	55
23.1664291850477	5.96661745691488	55
23.1547844838034	5.94687866216048	55
23.142820450806	5.92659858102194	55
23.130532821202	5.90576998485482	55
23.1179173794464	5.88438572862086	55
23.1049699615624	5.86243875471916	55
23.0916864574013	5.83992209681726	55
23.0780628129025	5.81682888368227	55
23.0640950323533	5.79315234301196	55
23.0497791806489	5.76888580526592	55
23.035111385552	5.74402270749661	55
23.0200878399532	5.7185565971805	55
23.0047048041302	5.69248113604924	55
22.9889586080085	5.66579010392068	55
22.9728456534206	5.63847740253004	55
22.9563624163663	5.61053705936103	55
22.9395054492722	5.58196323147692	55
22.9222713832522	5.55275020935167	55
22.9046569303668	5.5228924207011	55
22.8866588858832	5.49238443431393	55
22.8682741305354	5.46122096388291	55
22.8494996327837	5.42939687183595	55
22.8303324510749	5.39690717316723	55
22.8107697361022	5.36374703926833	55
22.7908087330646	5.3299118017593	55
22.7704467839276	5.29539695631982	55
22.7496813296824	5.26019816652028	55
22.7285099126061	5.22431126765289	55
22.7069301785215	5.18773227056284	55
22.6849398790572	5.15045736547937	55
22.662536873907	5.11248292584693	55
22.6397191330905	5.07380551215621	55
22.6164847392122	5.03442187577533	55
22.5928318897221	4.99432896278092	55
22.5687588991751	4.95352391778927	55
22.5442642014912	4.91200408778739	55
22.5193463522151	4.86976702596417	55
22.4940040307764	4.82681049554143	55
22.4682360427493	4.78313247360516	55
22.4420413221124	4.73873115493647	55
22.415418933509	4.69360495584282	55
22.3883680745062	4.64775251798879	55
22.3608880777155	4.60117271199014	55
22.332978411556	4.55386463870729	55
22.3046386792781	4.50582762758963	55
22.2758686176588	4.45706123446165	55
22.2466680956931	4.40756523930373	55
22.2170371132855	4.357339644033	55
22.1869757999422	4.30638467028405	55
22.1564844134624	4.25470075718991	55
22.1255633386302	4.20228855916272	55
22.094213085906	4.14914894367461	55
22.0624342901187	4.09528298903856	55
22.0302277091567	4.04069198218915	55
21.9975942226604	3.98537741646343	55
21.9645348307131	3.9293409893817	55
21.9310506525334	3.87258460042834	55
21.8971429251664	3.81511034883264	55
21.8628130021754	3.75692053134963	55
21.8280623523341	3.6980176400409	55
21.7928925583176	3.63840436005538	55
21.7573053153947	3.57808356741016	55
21.7213024301191	3.51705832677134	55
21.6848858190215	3.45533188923491	55
21.6480575073009	3.3929076901074	55
21.6108196275168	3.3297893466869	55
21.5731744182804	3.26598065604368	55
21.5351242229464	3.20148559280116	55
21.496671488305	3.13630830691671	55
21.4578187632732	3.07045312146235	55
21.4185686975868	3.00392453040575	55
21.378924040492	2.93672719639089	55
21.3388876394367	2.86886594851894	55
21.2984624387631	2.80034578012915	55
21.2576514783983	2.73117184657955	55
21.2164578925469	2.6613494630278	55
21.1748849083821	2.5908841022121	55
21.1329358447378	2.51978139223187	55
21.0906141108	2.44804711432872	55
21.0479232047986	2.37568720066711	55
21.0048667126991	2.30270773211526	55
20.9614483068943	2.22911493602603	55
20.9176717448961	2.15491518401755	55
20.8735408680268	2.08011498975427	55
20.8290596001114	2.00472100672759	55
20.7842319461686	1.92874002603679	55
20.7390619911031	1.85217897416975	55
20.6935538983971	1.77504491078394	55
20.6477119088017	1.69734502648703	55
20.6015403390289	1.6190866406179	55
20.5550435804434	1.54027719902729	55
20.508226097754	1.46092427185872	55
20.4610924277052	1.38103555132934	55
20.4136471777695	1.30061884951061	55
20.3658950248385	1.21968209610931	55
20.3178407139146	1.13823333624818	55
20.2694890568032	1.05628072824679	55
20.2208449308039	0.9738325414025	55
20.1719132774024	0.89089715377103	55
20.1226991009621	0.80748304994753	55
20.073207467416	0.723598818847206	55
20.0234435029581	0.63925315148621	55
19.9734123927353	0.554454838762537	55
19.9231193795389	0.469212769236703	55
19.8725697624968	0.383535926912627	55
19.8217688957643	0.297433389018538	55
19.7707221872167	0.210914323787607	55
19.7194350971404	0.123987988238975	55
19.6679131369249	0.0366637259583822	55
19.6161618677543	-0.0510490351209167	55
19.5641868992991	-0.139140784937259	55
19.511993888408	-0.227601933519962	55
19.4595885377992	-0.316422813208264	55
19.4069765947527	-0.405593680870696	55
19.3541638498013	-0.495104720124177	55
19.3011561354229	-0.584946043553222	55
19.2479593247317	-0.67510769492902	55
19.1945793301705	-0.765579651428832	55
19.1410221022016	-0.856351825854913	55
19.0872936279992	-0.947414068853908	55
19.0333999301407	-1.03875617113595	55
18.9793470652984	-1.13036786569375	55
18.9251411229316	-1.22223883002198	55
18.8707882239777	-1.31435868833622	55
18.8162945195442	-1.40671701379235	55
18.7616661896005	-1.49930333070563	55
18.7069094416694	-1.59210711676982	55
18.6520305095188	-1.68511780527649	55
18.5970356518536	-1.77832478733415	55
18.5419311510071	-1.87171741408735	55
18.4867233116329	-1.96528499893604	55
18.4314184593966	-2.05901681975451	55
18.3760229396671	-2.15290212111081	55
18.320543116209	-2.24693011648582	55
18.2649853698738	-2.34108999049234	55
18.2093560972915	-2.4353709010945	55
18.1536617095627	-2.52976198182667	55
18.0979086309501	-2.62425234401288	55
18.04210329757	-2.71883107898585	55
17.9862521560844	-2.81348726030628	55
17.9303616623921	-2.9082099459819	55
17.8744382803213	-3.00298818068668	55
17.8184884803202	-3.09781099798019	55
17.7625187381495	-3.19266742252653	55
17.7065355335739	-3.28754647231372	55
17.6505453490537	-3.38243716087265	55
17.5945546684362	-3.4773284994965	55
17.5385699756485	-3.57220949945865	55
17.4825977533885	-3.66706917422823	55
17.4266444818186	-3.76189654168398	55
17.3707166372576	-3.85668062632825	55
17.3148206908733	-3.95141046150109	55
17.2589631073751	-4.046075091594	55
17.2031503437066	-4.14066357426412	55
17.1473888477379	-4.23516498264815	55
17.0916850569584	-4.32956840757614	55
17.036045397169	-4.42386295978571	55
16.9804762811752	-4.51803777213593	55
16.9249841074787	-4.61208200182116	55
16.869575258971	-4.70598483258525	55
16.8142561016252	-4.7997354769353	55
16.7590329831885	-4.8933231783558	55
16.7039122318752	-4.9867372135225	55
16.6489001550591	-5.07996689451637	55
16.5940030379655	-5.17300157103764	55
16.5392271423645	-5.26583063261978	55
16.484578705263	-5.35844351084331	55
16.4300639375974	-5.45082968155002	55
16.3756890229261	-5.5429786670567	55
16.321460116122	-5.63488003836928	55
16.2673833420652	-5.72652341739675	55
16.2134647943353	-5.81789847916506	55
16.159710533904	-5.90899495403119	55
16.1061265878277	-5.99980262989713	55
16.0527189479398	-6.09031135442369	55
15.9994935695437	-6.1805110372447	55
15.9464563701048	-6.27039165218074	55
15.8936132279433	-6.35994323945333	55
15.8409699809266	-6.44915590789883	55
15.7885324251621	-6.53801983718225	55
15.7363063136893	-6.6265252800115	55
15.6842973551727	-6.71466256435112	55
15.6325112125943	-6.80242209563638	55
15.5809535019456	-6.88979435898724	55
15.5296297909209	-6.97676992142227	55
15.4785455976094	-7.06333943407265	55
15.4277063891876	-7.14949363439616	55
15.3771175806123	-7.23522334839108	55
15.3267845333127	-7.3205194928103	55
15.2767125538829	-7.40537307737511	55
15.2269068927748	-7.4897752069893	55
15.1773727429904	-7.57371708395311	55
15.1281152387744	-7.65719001017717	55
15.0791394543065	-7.74018538939646	55
15.0304504023941	-7.82269472938435	55
14.9820530331651	-7.90470964416646	55
14.9339522327598	-7.98622185623476	55
14.886152822024	-8.06722319876145	55
14.8386595552014	-8.14770561781295	55
14.7914771186256	-8.22766117456389	55
14.7446101294136	-8.30708204751107	55
14.6980631341573	-8.3859605346874	55
14.6518406076169	-8.46428905587596	55
14.6059469514129	-8.54206015482381	55
14.5603864927186	-8.61926650145618	55
14.5151634829529	-8.69590089409022	55
14.4702820964729	-8.77195626164912	55
14.425746429266	-8.84742566587606	55
14.3815604976428	-8.92230230354807	55
14.3377282369294	-8.99657950869017	55
14.2942535001601	-9.07025075478919	55
14.2511400567699	-9.14330965700782	55
14.2083915912868	-9.21574997439863	55
14.1660117020246	-9.28756561211788	55
14.1240038997754	-9.35875062363963	55
14.082371606502	-9.42929921296967	55
14.0411181540304	-9.49920573685947	55
14.0002467827425	-9.56846470702019	55
13.9597606402685	-9.63707079233664	55
13.9196627801796	-9.70501882108119	55
13.8799561606801	-9.77230378312783	55
13.8406436433005	-9.83892083216608	55
13.8017279915895	-9.90486528791501	55
13.763211869807	-9.97013263833715	55
13.7250978416162	-10.0347185418525	55
13.6873883687764	-10.0986188295525	55
13.6500858098355	-10.161829507414	55
13.6131924188224	-10.2243467585132	55
13.5767103439397	-10.2861669452397	55
13.5406416262559	-10.3472866115104	55
13.5049881983983	-10.4077024849833	55
13.4697518832455	-10.467411479272	55
13.4349343926196	-10.5264106961591	55
13.4005373259791	-10.5846974278104	55
13.366562169111	-10.6422691589889	55
13.333010292824	-10.6991235692688	55
13.2998829516401	-10.7552585352494	55
13.2671812824882	-10.8106721327689	55
13.2349063033955	-10.8653626391188	55
13.203058912181	-10.9193285352576	55
13.1716398851475	-10.9725685080245	55
13.1406498757742	-11.025081452354	55
13.1100894134092	-11.0768664734894	55
13.0799589019624	-11.1279228891968	55
13.0502586185973	-11.1782502319794	55
13.0209887124243	-11.2278482512911	55
12.9921492031927	-11.2767169157507	55
12.9637399799835	-11.3248564153556	55
12.9357607999016	-11.3722671636961	55
12.908211286769	-11.4189498001693	55
12.8810909298173	-11.4649051921913	55
12.8543990825998	-11.5101344370407	55
12.8281349634604	-11.5546388610634	55
12.8022976575677	-11.598420016225	55
12.7768861191727	-11.641479676287	55
12.7518991738663	-11.6838198329817	55
12.7273355208369	-11.725442692186	55
12.7031937351288	-11.7663506700968	55
12.6794722698999	-11.806546389405	55
12.6561694586792	-11.8460326754701	55
12.633283517625	-11.884812552495	55
12.6108125477828	-11.9228892397003	55
12.588754537343	-11.9602661474992	55
12.5671073638988	-11.9969468736716	55
12.5458687967042	-12.0329351995389	55
12.5250364989315	-12.0682350861387	55
12.5046080299297	-12.1028506703989	55
12.4845808474818	-12.1367862613128	55
12.464952310063	-12.1700463361132	55
12.4457196790987	-12.2026355364473	55
12.426880121222	-12.2345586645511	55
12.4084307105316	-12.2658206794236	55
12.3903684308499	-12.2964266930023	55
12.3726901779808	-12.3263819663366	55
12.3553927619674	-12.3556919057633	55
12.33847290935	-12.3843620590806	55
12.3219272654239	-12.4123981117227	55
12.3057523964975	-12.4398058829347	55
12.2899447921496	-12.4665913219468	55
12.2745008674879	-12.492760504149	55
12.2594169654064	-12.5183196272657	55
12.2446893588435	-12.54327500753	55
12.2303142530399	-12.5676330758586	55
12.2162877877963	-12.5914003740262	55
12.2026060397312	-12.6145835508399	55
12.189265024539	-12.6371893583141	55
12.1762606992478	-12.6592246478447	55
12.1635889644772	-12.6806963663838	55
12.1512456666961	-12.7016115526144	55
12.1392266004807	-12.7219773331247	55
12.1275275107722	-12.7418009185827	55
12.116144095135	-12.761089599911	55
12.105072006014	-12.7798507444611	55
12.094306852993	-12.7980917921879	55
12.0838442050523	-12.8158202518245	55
12.0736795928267	-12.8330436970568	55
12.0638085108632	-12.8497697626975	55
12.0542264198788	-12.8660061408613	55
12.0449287490187	-12.8817605771391	55
12.0359108981138	-12.8970408667729	55
12.027168239939	-12.9118548508296	55
12.0186961224705	-12.9262104123766	55
12.010489871144	-12.9401154726553	55
12.0025447911127	-12.9535779872567	55
11.9948561695047	-12.9666059422948	55
11.9874192776813	-12.9792073505824	55
11.9802293734946	-12.9913902478045	55
11.9732817035457	-13.0031626886936	55
11.966571505442	-13.0145327432042	55
11.9600940100556	-13.0255084926868	55
11.9538444437808	-13.0360980260632	55
11.9478180307923	-13.0463094360004	55
11.9420099953027	-13.0561508150856	55
11.9364155638205	-13.0656302520005	55
11.9310299674083	-13.0747558276961	55
11.92584844394	-13.0835356115671	55
11.9160786149367	-13.100090000679	55
11.9070682018352	-13.1153575980004	55
11.8987795831493	-13.1294021524658	55
11.8911754631344	-13.1422868608663	55
11.8842189440388	-13.154074245435	55
11.8778735983552	-13.1648260314326	55
11.8721035410723	-13.1746030247337	55
11.8668735019268	-13.1834649894119	55
11.8599655319575	-13.1951700964861	55
11.8540815291779	-13.2051401547326	55
11.8476412550754	-13.2160527757787	55
11.8415081092189	-13.2264449862959	55
11.8363888410315	-13.2351192473597	55
11.8310917434666	-13.2440948284363	55
11.8258284832847	-13.2530130589334	55
11.8205083221312	-13.2620224977538	55
11.8153993977158	-13.2706580215765	55
11.8098067902842	-13.280088902967	55
11.8045619162582	-13.2889119487976	55
11.7982861437848	-13.2994425892224	55
11.7908569242197	-13.3118727344403	55
11.7852009531601	-13.3213109780099	55
11.778937793365	-13.3317382940225	55
11.7720284899433	-13.3432130387597	55
11.7644335792466	-13.3557935069002	55
11.756113170121	-13.3695377411734	55
11.7470270251588	-13.384503342014	55
11.7371346419498	-13.400747277215	55
11.7318734015335	-13.4093662028054	55
11.7263953343333	-13.4183256915826	55
11.7206953391982	-13.4276326018271	55
11.7147683136494	-13.4372937165893	55
11.7086091564195	-13.4473157377411	55
11.7022127699909	-13.457705280028	55
11.6955740631358	-13.4684688651207	55
11.6886879534545	-13.4796129156664	55
11.6815493699152	-13.4911437493409	55
11.6741532553927	-13.5030675729002	55
11.6664945692076	-13.515390476232	55
11.6585682896654	-13.5281184264075	55
11.6503694165957	-13.5412572617332	55
11.6418929738913	-13.5548126858025	55
11.6331340120473	-13.5687902615471	55
11.6240876106999	-13.5831954052894	55
11.6147488811661	-13.5980333807932	55
11.6051129689825	-13.6133092933164	55
11.5951750564443	-13.6290280836619	55
11.5849303651445	-13.6451945222297	55
11.5743741585132	-13.6618132030684	55
11.5635017443564	-13.678888537927	55
11.5523084773954	-13.6964247503066	55
11.5407897618058	-13.714425869512	55
11.5289410537565	-13.7328957247033	55
11.5167578639489	-13.7518379389478	55
11.5042357601561	-13.7712559232716	55
11.4913703697619	-13.7911528707111	55
11.4781573823	-13.8115317503651	55
11.4645925519931	-13.832395301446	55
11.4506717002917	-13.8537460273318	55
11.4363907184137	-13.8755861896178	55
11.4217455698835	-13.897917802168	55
11.4067322930705	-13.9207426251671	55
11.3913470037289	-13.9440621591721	55
11.3755858975364	-13.9678776391638	55
11.3594452526335	-13.9921900285988	55
11.3429214321627	-14.0170000134607	55
11.3260108868072	-14.0423079963125	55
11.3087101573305	-14.0681140903476	55
11.2910158771152	-14.0944181134418	55
11.2729247747023	-14.1212195822051	55
11.2544336763302	-14.148517706033	55
11.2355395084738	-14.1763113811586	55
11.2162393003836	-14.204599184704	55
11.1965301866249	-14.2333793687322	55
11.1764094096171	-14.2626498542986	55
11.1558743221722	-14.2924082255027	55
11.1349223900346	-14.32265172354	55
11.1135511944199	-14.3533772407533	55
11.0917584345495	-14.3845813147044	55
11.0695419298607	-14.4162601237365	55
11.0468996207379	-14.4484094893179	55
11.0238295682322	-14.481024883023	55
11.0003299536949	-14.5141014339137	55
10.9763990784096	-14.5476339359212	55
10.9520353632254	-14.5816168552276	55
10.9272373481894	-14.6160443376478	55
10.9020036921796	-14.650910216011	55
10.8763331725375	-14.6862080175423	55
10.8502246847011	-14.7219309712448	55
10.8236772418373	-14.758072015281	55
10.7966899744749	-14.7946238043542	55
10.7692621301372	-14.831578717091	55
10.741393072975	-14.8689288634223	55
10.7130822833989	-14.9066660919652	55
10.6843293577125	-14.9447819974048	55
10.655134007745	-14.9832679278758	55
10.6254960604839	-15.0221149923442	55
10.5954154577075	-15.061314067989	55
10.5648922556183	-15.100855807584	55
10.5339266244751	-15.1407306468792	55
10.5025188482261	-15.1809288119829	55
10.4706693241415	-15.2214403267431	55
10.4383785624463	-15.2622550201294	55
10.4056471859532	-15.3033625336144	55
10.3724759296949	-15.3447523285557	55
10.3388656405574	-15.3864136935774	55
10.3048172769124	-15.4283357519521	55
10.2703319082502	-15.470507468982	55
10.2354107148123	-15.5129176593814	55
10.2000549872243	-15.5555549946575	55
10.1642661261285	-15.5984080104929	55
10.1280456418168	-15.6414651141268	55
10.0913951538634	-15.684714591737	55
10.0543163907575	-15.7281446158212	55
10.016811189536	-15.7717432525791	55
9.97888149541652	-15.8154984692941	55
9.94052936142972	-15.8593981417144	55
9.90175694805244	-15.9034300614355	55
9.8625665228402	-15.9475819432814	55
9.8229604600601	-15.9918414326865	55
9.78294124032345	-16.036196113077	55
9.74251145021861	-16.080633513253	55
9.70167378194367	-16.1251411147701	55
9.66043103293925	-16.1697063593207	55
9.61878610552121	-16.2143166561163	55
9.57674200651342	-16.2589593892688	55
9.53430184688048	-16.3036219251721	55
9.49146884136053	-16.3482916198842	55
9.44824630809793	-16.3929558265088	55
9.40463766827603	-16.4376019025766	55
9.36064644574993	-16.4822172174274	55
9.31627626667924	-16.5267891595917	55
9.27153085916076	-16.5713051441723	55
9.22641405286132	-16.6157526202261	55
9.18092977865048	-16.6601190781459	55
9.13508206823326	-16.7043920570416	55
9.08887505378293	-16.7485591521227	55
9.04231296757372	-16.7926080220792	55
8.9954001416136	-16.8365263964639	55
8.94814100727702	-16.8803020830735	55
8.90054009493763	-16.923922975331	55
8.85260203360107	-16.9673770596669	55
8.80433155053769	-17.0106524229009	55
8.7557334709153	-17.0537372596239	55
8.70681271743193	-17.0966198795794	55
8.65757430994857	-17.1392887150454	55
8.60802336512192	-17.1817323282161	55
8.55816509603715	-17.2239394185832	55
8.5080048118406	-17.2658988303182	55
8.4575479173726	-17.3075995596537	55
8.40679991280016	-17.3490307622652	55
8.35576639324976	-17.3901817606528	55
8.30445304844004	-17.4310420515227	55
8.25286566231463	-17.4716013131695	55
8.20101011267482	-17.5118494128571	55
8.14889237081236	-17.5517764142009	55
8.09651850114216	-17.5913725845494	55
8.04389466083511	-17.630628402366	55
7.99102709945076	-17.6695345646102	55
7.93792215857007	-17.70808199412	55
7.88458627142824	-17.7462618469931	55
7.83102596254733	-17.7840655199688	55
7.77724784736913	-17.8214846578096	55
7.72325863188783	-17.858511160683	55
7.6690651122828	-17.8951371915431	55
7.61467417455131	-17.9313551835124	55
7.56009279414134	-17.9671578472633	55
7.50532803558424	-18.0025381784001	55
7.45038705212754	-18.0374894648403	55
7.39527708536771	-18.0720052941968	55
7.34000546488283	-18.1060795611591	55
7.28457960786543	-18.1397064748753	55
7.22900701875518	-18.1728805663336	55
7.17329528887152	-18.2055966957439	55
7.11745209593971	-18.2378500594741	55
7.06148520251774	-18.2696361924098	55
7.00540245295108	-18.3009509641799	55
6.94921177003405	-18.3317905741606	55
6.89292115166806	-18.3621515464668	55
6.8365386675199	-18.3920307249432	55
6.78007245567999	-18.4214252681552	55
6.7235307193207	-18.4503326443807	55
6.66692172335457	-18.4787506266004	55
6.61025379109261	-18.50667728749	55
6.55353530090257	-18.5341109944104	55
6.4967746828672	-18.5610504043994	55
6.43998041544253	-18.5874944591631	55
6.38316102211615	-18.6134423800663	55
6.32632506806546	-18.6388936631245	55
6.26948115681598	-18.6638480739944	55
6.21263792689956	-18.6883056429657	55
6.15580404851272	-18.7122666599518	55
6.09898822017489	-18.735731669481	55
6.04219916538666	-18.7587014656881	55
5.98544562928808	-18.7811770873051	55
5.92873637531696	-18.8031598126525	55
5.87208018186708	-18.8246511546307	55
5.81548583894649	-18.845652855711	55
5.75896214483578	-18.8661668829266	55
5.70251790274639	-18.8861954228641	55
5.64616191747879	-18.9057408766545	55
5.58990299208086	-18.9248058549645	55
5.53374992450609	-18.9433931729874	55
5.47771150427187	-18.9615058454346	55
5.42179650911775	-18.9791470815265	55
5.36601370166377	-18.9963202799839	55
5.31037182606865	-19.0130290240191	55
5.25487960468812	-19.0292770763271	55
5.19954573473316	-19.0450683740766	55
5.14437888492828	-19.0604070239012	55
5.08938769216982	-19.0752972968911	55
5.03458075818418	-19.0897436235834	55
4.97996664618612	-19.103750588954	55
4.925553877537	-19.1173229274083	55
4.87135092840311	-19.1304655177729	55
4.81736622641388	-19.1431833782861	55
4.76360814732018	-19.1554816615897	55
4.71008501165259	-19.1673656497196	55
4.65680508137969	-19.1788407490977	55
4.6037765565663	-19.1899124855222	55
4.55100757203175	-19.2005864991596	55
4.4985061940082	-19.2108685395353	55
4.44628041679885	-19.2207644605249	55
4.39433815943627	-19.2302802153458	55
4.34268726234061	-19.2394218515476	55
4.29133548397794	-19.2481955060039	55
4.24029049751847	-19.2566073999034	55
4.18955988749484	-19.2646638337407	55
4.13915114646038	-19.272371182308	55
4.08907167164742	-19.2797358896857	55
4.03932876162552	-19.2867644642341	55
3.98992961295975	-19.2934634735842	55
3.94088131686898	-19.2998395396291	55
3.89219085588415	-19.3058993335152	55
3.8438651005065	-19.3116495706331	55
3.79591080586592	-19.317097005609	55
3.74833460837913	-19.3222484272958	55
3.70114302240804	-19.3271106537644	55
3.65434243691796	-19.3316905272948	55
3.60793911213589	-19.335994909367	55
3.5619391762088	-19.3400306756525	55
3.51634862186191	-19.3438047110057	55
3.47117330305692	-19.3473239044545	55
3.42641893165034	-19.3505951441917	55
3.38209107405171	-19.3536253125663	55
3.33819514788191	-19.3564212810747	55
3.29473641863141	-19.3589899053516	55
3.25171999631854	-19.3613380201614	55
3.20915083214779	-19.3634724343895	55
3.16703371516804	-19.365399926033	55
3.12537326893087	-19.3671272371923	55
3.08417394814882	-19.3686610690622	55
3.04344003535365	-19.370008076923	55
3.0031756375546	-19.3711748651316	55
2.96338468289672	-19.3721679821128	55
2.92407091731908	-19.3729939153506	55
2.88523790121307	-19.373659086379	55
2.84688900608068	-19.3741698457735	55
2.80902741119274	-19.3745324681422	55
2.77165610024722	-19.3747531471168	55
2.7347778580275	-19.3748379903441	55
2.69839526706062	-19.3747930144769	55
2.6625107042756	-19.3746241401651	55
2.62712633766164	-19.3743371870475	55
2.59224412292645	-19.373937868742	55
2.55786580015451	-19.3734317878376	55
2.52399289046533	-19.3728244308851	55
2.49062669267172	-19.3721211633887	55
2.45776827993808	-19.3713272247965	55
2.42541849649128	-19.3704477235411	55
2.39357795581356	-19.3694876334463	55
2.3622470427876	-19.3684517937822	55
2.33142591747678	-19.367344910829	55
2.30111451897359	-19.3661715595035	55
2.27131256924787	-19.3649361849862	55
2.24201957699519	-19.3636431043474	55
2.21323484148513	-19.3622965081738	55
2.18495745640962	-19.3609004621958	55
2.15718631373123	-19.3594589089134	55
2.12992010753155	-19.3579756692231	55
2.10315733785942	-19.3564544440448	55
2.07689631457932	-19.3548988159478	55
2.05113516121968	-19.3533122507782	55
2.02587181882117	-19.351698099285	55
2.00110404978501	-19.3500595987466	55
1.97682944172137	-19.3483998745982	55
1.95304541129757	-19.3467219420574	55
1.9297492080865	-19.3450287077519	55
1.90693791841488	-19.3433229713452	55
1.88460846921161	-19.3416074271637	55
1.86275763185607	-19.3398846658233	55
1.84138202602644	-19.3381571758561	55
1.82047812354804	-19.3364273453367	55
1.80004225224162	-19.3346974635092	55
1.78007059977169	-19.3329697224135	55
1.76055921749486	-19.3312462185124	55
1.74150402430811	-19.3295289543176	55
1.72290081049717	-19.3278198400169	55
1.70474524158478	-19.3261206951005	55
1.68703286217905	-19.3244332499877	55
1.66975909982178	-19.3227591476537	55
1.65291926883673	-19.321099945256	55
1.636508574178	-19.3194571157611	55
1.6205221152783	-19.317832049571	55
1.60495488989732	-19.3162260561504	55
1.58980179796999	-19.3146403656525	55
1.57505764545484	-19.3130761305462	55
1.56071714818232	-19.3115344272426	55
1.54677493570308	-19.3100162577216	55
1.53322555513633	-19.3085225511584	55
1.52006347501815	-19.3070541655505	55
1.50728308914979	-19.3056118893438	55
1.494878720446	-19.3041964430598	55
1.48284462478336	-19.3028084809217	55
1.47117499484858	-19.3014485924816	55
1.45986396398684	-19.3001173042465	55
1.44890561005009	-19.2988150813054	55
1.43829395924536	-19.2975423289557	55
1.42802298998313	-19.2962993943301	55
1.41808663672558	-19.2950865680227	55
1.39919331942186	-19.2927521298086	55
1.38156475030254	-19.2905402701144	55
1.36515121545606	-19.2884514442333	55
1.34990266723724	-19.2864853590028	55
1.3357688474134	-19.2846410248568	55
1.32269941031064	-19.2829168078779	55
1.31064404595999	-19.2813104818496	55
1.29955260324366	-19.2798192803085	55
1.2893752130412	-19.278439948596	55
1.2757149148385	-19.2765725268809	55
1.2638354823431	-19.2749343960207	55
1.25357594284461	-19.2735099848922	55
1.24214679240884	-19.2719141986355	55
1.23098073732378	-19.2703484215602	55
1.22003159404017	-19.2688099943288	55
1.21003154988744	-19.2674045798223	55
