1.20515765865591	-19.4737791820489	50
1.1921002262679	-19.4718812904953	50
1.17906126073989	-19.4698604216534	50
1.16604192026819	-19.4677167550285	50
1.1530433613059	-19.4654504810335	50
1.14006673846019	-19.4630618009718	50
1.12711320438973	-19.4605509270199	50
1.11418390970232	-19.4579180822082	50
1.10128000285266	-19.4551635004011	50
1.08840263004038	-19.4522874262765	50
1.07555293510818	-19.4492901153039	50
1.06273205944027	-19.4461718337219	50
1.04994114186096	-19.4429328585142	50
1.03718131853351	-19.4395734773853	50
1.0244537228592	-19.4360939887349	50
1.01175948537667	-19.4324947016314	50
0.999099733661496	-19.4287759357841	50
0.986475592226023	-19.4249380215154	50
0.973888182419488	-19.420981299731	50
0.961338622328412	-19.4169061218898	50
0.948828026677284	-19.4127128499727	50
0.93635750672955	-19.4084018564503	50
0.923928170188894	-19.4039735242501	50
0.911541121100857	-19.399428246722	50
0.899197459754763	-19.3947664276039	50
0.886898282585984	-19.3899884809856	50
0.874644682078551	-19.3850948312718	50
0.862437746668113	-19.3800859131449	50
0.850278560645255	-19.3749621715259	50
0.838168204059185	-19.3697240615352	50
0.826107752621798	-19.3643720484519	50
0.814098277612126	-19.3589066076729	50
0.802140845781179	-19.3533282246702	50
0.790236519257192	-19.347637394948	50
0.778386355451278	-19.3418346239987	50
0.766591406963504	-19.335920427258	50
0.754852721489397	-19.3298953300591	50
0.743171341726873	-19.3237598675859	50
0.731548305283626	-19.3175145848256	50
0.719984644584959	-19.3111600365204	50
0.708481386782077	-19.304696787118	50
0.69703955366085	-19.2981254107217	50
0.685660161551056	-19.291446491039	50
0.674344221236097	-19.2846606213301	50
0.663092737863223	-19.2777684043554	50
0.651906710854243	-19.2707704523213	50
0.640787133816756	-19.2636673868265	50
0.629734994455888	-19.2564598388062	50
0.618751274486562	-19.2491484484766	50
0.607836949546295	-19.2417338652776	50
0.596992989108535	-19.2342167478153	50
0.58622035639655	-19.2265977638037	50
0.575520008297866	-19.2188775900049	50
0.56489289527927	-19.2110569121694	50
0.554339961302389	-19.203136424975	50
0.543862143739837	-19.1951168319652	50
0.533460373291951	-19.1869988454867	50
0.52313557390413	-19.1787831866258	50
0.512888662684753	-19.170470585145	50
0.502720549823722	-19.1620617794175	50
0.492632138511617	-19.1535575163622	50
0.48262432485946	-19.1449585513768	50
0.472697997819128	-19.136265648271	50
0.462854039104383	-19.127479579199	50
0.453093323112557	-19.11860112459	50
0.443416716846881	-19.1096310730798	50
0.433825079839476	-19.1005702214402	50
0.424319264074999	-19.0914193745084	50
0.414900113914972	-19.0821793451156	50
0.405568466022772	-19.0728509540147	50
0.396325149289324	-19.0634350298071	50
0.387170984759465	-19.0539324088699	50
0.378106785559018	-19.0443439352807	50
0.369133356822567	-19.0346704607431	50
0.360251495621938	-19.0249128445112	50
0.351461990895397	-19.0150719533128	50
0.342765623377577	-19.0051486612727	50
0.334163165530124	-18.9951438498353	50
0.325655381473085	-18.9850584076855	50
0.317243026917031	-18.9748932306708	50
0.308926849095936	-18.964649221721	50
0.300707586700799	-18.9543272907681	50
0.29258596981403	-18.9439283546657	50
0.284562719844602	-18.9334533371075	50
0.276638549463967	-18.9229031685451	50
0.268814162542757	-18.9122787861054	50
0.261090254088261	-18.9015811335076	50
0.253467510182687	-18.890811160979	50
0.245946607922224	-18.8799698251709	50
0.238528215356898	-18.8690580890733	50
0.231212991431231	-18.8580769219297	50
0.224001585925709	-18.847027299151	50
0.216894639399065	-18.8359102022285	50
0.209892783131384	-18.8247266186471	50
0.202996639068025	-18.8134775417972	50
0.196206819764377	-18.802163970887	50
0.189523928331451	-18.7907869108532	50
0.182948558382305	-18.7793473722721	50
0.176481293979317	-18.7678463712696	50
0.170122709582305	-18.7562849294312	50
0.163873369997502	-18.744664073711	50
0.157733830327385	-18.7329848363405	50
0.151704635921365	-18.7212482547372	50
0.145786322327352	-18.7094553714121	50
0.13997941524418	-18.6976072338773	50
0.13428443047491	-18.6857048945528	50
0.128701873881021	-18.6737494106733	50
0.123232241337467	-18.661741844194	50
0.117876018688636	-18.6496832616963	50
0.112633681705195	-18.6375747342934	50
0.107505696041827	-18.6254173375345	50
0.102492517195868	-18.61321215131	50
0.0975945904668494	-18.600960259755	50
0.092812350916945	-18.5886627511535	50
0.0881462233323225	-18.5763207178413	50
0.0835966221854134	-18.563935256109	50
0.0791639515980986	-18.5515074661051	50
0.0748486053058095	-18.5390384517377	50
0.0706509666225552	-18.5265293205768	50
0.0665714084068756	-18.5139811837556	50
0.0626102930287189	-18.5013951558724	50
0.0587679723372567	-18.4887723548908	50
0.0550447876296305	-18.4761139020411	50
0.0514410696206324	-18.4634209217201	50
0.0479571384133337	-18.4506945413918	50
0.0445933034706494	-18.437935891487	50
0.0413498635878478	-18.4251461053025	50
0.0382271068660136	-18.4123263189013	50
0.0352253106864557	-18.3994776710108	50
0.0323447416860667	-18.3866013029223	50
0.0295856557336409	-18.3736983583892	50
0.0269482979071465	-18.3607699835257	50
0.0244329024719545	-18.3478173267048	50
0.0220396928600322	-18.3348415384563	50
0.0197688816500947	-18.3218437713647	50
0.0176206705487241	-18.308825179967	50
0.0155952503724512	-18.2957869206497	50
0.0136928010308077	-18.2827301515463	50
0.0119134915103438	-18.2696560324346	50
0.0102574798596196	-18.2565657246334	50
0.00872491317516499	-18.2434603908996	50
0.00731592758841448	-18.2303411953247	50
0.00603064825361477	-18.2172093032314	50
0.00486918933670766	-18.2040658810705	50
0.00383165400519014	-18.1909120963166	50
0.00291813441894928	-18.1777491173649	50
0.00212871172207718	-18.1645781134274	50
0.00146345603566189	-18.1514002544287	50
0.000922426451560376	-18.1382167109025	50
0.000505671027148269	-18.1250286538875	50
0.000213226781052178	-18.1118372548229	50
4.51196898612061e-05	-18.0986436854453	50
1.36468581879434e-06	-18.0854491176837	50
8.19656554977843e-05	-18.0722547235558	50
0.000286915439454027	-18.0590616750642	50
0.000616195832862321	-18.0458711440916	50
0.00106977758713445	-18.0326843022972	50
0.00164762041251598	-18.0195023210127	50
0.00234967298166655	-18.0063263711378	50
0.00317587293421751	-17.9931576230365	50
0.00412614688231172	-17.9799972464332	50
0.00520041041712238	-17.9668464103087	50
0.0063985681163512	-17.9537062827962	50
0.0077205135527032	-17.9405780310778	50
0.00916612930334137	-17.9274628212809	50
0.0107352869603157	-17.9143618183741	50
0.0124278471419703	-17.9012761860642	50
0.0142436595053232	-17.8882070866929	50
0.0161825627594212	-17.875155681133	50
0.0182443846796663	-17.8621231286859	50
0.0204289421231139	-17.8491105869783	50
0.0227360410447399	-17.8361192118593	50
0.0251654765146794	-17.823150157298	50
0.027717032736426	-17.8102045752808	50
0.0303904830660027	-17.7972836157091	50
0.0331855900320932	-17.7843884262974	50
0.0361021053571353	-17.7715201524708	50
0.0391397699793739	-17.7586799372639	50
0.0422983140758735	-17.7458689212189	50
0.0455774570864844	-17.7330882422841	50
0.0489769077387636	-17.7203390357135	50
0.0524963640738492	-17.7076224339653	50
0.0561355134732786	-17.6949395666016	50
0.0598940326867607	-17.682291560188	50
0.0637715878608871	-17.6696795381936	50
0.0677678345687862	-17.657104620891	50
0.0718824178407191	-17.6445679252572	50
0.0761149721956089	-17.6320705648739	50
0.0804651216735039	-17.619613649829	50
0.0849324798689752	-17.6071982866176	50
0.0895166499654372	-17.5948255780442	50
0.0942172247703952	-17.5824966231241	50
0.0990337867516162	-17.5702125169866	50
0.103965908074216	-17.5579743507769	50
0.109013150638659	-17.5457832115598	50
0.114175066119678	-17.5336401822226	50
0.119451196006093	-17.5215463413795	50
0.12484107164154	-17.5095027632753	50
0.130344214266102	-17.4975105176903	50
0.135960135058829	-17.4855706698451	50
0.141688335181166	-17.473684280306	50
0.147528305821256	-17.4618524048909	50
0.153479528239141	-17.4500760945753	50
0.159541473812834	-17.4383563953992	50
0.165713604085278	-17.426694348374	50
0.171995370812176	-17.4150909893903	50
0.178386216010683	-17.4035473491254	50
0.184885572008979	-17.3920644529522	50
0.191492861496682	-17.380643320848	50
0.198207497576137	-17.3692849673037	50
0.205028883814541	-17.3579904012339	50
0.211956414296929	-17.3467606258875	50
0.218989473679986	-17.3355966387578	50
0.226127437246711	-17.3244994314948	50
0.23336967096191	-17.3134699898167	50
0.240715531528507	-17.3025092934222	50
0.248164366444694	-17.2916183159037	50
0.255715514061882	-17.2807980246609	50
0.263368303643479	-17.2700493808145	50
0.271122055424464	-17.2593733391212	50
0.278976080671773	-17.2487708478889	50
0.286929681745469	-17.2382428488921	50
0.294982152160717	-17.2277902772885	50
0.303132776650534	-17.217414061536	50
0.311380831229325	-17.20711512331	50
0.319725583257192	-17.1968943774219	50
0.328166291505009	-17.1867527317373	50
0.336702206220264	-17.1766910870958	50
0.345332569193658	-17.166710337231	50
0.354056613826449	-17.1568113686907	50
0.36287356519855	-17.1469950607586	50
0.371782640137358	-17.1372622853758	50
0.380783047287326	-17.1276139070638	50
0.389873987180249	-17.1180507828473	50
0.399054652306279	-17.1085737621783	50
0.408324227185659	-17.0991836868606	50
0.417681888441149	-17.0898813909749	50
0.42712680487117	-17.080667700805	50
0.436658137523632	-17.0715434347642	50
0.446275039770459	-17.0625094033223	50
0.455976657382787	-17.0535664089345	50
0.465762128606844	-17.0447152459691	50
0.475630584240495	-17.0359567006376	50
0.485581147710451	-17.0272915509247	50
0.495612935150129	-17.0187205665191	50
0.505725055478162	-17.0102445087451	50
0.515916610477557	-17.0018641304952	50
0.526186694875468	-16.9935801761631	50
0.536534396423616	-16.9853933815775	50
0.546958795979319	-16.9773044739368	50
0.557458967587131	-16.9693141717445	50
0.568033978561101	-16.9614231847456	50
0.578682889567606	-16.9536322138631	50
0.589404754708796	-16.945941951136	50
0.600198621606618	-16.9383530796581	50
0.6110635314874	-16.9308662735167	50
0.621998519267024	-16.9234821977332	50
0.63300261363665	-16.916201508204	50
0.64407483714899	-16.9090248516419	50
0.655214206305128	-16.9019528655192	50
0.666419731641889	-16.8949861780105	50
0.67769041781972	-16.8881254079373	50
0.689025263711106	-16.8813711647128	50
0.700423262489498	-16.874724048288	50
0.711883401718738	-16.8681846490982	50
0.723404663442996	-16.8617535480107	50
0.73498602427719	-16.855431316273	50
0.746626455497885	-16.8492185154624	50
0.758324923134673	-16.8431156974356	50
0.770080388062019	-16.8371234042803	50
0.781891806091557	-16.8312421682667	50
0.793758128064839	-16.8254725118	50
0.805678299946539	-16.8198149473746	50
0.817651262918066	-16.8142699775281	50
0.829675953471618	-16.8088380947966	50
0.841751303504655	-16.8035197816716	50
0.853876240414764	-16.7983155105562	50
0.866049687194941	-16.7932257437239	50
0.878270562529257	-16.7882509332773	50
0.890537780888901	-16.7833915211077	50
0.902850252628607	-16.7786479388563	50
0.915206884083446	-16.7740206078755	50
0.927606577665962	-16.7695099391915	50
0.940048231963676	-16.7651163334681	50
0.952530741836914	-16.7608401809707	50
0.965052998516975	-16.7566818615318	50
0.977613889704614	-16.7526417445176	50
0.990212299668849	-16.7487201887944	50
1.00284710934606	-16.7449175426976	50
1.0155171964394	-16.7412341440002	50
1.02822143551847	-16.737670319883	50
1.04095869811929	-16.7342263869054	50
1.05372785284457	-16.7309026509774	50
1.06652776546413	-16.7276994073326	50
1.07935729901573	-16.7246169405014	50
1.09221531390603	-16.7216555242865	50
1.10510066801178	-16.718815421738	50
1.11801221678134	-16.7160968851302	50
1.13094881333629	-16.7135001559392	50
1.14390930857332	-16.7110254648216	50
1.1568925512663	-16.7086730315936	50
1.16989738816855	-16.7064430652121	50
1.18292266411526	-16.7043357637556	50
1.1959672221261	-16.7023513144067	50
1.22275876389275	-16.6985337660936	50
1.24036679892431	-16.6959956697809	50
1.25798176375061	-16.6934143006346	50
1.27560365837163	-16.6907896586545	50
1.29323248278737	-16.6881217438407	50
1.31086823699785	-16.6854105561932	50
1.32851092100305	-16.682656095712	50
1.34616053480297	-16.6798583623971	50
1.36381707839763	-16.6770173562485	50
1.38148055178701	-16.6741330772662	50
1.39915095497112	-16.6712055254501	50
1.41682828794995	-16.6682347008004	50
1.43451255072351	-16.6652206033169	50
1.4522037432918	-16.6621632329998	50
1.46990186565481	-16.6590625898489	50
1.48760691781255	-16.6559186738644	50
1.50531889976502	-16.6527314850461	50
1.52303781151221	-16.6495010233941	50
1.54076365305413	-16.6462272889084	50
1.55849642439078	-16.642910281589	50
1.57623612552215	-16.6395500014359	50
1.59398275644825	-16.6361464484491	50
1.61173631716908	-16.6326996226286	50
1.62949680768464	-16.6292095239744	50
1.64726422799492	-16.6256761524865	50
1.66503857809992	-16.6220995081648	50
1.68281985799966	-16.6184795910095	50
1.70060806769412	-16.6148164010204	50
1.71840320718331	-16.6111099381977	50
1.73620527646722	-16.6073602025412	50
1.75401427554586	-16.603567194051	50
1.77183020441923	-16.5997309127272	50
1.78965306308733	-16.5958513585696	50
1.80748285155015	-16.5919285315783	50
1.8253195698077	-16.5879624317533	50
1.84316321785997	-16.5839530590946	50
1.86101379570697	-16.5799004136022	50
1.8788713033487	-16.575804495276	50
1.89673574078516	-16.5716653041162	50
1.91460710801634	-16.5674828401227	50
1.93248540504224	-16.5632571032954	50
1.95037063186288	-16.5589880936345	50
1.96826278847824	-16.5546758111398	50
1.98616187488833	-16.5503202558114	50
2.00406789109315	-16.5459214276494	50
2.02198083709269	-16.5414793266536	50
2.03990071288696	-16.5369939528241	50
2.05782751847595	-16.5324653061609	50
2.07576125385967	-16.527893386664	50
2.09370191903812	-16.5232781943334	50
2.1116495140113	-16.5186197291691	50
2.1296040387792	-16.513917991171	50
2.14756549334183	-16.5091729803393	50
2.16553387769918	-16.5043846966739	50
2.18350919185127	-16.4995531401747	50
2.20149143579808	-16.4946783108419	50
2.21948060953961	-16.4897602086753	50
2.23747671307587	-16.484798833675	50
2.25547974640686	-16.4797941858411	50
2.27348970953258	-16.4747462651734	50
2.29150660245302	-16.469655071672	50
2.30953042516819	-16.4645206053369	50
2.32756117767809	-16.4593428661681	50
2.34559885998271	-16.4541218541656	50
2.36364347208206	-16.4488575693294	50
2.38169501397614	-16.4435500116594	50
2.39975348566494	-16.4381991811558	50
2.41781888714847	-16.4328050778185	50
2.43589121842672	-16.4273677016474	50
2.45397047949971	-16.4218870526427	50
2.47205667036742	-16.4163631308042	50
2.49014979102985	-16.410795936132	50
2.50824984148702	-16.4051854686262	50
2.52635682173891	-16.3995317282866	50
2.54447073178552	-16.3938347151133	50
2.56259157162686	-16.3880944291063	50
2.58071934126294	-16.3823108702656	50
2.59885404069373	-16.3764840385912	50
2.61699566991926	-16.370613934083	50
2.63514422893951	-16.3647005567412	50
2.65329971775448	-16.3587439065657	50
2.67146213636419	-16.3527439835564	50
2.68963148476862	-16.3467007877135	50
2.70780776296777	-16.3406143190368	50
2.72599097096166	-16.3344845775265	50
2.74418110875027	-16.3283115631824	50
2.7623781763336	-16.3220952760046	50
2.78058217371167	-16.3158357159931	50
2.79879310088446	-16.3095328831479	50
2.81701095785198	-16.303186777469	50
2.83523574461422	-16.2967973989564	50
2.85346746117119	-16.2903647476101	50
2.87170610752289	-16.2838888234301	50
2.88995168366931	-16.2773696264164	50
2.90820418961046	-16.2708071565689	50
2.92646362534634	-16.2642014138878	50
2.94472999087694	-16.2575523983729	50
2.96300328620227	-16.2508601100244	50
2.98128351132233	-16.2441245488421	50
2.99957066623712	-16.2373457148262	50
3.01786475094663	-16.2305236079765	50
3.03616576545087	-16.2236582282931	50
3.05447370974983	-16.216749575776	50
3.07278858384352	-16.2097976504252	50
3.09111038773194	-16.2028024522407	50
3.10943912141508	-16.1957639812225	50
3.12777478489296	-16.1886822373705	50
3.14611737816555	-16.1815572206849	50
3.16446690123288	-16.1743889311656	50
3.18282335409493	-16.1671773688125	50
3.20118673675171	-16.1599225336258	50
3.21955704920321	-16.1526244256053	50
3.23793429144945	-16.1452830447512	50
3.2563184634904	-16.1378983910633	50
3.27470956532609	-16.1304704645417	50
3.2931075969565	-16.1229992651864	50
3.31151255838164	-16.1154847929974	50
3.3299244496015	-16.1079270479747	50
3.3483432706161	-16.1003260301183	50
3.36676902142541	-16.0926817394282	50
3.38520170202946	-16.0849941759044	50
3.40364131242823	-16.0772633395468	50
3.42208785262173	-16.0694892303556	50
3.44054132260996	-16.0616718483307	50
3.45900172239291	-16.053811193472	50
3.47746905197059	-16.0459072657796	50
3.49594331134299	-16.0379600652536	50
3.51442450051012	-16.0299695918938	50
3.53291261947198	-16.0219358457003	50
3.55140766822857	-16.0138588266731	50
3.56990964677988	-16.0057385348122	50
3.58841855512592	-15.9975749701176	50
3.60693439326669	-15.9893681325893	50
3.62545716120218	-15.9811180222273	50
3.6439868589324	-15.9728246390316	50
3.66252348645735	-15.9644879830022	50
3.68106704377702	-15.956108054139	50
3.69961753089142	-15.9476848524422	50
3.71817494780054	-15.9392183779116	50
3.7367392945044	-15.9307086305474	50
3.75531057100298	-15.9221556103494	50
3.77388877729628	-15.9135593173177	50
3.79247391338432	-15.9049197514523	50
3.81106597926708	-15.8962369127532	50
3.82966497494456	-15.8875108012205	50
3.84827090041678	-15.8787414168539	50
3.86688375568371	-15.8699287596537	50
3.88550354074538	-15.8610728296198	50
3.90413025560178	-15.8521736267522	50
3.9227639002529	-15.8432311510509	50
3.94140447469874	-15.8342454025158	50
3.96005197893932	-15.8252163811471	50
3.97870641297462	-15.8161440869446	50
3.99736777680464	-15.8070285199085	50
4.0160360704294	-15.7978696800386	50
4.03471129384888	-15.788667567335	50
4.05339344706308	-15.7794221817977	50
4.07208253007202	-15.7701335234267	50
4.09077854287568	-15.760801592222	50
4.10948148547407	-15.7514263881836	50
4.12819135786718	-15.7420079113115	50
4.14690816005502	-15.7325461616057	50
4.16563189203759	-15.7230411390662	50
4.18436255381488	-15.7134928436929	50
4.2031001453869	-15.703901275486	50
4.22184466675365	-15.6942664344453	50
4.24059611791512	-15.684588320571	50
4.25935449887132	-15.6748669338629	50
4.27811980962225	-15.6651022743212	50
4.29689205016791	-15.6552943419457	50
4.31567122050829	-15.6454431367365	50
4.33445732064339	-15.6355486586936	50
4.35325035057323	-15.625610907817	50
4.37205031029779	-15.6156298841067	50
4.39085719981708	-15.6056055875627	50
4.40967101913109	-15.595538018185	50
4.42849176823983	-15.5854271759735	50
4.4473194471433	-15.5752730609284	50
4.4661540558415	-15.5650756730496	50
4.48499559433442	-15.554835012337	50
4.50384406262207	-15.5445510787907	50
4.52269946070444	-15.5342238724108	50
4.54156178858154	-15.5238533931971	50
4.56043104625337	-15.5134396411497	50
4.57930723371993	-15.5029826162686	50
4.59819035098121	-15.4924823185538	50
4.61708039803722	-15.4819387480053	50
4.63597737488795	-15.4713519046231	50
4.65488128153341	-15.4607217884072	50
4.6737921179736	-15.4500483993576	50
4.69270988420852	-15.4393317374743	50
4.71163458023816	-15.4285718027572	50
4.73056620606253	-15.4177685952065	50
4.74950476168162	-15.406922114822	50
4.76845024709544	-15.3960323616039	50
4.78740266230399	-15.385099335552	50
4.80636200730727	-15.3741230366664	50
4.82532828210527	-15.3631034649472	50
4.844301486698	-15.3520406203942	50
4.86328162108546	-15.3409345030075	50
4.88226868526764	-15.3297851127871	50
4.90126267924455	-15.318592449733	50
4.92026360301618	-15.3073565138452	50
4.93927145658254	-15.2960773051236	50
4.95828623994363	-15.2847548235684	50
4.97730795309945	-15.2733890691795	50
4.99633659604999	-15.2619800419568	50
5.01537216879526	-15.2505277419005	50
5.03441467133526	-15.2390321690104	50
5.05346410366998	-15.2274933232866	50
5.07252046579943	-15.2159112047292	50
5.09158375772361	-15.204285813338	50
5.11065397944251	-15.1926171491131	50
5.12973113095614	-15.1809052120545	50
5.1488152122645	-15.1691500021622	50
5.16790622336758	-15.1573515194362	50
5.18700416426539	-15.1455097638765	50
5.20610903495792	-15.1336247354831	50
5.22522083544519	-15.1216964342559	50
5.24433956572718	-15.1097248601951	50
5.26346522580389	-15.0977100133005	50
5.28259781567534	-15.0856518935723	50
5.30173733534151	-15.0735505010103	50
5.3208837848024	-15.0614058356146	50
5.34003716405803	-15.0492178973853	50
5.35919747310838	-15.0369866863222	50
5.37836471195346	-15.0247122024254	50
5.39753888059326	-15.0123944456949	50
5.41671997902779	-15.0000334161307	50
5.43590800725705	-14.9876291137328	50
5.45510296528103	-14.9751815385012	50
5.47430485309974	-14.9626906904358	50
5.49351367071318	-14.9501565695368	50
5.51272941812134	-14.9375791758041	50
5.53195209532423	-14.9249585092376	50
5.55118170232185	-14.9122945698375	50
5.57041823911419	-14.8995873576036	50
5.58966170570126	-14.886836872536	50
5.60891210208306	-14.8740431146348	50
5.62816942825959	-14.8612060838998	50
5.64743368423084	-14.8483257803311	50
5.66670486999682	-14.8354022039287	50
5.68598298555752	-14.8224353546926	50
5.70526803091295	-14.8094252326228	50
5.72456000606311	-14.7963718377193	50
5.74385891100799	-14.783275169982	50
5.7631647457476	-14.7701352294111	50
5.78247751028194	-14.7569520160065	50
5.80179720461101	-14.7437255297681	50
5.8211238287348	-14.730455770696	50
5.84045738265332	-14.7171427387903	50
5.85979786636656	-14.7037864340508	50
5.87914527987453	-14.6903868564776	50
5.89849962317723	-14.6769440060707	50
5.91786089627465	-14.6634578828302	50
5.93722909916681	-14.6499284867559	50
5.95660423185368	-14.6363558178479	50
5.97598629433529	-14.6227398761061	50
5.99537528661162	-14.6090806615307	50
6.01477120868268	-14.5953781741216	50
6.03417406054847	-14.5816324138788	50
6.05358384220898	-14.5678433808022	50
6.07300055366422	-14.554011074892	50
6.09242419491418	-14.540135496148	50
6.11185476595887	-14.5262166445703	50
6.13129226679829	-14.512254520159	50
6.15073669743244	-14.4982491229139	50
6.17018805786131	-14.4842004528351	50
6.18964634808491	-14.4701085099226	50
6.20911156810323	-14.4559732941764	50
6.22858371791629	-14.4417948055965	50
6.24806279752407	-14.4275730441829	50
6.26754880692657	-14.4133080099356	50
6.2870417461238	-14.3989997028545	50
6.30654161511576	-14.3846481229398	50
6.32604841390245	-14.3702532701914	50
6.34556214248386	-14.3558151446092	50
6.36508280086	-14.3413337461934	50
6.38461038903086	-14.3268090749438	50
6.40414490699646	-14.3122411308605	50
6.42368635475678	-14.2976299139435	50
6.44323473231182	-14.2829754241928	50
6.4627900396616	-14.2682776616085	50
6.48235227680609	-14.2535366261903	50
6.50192144374532	-14.2387523179385	50
6.52149754047927	-14.223924736853	50
6.54108056700795	-14.2090538829338	50
6.56067052333136	-14.1941397561809	50
6.58026740944949	-14.1791823565942	50
6.59987122536235	-14.1641816841739	50
6.61948197106994	-14.1491377389198	50
6.63909964657225	-14.1340505208321	50
6.65872425186929	-14.1189200299106	50
6.67835578696106	-14.1037462661554	50
6.69799425184755	-14.0885292295666	50
6.71763964652877	-14.073268920144	50
6.73729197100472	-14.0579653378877	50
6.7569512252754	-14.0426184827977	50
6.7766174093408	-14.027228354874	50
6.79629052320092	-14.0117949541165	50
6.81597056685577	-13.9963182805254	50
6.83565754030536	-13.9807983341006	50
6.85535144354966	-13.9652351148421	50
6.8750522765887	-13.9496286227498	50
6.89476003942246	-13.9339788578238	50
6.91447473205094	-13.9182858200642	50
6.93419635447416	-13.9025495094708	50
6.9539249066921	-13.8867699260437	50
6.97366038870477	-13.870947069783	50
6.99340280051216	-13.8550809406885	50
7.01315214211428	-13.8391715387603	50
7.03290841351113	-13.8232188639984	50
7.0526716147027	-13.8072229164028	50
7.072441745689	-13.7911836959734	50
7.09221880647003	-13.7751012027104	50
7.11200279704579	-13.7589754366137	50
7.13179371741627	-13.7428063976832	50
7.15159156758147	-13.7265940859191	50
7.17139634754141	-13.7103385013212	50
7.19120805729607	-13.6940396438897	50
7.21102669684546	-13.6776975136244	50
7.23085226618957	-13.6613121105254	50
7.25068476532842	-13.6448834345928	50
7.27052419426198	-13.6284114858264	50
7.29037055299028	-13.6118962642263	50
7.3102238415133	-13.5953377697925	50
7.33008405983105	-13.5787360025249	50
7.34995120794352	-13.5620909624237	50
7.36982528585072	-13.5454026494888	50
7.38970629355265	-13.5286710637202	50
7.40959423104931	-13.5118962051178	50
7.42948909834069	-13.4950780736818	50
7.4493908954268	-13.478216669412	50
7.46929962230763	-13.4613119923086	50
7.48921527898319	-13.4443640423714	50
7.50913786545348	-13.4273728196005	50
7.5290673817185	-13.4103383239959	50
7.54900382777824	-13.3932605555576	50
7.56894720363271	-13.3761395142856	50
7.5888975092819	-13.3589752001799	50
7.60885474472583	-13.3417676132405	50
7.62881890996448	-13.3245167534674	50
7.64879000499785	-13.3072226208606	50
7.66876802982595	-13.28988521542	50
7.68875298444878	-13.2725045371458	50
7.70874486886634	-13.2550805860378	50
7.72874368307862	-13.2376133620962	50
7.74874942708563	-13.2201028653208	50
7.76876210088737	-13.2025490957117	50
7.78878170448383	-13.184952053269	50
7.80880823787502	-13.1673117379925	50
7.82884170106093	-13.1496281498823	50
7.84888209404158	-13.1319012889384	50
7.86892941681695	-13.1141311551608	50
7.88898366938704	-13.0963177485495	50
7.90904485175187	-13.0784610691044	50
7.92911296391141	-13.0605611168257	50
7.94918800586569	-13.0426178917133	50
7.96926997761469	-13.0246313937671	50
7.98935887915842	-13.0066016229873	50
8.00945471049688	-12.9885285793737	50
8.02955747163006	-12.9704122629265	50
8.04966716255797	-12.9522526736455	50
8.06978378328061	-12.9340498115308	50
8.08990733379797	-12.9158036765824	50
8.11003781411006	-12.8975142688003	50
8.13017522421688	-12.8791815881845	50
8.15031956411842	-12.860805634735	50
8.17047083381469	-12.8423864084518	50
8.19062903330569	-12.8239239093349	50
8.21079416259141	-12.8054181373842	50
8.23096622167186	-12.7868690925999	50
8.25114521054704	-12.7682767749819	50
8.27133112921694	-12.7496411845301	50
8.29152397768157	-12.7309623212446	50
8.31172375594093	-12.7122401851255	50
8.33193046399501	-12.6934747761726	50
8.35214410184383	-12.674666094386	50
8.37236466948736	-12.6558141397657	50
8.39259216692563	-12.6369189123117	50
8.41282659415862	-12.617980412024	50
8.43306795118633	-12.5989986389026	50
8.45331623800878	-12.5799735929475	50
8.47357145462595	-12.5609052741587	50
8.49383360103785	-12.5417936825362	50
8.51410267724447	-12.5226388180799	50
8.53437868324582	-12.50344068079	50
8.5546616190419	-12.4841992706663	50
8.5749514846327	-12.464914587709	50
8.59524828001824	-12.4455866319179	50
8.6155520051985	-12.4262154032931	50
8.63586266017348	-12.4068009018346	50
8.65618024494319	-12.3873431275424	50
8.67650475950763	-12.3678420804165	50
8.69683620386679	-12.3482977604569	50
8.71717457802069	-12.3287101676636	50
8.7375198819693	-12.3090793020366	50
8.75787211571265	-12.2894051635759	50
8.77823127925072	-12.2696877522815	50
8.79859737258352	-12.2499270681533	50
8.81897039571104	-12.2301231111915	50
8.83935034863329	-12.2102758813959	50
8.85973723135027	-12.1903853787667	50
8.88013104386198	-12.1704516033037	50
8.90053178616841	-12.150474555007	50
8.92093945826957	-12.1304542338766	50
8.94135406016545	-12.1103906399125	50
8.96177559185606	-12.0902837731147	50
8.9822040533414	-12.0701336334832	50
9.00263944462147	-12.049940221018	50
9.02308176569626	-12.0297035357191	50
9.04353101656578	-12.0094235775865	50
9.06398719723003	-11.9891003466201	50
9.084450307689	-11.9687338428201	50
9.1049203479427	-11.9483240661863	50
9.12539731799112	-11.9278710167189	50
9.14588121783427	-11.9073746944177	50
9.16637204747215	-11.8868350992829	50
9.18686980690476	-11.8662522313143	50
9.20737449613209	-11.845626090512	50
9.22788611515415	-11.824956676876	50
9.24840466397094	-11.8042439904063	50
9.26893014258245	-11.7834880311029	50
9.28946255098869	-11.7626887989658	50
9.31000188918965	-11.741846293995	50
9.33054815718535	-11.7209605161904	50
9.35110135497577	-11.7000314655522	50
9.37166148256091	-11.6790591420803	50
9.39222853994078	-11.6580435457746	50
9.41280252711539	-11.6369846766353	50
9.43338344408471	-11.6158825346622	50
9.45397129084877	-11.5947371198554	50
9.47456606740754	-11.5735484322149	50
9.49516777376105	-11.5523164717408	50
9.51577640990928	-11.5310412384329	50
9.53639197585225	-11.5097227322913	50
9.55701447158993	-11.488360953316	50
9.57764389712234	-11.4669559015069	50
9.59828025244948	-11.4455075768642	50
9.61892353757135	-11.4240159793878	50
9.63957375248794	-11.4024811090777	50
9.66023089719927	-11.3809029659338	50
9.68089497170531	-11.3592815499563	50
9.70156597600608	-11.337616861145	50
9.72224391010159	-11.3159088995	50
9.74292877399181	-11.2941576650214	50
9.76362056767677	-11.272363157709	50
9.78431929115645	-11.2505253775629	50
9.80502494443085	-11.2286443245831	50
9.82573752749999	-11.2067199987696	50
9.84645704036385	-11.1847524001224	50
9.86718348302244	-11.1627415286415	50
9.88791685547575	-11.1406873843269	50
9.90865715772379	-11.1185899671785	50
9.92940438976656	-11.0964492771965	50
9.95015855160405	-11.0742653143807	50
9.97091964323627	-11.0520380787313	50
9.99168766466322	-11.0297675702481	50
10.0124626158849	-11.0074537889313	50
10.0332444969013	-10.9850967347807	50
10.0540333077124	-10.9626964077964	50
10.0748290483183	-10.9402528079784	50
10.0956317187189	-10.9177659353267	50
10.1164413189142	-10.8952357898413	50
10.1372578489042	-10.8726623715222	50
10.158081308689	-10.8500456803694	50
10.1789116982685	-10.8273857163829	50
10.1997490176427	-10.8046824795626	50
10.2205932668116	-10.7819359699087	50
10.2414444457753	-10.7591461874211	50
10.2623025545337	-10.7363131320997	50
10.2831675930868	-10.7134368039446	50
10.3040395614346	-10.6905172029559	50
10.3249184595772	-10.6675543291334	50
10.3458042875145	-10.6445481824772	50
10.3666970452465	-10.6214987629873	50
10.3875967327733	-10.5984060706637	50
10.4085033500948	-10.5752701055064	50
10.429416897211	-10.5520908675154	50
10.4503373741219	-10.5288683566907	50
10.4712647808276	-10.5056025730323	50
10.492199117328	-10.4822935165401	50
10.5131403836231	-10.4589411872143	50
10.5340885797129	-10.4355455850548	50
10.5550437055975	-10.4121067100615	50
10.5760057612768	-10.3886245622345	50
10.5969747467508	-10.3650991415739	50
10.6179506620196	-10.3415304480795	50
10.638933507083	-10.3179184817514	50
10.6599232819412	-10.2942632425896	50
10.6809199865942	-10.2705647305941	50
10.7019236210418	-10.2468229457649	50
10.7229341852842	-10.223037888102	50
10.7439516793213	-10.1992095576054	50
10.7649761031532	-10.1753379542751	50
10.7860074567797	-10.151423078111	50
10.807045740201	-10.1274649291133	50
10.828090953417	-10.1034635072818	50
10.8491430964278	-10.0794188126167	50
10.8702021692332	-10.0553308451178	50
10.8912681718334	-10.0311996047852	50
10.9123411042284	-10.007025091619	50
10.933420966418	-9.98280730561899	50
10.9545077584024	-9.95854624678529	50
10.9756014801815	-9.93424191511789	50
10.9967021317553	-9.90989431061679	50
11.0178097131239	-9.88550343328198	50
11.0389242242872	-9.86106928311346	50
11.0600456652452	-9.83659186011123	50
11.0811740359979	-9.81207116427529	50
11.1023093365454	-9.78750719560565	50
11.1234515668876	-9.7628999541023	50
11.1446007270245	-9.73824943976524	50
11.1657568169561	-9.71355565259448	50
11.1869198366825	-9.68881859259	50
11.2080897862036	-9.66403825975183	50
11.2292666655194	-9.63921465407994	50
11.25045047463	-9.61434777557435	50
11.2716412135352	-9.58943762423505	50
11.2928388822352	-9.56448420006204	50
11.31404348073	-9.53948750305533	50
11.3352550090194	-9.51444753321491	50
11.3564734671036	-9.48936429054078	50
11.3776988549825	-9.46423777503295	50
11.3989311726562	-9.4390679866914	50
11.4201704201245	-9.41385492551615	50
11.4414165973876	-9.38859859150719	50
11.4626697044454	-9.36329898466453	50
11.483929741298	-9.33795610498815	50
11.5051967079452	-9.31256995247807	50
11.5264706043872	-9.28714052713429	50
11.547751430624	-9.26166782895679	50
11.5690391866554	-9.23615185794559	50
11.5903338724816	-9.21059261410068	50
11.6116354881025	-9.18499009742206	50
11.6329440335181	-9.15934430790974	50
11.6542595087285	-9.13365524556371	50
11.6755819137336	-9.10792291038397	50
11.6969112485334	-9.08214730237053	50
11.7182475131279	-9.05632842152338	50
11.7395907075172	-9.03046626784252	50
11.7609408317012	-9.00456084132795	50
11.7822978856799	-8.97861214197968	50
11.8036618694533	-8.9526201697977	50
11.8250327830215	-8.92658492478201	50
11.8464106263844	-8.90050640693262	50
11.867795399542	-8.87438461624951	50
11.8891871024944	-8.8482195527327	50
11.9105857352415	-8.82201121638218	50
11.9319912977833	-8.79575960719796	50
11.9534037901198	-8.76946472518003	50
11.9748232122511	-8.74312657032839	50
11.9962495641771	-8.71674514264305	50
12.0176828458978	-8.69032044212399	50
12.0391230574132	-8.66385246877123	50
12.0605701987234	-8.63734122258477	50
12.0820242698283	-8.61078670356459	50
12.1034852707279	-8.58418891171071	50
12.1249532014222	-8.55754784702312	50
12.1464280619113	-8.53086350950182	50
12.1679098521951	-8.50413589914682	50
12.1893985722736	-8.47736501595811	50
12.2108942221469	-8.45055085993569	50
12.2323968018149	-8.42369343107956	50
12.2539063112776	-8.39679272938973	50
12.275422750535	-8.36984875486619	50
12.2969461195872	-8.34286150750895	50
12.318476418434	-8.31583098731799	50
12.3400136470757	-8.28875719429333	50
12.361557805512	-8.26164012843496	50
12.3831088937431	-8.23447978974289	50
12.4046669117688	-8.2072761782171	50
12.4262318595894	-8.18002929385761	50
12.4478037372046	-8.15273913666441	50
12.4693825446146	-8.12540570663751	50
12.4909682818193	-8.0980290037769	50
12.5125609488187	-8.07060902808258	50
12.5341605456129	-8.04314577955455	50
12.5557670722017	-8.01563925819281	50
12.5773805285854	-7.98808946399738	50
12.5990009147637	-7.96049639696823	50
12.6206282307367	-7.93286005710537	50
12.6422624765045	-7.90518044440882	50
12.663903652067	-7.87745755887854	50
12.6855517574243	-7.84969140051456	50
12.7072067925763	-7.82188196931688	50
12.7288687575229	-7.79402926528549	50
12.7505376522644	-7.76613328842039	50
12.7722134768005	-7.73819403872158	50
12.7938962311314	-7.71021151618907	50
12.815585915257	-7.68218572082285	50
12.8372825291773	-7.65411665262292	50
12.8589860728924	-7.62600431158929	50
12.8806965464022	-7.59784869772194	50
12.9024139497067	-7.56964981102089	50
12.9241382828059	-7.54140765148614	50
12.9458695456998	-7.51312221911767	50
12.9676077383885	-7.4847935139155	50
12.989352860872	-7.45642153587962	50
13.0111049131501	-7.42800628501004	50
13.032863895223	-7.39954776130674	50
13.0546298070906	-7.37104596476974	50
13.0764026487529	-7.34250089539904	50
13.0981824202099	-7.31391255319462	50
13.1199691214617	-7.2852809381565	50
13.1417627525082	-7.25660605028468	50
13.1635633133494	-7.22788788957914	50
13.1853708039854	-7.19912645603989	50
13.2071852244161	-7.17032174966694	50
13.2290065746415	-7.14147377046028	50
13.2508348546616	-7.11258251841992	50
13.2726700644765	-7.08364799354585	50
13.2945122040861	-7.05467019583807	50
13.3163612734904	-7.02564912529658	50
13.3382172726894	-6.99658478192139	50
13.3600802016832	-6.96747716571249	50
13.3819500604717	-6.93832627666988	50
13.4038268490549	-6.90913211479356	50
13.4257105674328	-6.87989468008354	50
13.4476012156055	-6.85061397253981	50
13.4694987935729	-6.82128999216237	50
13.491403301335	-6.79192273895123	50
13.5133147388919	-6.76251221290637	50
13.5352331062435	-6.73305841402782	50
13.5571584033898	-6.70356134231555	50
13.5790906303308	-6.67402099776958	50
13.6010297870666	-6.6444373803899	50
13.6229758735971	-6.6148104901765	50
13.6449288899223	-6.58514032712941	50
13.6668888360422	-6.55542689124861	50
13.6888557119569	-6.5256701825341	50
13.7108295176663	-6.49587020098589	50
13.7328102531704	-6.46602694660396	50
13.7547979184693	-6.43614041938832	50
13.7767925135629	-6.40621061933899	50
13.7987940384512	-6.37623754645595	50
13.8208024931342	-6.34622120073919	50
13.8428178776119	-6.31616158218873	50
13.8648401918844	-6.28605869080456	50
13.8868694359516	-6.25591252658669	50
13.9089056098136	-6.22572308953511	50
13.9309487134702	-6.19549037964982	50
13.9529987469216	-6.16521439693082	50
13.9750557101677	-6.13489514137812	50
13.9971196032086	-6.10453261299171	50
14.0191904260441	-6.07412681177159	50
14.0412681786744	-6.04367773771777	50
14.0633528610995	-6.01318539083023	50
14.0854444733192	-5.98264977110899	50
14.1075430153337	-5.95207087855404	50
14.1296484871429	-5.92144871316539	50
14.1517608887468	-5.89078327494303	50
14.1738802201455	-5.86007456388696	50
14.1960064813389	-5.82932257999718	50
14.218139672327	-5.7985273232737	50
14.2402797931098	-5.76768879371651	50
14.2624268436874	-5.73680699132561	50
14.2845808240597	-5.70588191610101	50
14.3067417342267	-5.67491356804269	50
14.3289095741884	-5.64390194715068	50
14.3510843439449	-5.61284705342495	50
14.3732660434961	-5.58174888686551	50
14.395454672842	-5.55060744747238	50
14.4176502319827	-5.51942273524553	50
14.439852720918	-5.48819475018497	50
14.4620621396482	-5.45692349229071	50
14.484278488173	-5.42560896156274	50
14.5065017664925	-5.39425115800106	50
14.5287319746068	-5.36285008160568	50
14.5509691125158	-5.33140573237659	50
14.5732131802196	-5.29991811031379	50
14.595464177718	-5.26838721541728	50
14.6177221050112	-5.23681304768707	50
14.6399869620991	-5.20519560712315	50
14.6622587489818	-5.17353489372552	50
14.6845374656592	-5.14183090749418	50
14.7068231121313	-5.11008364842914	50
14.7291156883981	-5.07829311653039	50
14.7514151944596	-5.04645931179794	50
14.7737216303159	-5.01458223423178	50
14.7960349959669	-4.9826618838319	50
14.8183552914126	-4.95069826059832	50
14.8406825166531	-4.91869136453104	50
14.8630166716883	-4.88664119563004	50
14.8853577565182	-4.85454775389535	50
14.9077057711428	-4.82241103932694	50
14.9300607155622	-4.79023105192483	50
14.9524225897763	-4.75800779168901	50
14.9747913937851	-4.72574125861947	50
14.9971671275887	-4.69343145271624	50
15.0195497911869	-4.6610783739793	50
15.0419393845799	-4.62868202240864	50
15.0643359077676	-4.59624239800429	50
15.0867393607501	-4.56375950076622	50
15.1091497435273	-4.53123333069445	50
15.1315670560992	-4.49866388778897	50
15.1539912984658	-4.46605117204978	50
15.1764224706272	-4.43339518347689	50
15.1988605725833	-4.40069592207029	50
15.2213056043341	-4.36795338782998	50
15.2437575658796	-4.33516758075597	50
15.2662164572199	-4.30233850084824	50
15.2886822783549	-4.26946614810681	50
15.3111550292846	-4.23655052253167	50
15.333634710009	-4.20359162412283	50
15.3561213205282	-4.17058945288028	50
15.3786148608421	-4.13754400880402	50
15.4011153309507	-4.10445529189405	50
15.4236227308541	-4.07132330215038	50
15.4461370605522	-4.038148039573	50
15.468658320045	-4.00492950416191	50
15.4911865093325	-3.97166769591711	50
15.5137216284148	-3.93836261483861	50
15.5362636772917	-3.9050142609264	50
15.5588126559635	-3.87162263418049	50
15.5813685644299	-3.83818773460086	50
15.6039314026911	-3.80470956218753	50
15.626501170747	-3.77118811694049	50
15.6490778685976	-3.73762339885975	50
15.6716614962429	-3.70401540794529	50
15.694252053683	-3.67036414419713	50
15.7168495409178	-3.63666960761527	50
15.7394539579473	-3.60293179819969	50
15.7620653047716	-3.56915071595041	50
15.7846835813906	-3.53532636086742	50
15.8073087878043	-3.50145873295073	50
15.8299409240127	-3.46754783220032	50
15.8525799900159	-3.43359365861621	50
15.8752259858137	-3.39959621219839	50
15.8978789114064	-3.36555549294687	50
15.9205387667937	-3.33147150086163	50
15.9432055519758	-3.2973442359427	50
15.9658792669526	-3.26317369819005	50
15.9885599117241	-3.2289598876037	50
16.0112474862903	-3.19470280418364	50
16.0339419906513	-3.16040244792986	50
16.056643424807	-3.12605881884239	50
16.0793517887574	-3.09167191692121	50
16.1020670825026	-3.05724174216632	50
16.1247893060425	-3.02276829457772	50
16.1475184593771	-2.98825157415541	50
16.1702545425064	-2.9536915808994	50
16.1929975554305	-2.91908831480968	50
16.2157474981493	-2.88444177588626	50
16.2385043706628	-2.84975196412913	50
16.261268172971	-2.81501887953828	50
16.284038905074	-2.78024252211373	50
16.3068165669717	-2.74542289185548	50
16.3296011586641	-2.71055998876352	50
16.3523926801512	-2.67565381283785	50
16.3751911314331	-2.64070436407847	50
16.3979965125097	-2.60571164248538	50
16.420808823381	-2.57067564805859	50
16.4436280640471	-2.5355963807981	50
16.4664542345079	-2.50047384070389	50
16.4892873347634	-2.46530802777597	50
16.5121273648136	-2.43009894201436	50
16.5349743246586	-2.39484658341903	50
16.5578282142983	-2.35955095199	50
16.5806890337327	-2.32421204772725	50
16.6035567829618	-2.2888298706308	50
16.6264314619857	-2.25340442070065	50
16.6493130708043	-2.21793569793678	50
16.6722016094176	-2.18242370233922	50
16.6950970778257	-2.14686843390793	50
16.7179994760284	-2.11126989264295	50
16.7409088040259	-2.07562807854425	50
16.7638250618182	-2.03994299161185	50
16.7867482494051	-2.00421463184575	50
16.8096783667868	-1.96844299924594	50
16.8326154139632	-1.93262809381241	50
16.8555593909343	-1.89676991554518	50
16.8785102977002	-1.86086846444425	50
16.9014681342608	-1.82492374050961	50
16.9244329006161	-1.78893574374126	50
16.9474045967662	-1.75290447413919	50
16.9703832227109	-1.71682993170343	50
16.9933687784504	-1.68071211643396	50
17.0163612639846	-1.64455102833078	50
17.0393606793136	-1.6083466673939	50
17.0623670244373	-1.5720990336233	50
17.0853802993557	-1.535808127019	50
17.1084005040688	-1.49947394758099	50
17.1314276385767	-1.46309649530927	50
17.1544617028792	-1.42667577020385	50
17.1775026969765	-1.39021177226472	50
17.2005506208686	-1.35370450149188	50
17.2236054745553	-1.31715395788534	50
17.2466672580368	-1.28056014144509	50
17.2697359713131	-1.24392305217113	50
17.292811614384	-1.20724269006346	50
17.3158941872497	-1.17051905512209	50
17.3389836899101	-1.13375214734701	50
17.3620801223652	-1.09694196673822	50
17.385183484615	-1.06008851329573	50
17.4082937766596	-1.02319178701952	50
17.4314109984989	-0.986251787909618	50
17.4545351501329	-0.949268515966002	50
17.4776662315617	-0.912241971188676	50
17.5008042427852	-0.875172153577642	50
17.5239491838034	-0.838059063132905	50
17.5471010546163	-0.800902699854459	50
17.570259855224	-0.763703063742307	50
17.5934255856264	-0.726460154796451	50
17.6165982458235	-0.68917397301688	50
17.6397778358153	-0.651844518403605	50
17.6629643556019	-0.614471790956623	50
17.6861578051832	-0.577055790675937	50
17.7093581845592	-0.53959651756154	50
17.73256549373	-0.502093971613435	50
17.7557797326955	-0.464548152831624	50
17.7790009014557	-0.426959061216108	50
17.8022290000106	-0.389326696766881	50
17.8254640283603	-0.351651059483951	50
17.8487059865046	-0.313932149367309	50
17.8719548744438	-0.27616996641696	50
17.8952106921776	-0.238364510632907	50
17.9184734397062	-0.200515782015147	50
17.9417431170294	-0.162623780563679	50
17.9650197241475	-0.124688506278501	50
17.9883032610602	-0.0867099591596219	50
18.0115937277677	-0.048688139207032	50
18.0348911242699	-0.0106230464207346	50
18.0581954505668	0.0274853191992701	50
18.0815067066585	0.0656369576529858	50
18.1048248925448	0.103831868940402	50
18.1281500082259	0.142070053061529	50
18.1514820537018	0.18035151001636	50
18.1748210289723	0.218676239804902	50
18.1981669340376	0.257044242427154	50
18.2215197688976	0.295455517883104	50
18.2448795335524	0.333910066172768	50
18.2682462280018	0.372407887296136	50
18.291619852246	0.410948981253211	50
18.3150004062849	0.449533348044001	50
18.3383878901186	0.488160987668492	50
18.3617823037469	0.526831900126686	50
18.38518364717	0.565546085418594	50
18.4085919203879	0.604303543544203	50
18.4320071234004	0.64310427450353	50
18.4554292562077	0.681948278296558	50
18.4788583188097	0.720835554923289	50
18.5022943112064	0.759766104383731	50
18.5257372333979	0.798739926677884	50
18.5491870853841	0.837757021805741	50
18.572643867165	0.876817389767302	50
18.5961075787406	0.91592103056257	50
18.619578220111	0.955067944191546	50
18.6430557912761	0.99425813065424	50
18.6665402922359	1.03349158995063	50
18.6900317229905	1.07276832208073	50
18.7135300835397	1.11208832704453	50
18.7370353738837	1.15145160484205	50
18.7605475940225	1.19085815547327	50
18.7840667439559	1.2303079789382	50
18.8075928236841	1.26980107523683	50
18.831125833207	1.30933744436918	50
18.8546657725246	1.34891708633523	50
18.878212641637	1.38854000113499	50
18.9017664405441	1.42820618876845	50
18.9253271692459	1.46791564923562	50
18.9488948277424	1.5076683825365	50
18.9724694160337	1.54746438867109	50
18.9960509341197	1.58730366763938	50
19.0196393820004	1.62718621944138	50
19.0432347596758	1.66711204407709	50
19.066837067146	1.7070811415465	50
19.0904463044109	1.74709351184963	50
19.1140624714706	1.78714915498646	50
19.1376855683249	1.827248070957	50
19.161315594974	1.86739025976124	50
19.1849525514178	1.90757572139919	50
19.2085964376563	1.94780445587085	50
19.2322472536896	1.98807646317622	50
19.2559049995176	2.02839174331529	50
19.2795696751403	2.06875029628807	50
19.3032412805577	2.10915212209455	50
19.3269198157699	2.14959722073475	50
19.3506052807768	2.19008559220866	50
19.3742976755784	2.23061723651626	50
19.3979970001748	2.27119215365758	50
19.4217032545658	2.3118103436326	50
19.4454164387516	2.35247180644133	50
19.4691365527322	2.39317654208378	50
19.4928635965074	2.43392455055992	50
19.5165975700774	2.47471583186977	50
19.5403384734421	2.51555038601333	50
19.5640863066015	2.5564282129906	50
19.5878410695557	2.59734931280157	50
19.6116027623046	2.63831368544625	50
19.6353713848482	2.67932133092464	50
19.6591469371865	2.72037224923674	50
19.6829294193196	2.76146644038254	50
19.7067188312474	2.80260390436206	50
19.7305151729699	2.84378464117527	50
19.7543184444872	2.8850086508222	50
19.7781286457991	2.92627593330283	50
19.8019457769058	2.96758648861717	50
19.8257698378073	3.00894031676522	50
19.8496008285034	3.05033741774697	50
19.8734387489943	3.09177779156243	50
19.8972835992799	3.1332614382116	50
19.9211353793602	3.17478835769447	50
19.9449940892353	3.21635855001106	50
19.9688597289051	3.25797201516135	50
19.9927322983696	3.29962875314534	50
20.0166117976289	3.34132876396305	50
20.0404982266828	3.38307204761446	50
20.0643915855315	3.42485860409958	50
20.0882918741749	3.46668843341841	50
20.1121990926131	3.50856153557094	50
20.136113240846	3.55047791055718	50
20.1600343188736	3.59243755837713	50
20.1839623266959	3.63444047903078	50
20.207897264313	3.67648667251815	50
20.2318391317247	3.71857613883922	50
20.2557879289312	3.76070887799399	50
20.2797436559325	3.80288488998248	50
20.3037063127284	3.84510417480467	50
20.3276758993191	3.88736673246057	50
20.3516524157045	3.92967256295017	50
20.3756358618847	3.97202166627348	50
20.3996262378596	4.01441404243051	50
20.4236235436291	4.05684969142123	50
20.4476277791935	4.09932861324567	50
20.4716389445525	4.14185080790381	50
20.4956570397063	4.18441627539566	50
20.5196820646548	4.22702501572122	50
20.543714019398	4.26967702888048	50
20.567752903936	4.31237231487345	50
20.5917987182687	4.35511087370013	50
20.6158514623961	4.39789270536051	50
20.6399111363182	4.44071780985461	50
20.6639777400351	4.48358618718241	50
20.6880512735467	4.52649783734391	50
20.712131736853	4.56945276033912	50
20.736219129954	4.61245095616805	50
20.7603134528498	4.65549242483067	50
20.7844147055403	4.69857716632701	50
20.8085228880255	4.74170518065705	50
20.8326380003055	4.7848764678208	50
20.8567600423801	4.82809102781826	50
20.8808890142495	4.87134886064943	50
20.9050249159137	4.9146499663143	50
20.9291677473725	4.95799434481288	50
20.9533175086261	5.00138199614516	50
20.9774741996744	5.04481292031115	50
21.0016378205175	5.08828711731086	50
21.0258083711552	5.13180458714426	50
21.0499858515877	5.17536532981138	50
21.0741702618149	5.2189693453122	50
21.0983616018369	5.26261663364673	50
21.1225598716536	5.30630719481497	50
21.1467650712649	5.35004102881692	50
21.1709772006711	5.39381813565256	50
21.1951962598719	5.43763851532192	50
21.2194222488675	5.48150216782499	50
21.2436551676578	5.52540909316177	50
21.2678950162428	5.56935929133225	50
21.2921417946226	5.61335276233643	50
21.3163955027971	5.65738950617432	50
21.3406561407663	5.70146952284592	50
21.3649237085302	5.74559281235124	50
21.3891982060889	5.78975937469025	50
21.4134796334423	5.83396920986298	50
21.4377679905904	5.87822231786941	50
21.4620632775332	5.92251869870954	50
21.4863654942708	5.9668583523834	50
21.5106746408031	6.01124127889095	50
21.5349907171301	6.05566747823221	50
21.5593137232519	6.10013695040717	50
21.5836436591684	6.14464969541585	50
21.6079805248796	6.18920571325823	50
21.6323243203855	6.23380500393432	50
21.6566750456862	6.27844756744411	50
21.6810327007815	6.32313340378761	50
21.7053972856717	6.36786251296483	50
21.7297688003565	6.41263489497574	50
21.7541472448361	6.45745054982037	50
21.7785326191103	6.5023094774987	50
21.8029249231794	6.54721167801074	50
21.8273241570431	6.59215715135649	50
21.8517303207016	6.63714589753594	50
21.8761434141548	6.6821779165491	50
21.9005634374027	6.72725320839597	50
21.9249903904454	6.77237177307654	50
21.9494242732827	6.81753361059083	50
21.9738650859148	6.86273872093882	50
21.9983128283417	6.90798710412051	50
22.0227675005632	6.95327876013592	50
22.0472291025795	6.99861368898503	50
22.0716976343905	7.04399189066785	50
22.0961730959963	7.08941336518438	50
22.1206554873967	7.13487811253461	50
22.1451448085919	7.18038613271855	50
22.1696410595818	7.2259374257362	50
22.1941442403665	7.27153199158756	50
22.2186543509459	7.31716983027262	50
22.24317139132	7.36285094179138	50
22.2484456956217	7.37249883700775	50
22.2538708917971	7.38206269681595	50
22.2594456412602	7.39154016147669	50
22.2651685685251	7.40092889256739	50
22.271038261545	7.41022657355913	50
22.2770532720611	7.41943091038826	50
22.2832121159595	7.42853963202238	50
22.2895132736376	7.43755049102074	50
22.2959551903791	7.44646126408869	50
22.3025362767373	7.45526975262633	50
22.3092549089278	7.46397378327092	50
22.3161094292285	7.47257120843313	50
22.3230981463891	7.48105990682695	50
22.3302193360483	7.48943778399307	50
22.3374712411591	7.49770277281566	50
22.3448520724223	7.50585283403241	50
22.3523600087283	7.51388595673764	50
22.3599931976062	7.52180015887855	50
22.3677497556808	7.52959348774418	50
22.3756277691375	7.53726402044724	50
22.3836252941943	7.54480986439856	50
22.3917403575817	7.55222915777407	50
22.3999709570291	7.55952006997413	50
22.4083150617593	7.56668080207527	50
22.4167706129893	7.57370958727397	50
22.4253355244383	7.58060469132267	50
22.4340076828427	7.58736441295762	50
22.4427849484771	7.59398708431865	50
22.4516651556825	7.60047107136069	50
22.4606461134007	7.60681477425698	50
22.4697256057148	7.61301662779374	50
22.4789013923958	7.61907510175641	50
22.4881712094558	7.6249887013072	50
22.4975327697061	7.6307559673539	50
22.5069837633217	7.63637547690993	50
22.5165218584114	7.64184584344537	50
22.526144701593	7.64716571722914	50
22.5358499185739	7.65233378566199	50
22.545635114737	7.65734877360037	50
22.5554978757316	7.66220944367104	50
22.565435768069	7.66691459657638	50
22.575446339723	7.67146307139034	50
22.5855271207348	7.6758537458448	50
22.5956756238225	7.68008553660655	50
22.6058893449948	7.68415739954454	50
22.616165764169	7.68806832998751	50
22.6265023457923	7.69181736297191	50
22.6368965394678	7.69540357347993	50
22.6473457805839	7.6988260766678	50
22.6578474909466	7.70208402808406	50
22.668399079416	7.70517662387797	50
22.6789979425456	7.70810310099777	50
22.6896414652245	7.71086273737902	50
22.7003270213227	7.71345485212276	50
22.7110519743391	7.71587880566344	50
22.7218136780522	7.7181339999268	50
22.7326094771724	7.72021987847741	50
22.743436707998	7.72213592665595	50
22.7542926990717	7.72388167170619	50
22.7651747718401	7.72545668289167	50
22.7760802413148	7.72686057160193	50
22.7870064167341	7.72809299144846	50
22.7979506022279	7.7291536383501	50
22.8089100974821	7.73004225060809	50
22.8198821984054	7.73075860897066	50
22.8308641977958	7.73130253668709	50
22.8418533860095	7.73167389955137	50
22.8528470516286	7.73187260593526	50
22.8638424821308	7.73189860681093	50
22.8748369645579	7.73175189576307	50
22.8858277861861	7.73143250899043	50
22.8968122351945	7.7309405252969	50
22.9077876013347	7.73027606607211	50
22.9187511765993	7.72943929526143	50
22.9297002558902	7.72843041932554	50
22.9406321376859	7.72724968718947	50
22.9515441247082	7.72589739018122	50
22.9624335245875	7.72437386195982	50
22.9732976505273	7.72267947843308	50
22.9841338219672	7.72081465766479	50
22.994939365244	7.71877985977155	50
23.0057116142515	7.7165755868093	50
23.0164479110986	7.71420238264942	50
23.0271456067645	7.71166083284451	50
23.0378020617531	7.70895156448396	50
23.0484146467434	7.7060752460392	50
23.058980743239	7.70303258719878	50
23.0694977442136	7.69982433869321	50
23.0799630547545	7.69645129210983	50
23.0903740927031	7.6929142796974	50
23.1007282892915	7.68921417416081	50
23.1110230897766	7.68535188844573	50
23.1212559540704	7.68132837551338	50
23.1314243573668	7.67714462810536	50
23.1415257907645	7.67280167849874	50
23.1515577618858	7.66830059825136	50
23.1615177954921	7.66364249793742	50
23.171403434094	7.65882852687345	50
23.1812122385582	7.65385987283481	50
23.1909417887089	7.6487377617625	50
23.2005896839253	7.64346345746082	50
23.2101535437335	7.63803826128541	50
23.2196310083942	7.63246351182226	50
23.2290197394849	7.62674058455737	50
23.2383174204767	7.62087089153743	50
23.2475217573058	7.61485588102134	50
23.2566304789399	7.60869703712296	50
23.2656413379383	7.60239587944485	50
23.2745521110062	7.59595396270338	50
23.2833605995439	7.58937287634513	50
23.2920646301884	7.58265424415467	50
23.3006620553507	7.57579972385396	50
23.3091507537445	7.56881100669332	50
23.3175286309106	7.56168981703414	50
23.3257936197332	7.55443791192341	50
23.3339436809499	7.5470570806602	50
23.3419768036552	7.53954914435418	50
23.3498910057961	7.5319159554763	50
23.3576843346617	7.52415939740169	50
23.3653548673648	7.51628138394499	50
23.3729007113161	7.50828385888815	50
23.3803200046916	7.50016879550079	50
23.3876109168917	7.49193819605339	50
23.3947716489928	7.4835940913232	50
23.4018004341915	7.4751385400932	50
23.4086955382402	7.46657362864414	50
23.4154552598751	7.45790147023976	50
23.4220779312362	7.44912420460538	50
23.4285619182782	7.44024399739997	50
23.4349056211745	7.43126303968176	50
23.4411074747113	7.42218354736769	50
23.4471659486739	7.41300776068664	50
23.4530795482247	7.40373794362666	50
23.4588468142714	7.3943763833764	50
23.4644663238275	7.38492538976079	50
23.4699366903629	7.37538729467106	50
23.4752565641467	7.36576445148948	50
23.4804246325795	7.3560592345086	50
23.4854396205179	7.34627403834549	50
23.4903002905886	7.33641127735088	50
23.4950054434939	7.32647338501348	50
23.4995539183079	7.3164628133595	50
23.5039445927623	7.30638203234772	50
23.5081763835241	7.29623352926	50
23.5122482464621	7.28601980808764	50
23.516159176905	7.27574338891348	50
23.5199082098894	7.26540680729021	50
23.5234944203975	7.25501261361467	50
23.5269169235853	7.2445633724986	50
23.5301748750016	7.23406166213591	50
23.5332674707955	7.22351007366648	50
23.5361939479153	7.21291121053689	50
23.5389535842966	7.202267687858	50
23.5415456990403	7.1915821317598	50
23.543969652581	7.18085717874334	50
23.5462248468443	7.17009547503031	50
23.5483107253949	7.15929967591006	50
23.5502267735735	7.14847244508449	50
23.5519725186237	7.13761645401079	50
23.5535475298092	7.12673438124233	50
23.5549514185195	7.11582891176771	50
23.556183838366	7.10490273634836	50
23.5572444852676	7.09395855085456	50
23.5581330975256	7.08299905560032	50
23.5588494558882	7.07202695467712	50
23.5593933836046	7.06104495528667	50
23.5597647464689	7.05005576707299	50
23.5599634528528	7.03906210145384	50
23.5599894537285	7.02806667095171	50
23.5598427426806	7.01707218852456	50
23.559523355908	7.0060813668964	50
23.5590313722144	6.99509691788801	50
23.5583669129896	6.98412155174782	50
23.557530142179	6.9731579764832	50
23.5565212662431	6.96220889719229	50
23.555340534107	6.95127701539658	50
23.5539882370987	6.94036502837431	50
23.5524647088773	6.92947562849502	50
23.5507703253506	6.91861150255516	50
23.5489055045823	6.90777533111527	50
23.5468707066891	6.89696978783849	50
23.5446664337268	6.88619753883095	50
23.5422932295669	6.8754612419839	50
23.539751679762	6.86476354631792	50
23.5370424114015	6.85410709132937	50
23.5341660929567	6.84349450633903	50
23.5311234341163	6.83292840984348	50
23.5279151856107	6.82241140886891	50
23.5245421390274	6.81194609832793	50
23.5210051266149	6.80153506037935	50
23.5173050210783	6.79118086379098	50
23.5134427353633	6.78088606330589	50
23.5094192224309	6.77065319901206	50
23.5052354750229	6.76048479571565	50
23.5008925254163	6.75038336231801	50
23.4963914451689	6.74035139119668	50
23.4917333448549	6.73039135759042	50
23.486919373791	6.72050571898849	50
23.4819507197523	6.71069691452429	50
23.4768863595234	6.70107502631497	50
23.4716476428615	6.69130670863355	50
23.4660933828991	6.68095001656195	50
23.4612605534947	6.67193853308942	50
23.4548553720704	6.65999518268346	50
23.4488239750199	6.64874880850577	50
23.4415778730983	6.63523745402239	50
23.4359967292213	6.62483064694165	50
23.4297606798478	6.61320268305812	50
23.4228218249571	6.60026424776323	50
23.4151314124258	6.58592443787318	50
23.4066399674724	6.57009100302036	50
23.3972974221024	6.55267058704481	50
23.3922912101619	6.54333584437588	50
23.3870532445536	6.53356896938575	50
23.3815771575805	6.52335808904498	50
23.3758565687407	6.51269130647301	50
23.3698850887726	6.50155670848163	50
23.3636563237002	6.48994237311848	50
23.3571638788778	6.47783637721055	50
23.3504013630357	6.46522680390764	50
23.343362392325	6.45210175022582	50
23.3360405943628	6.43844933459097	50
23.3284296122774	6.42425770438223	50
23.3205231087537	6.40951504347547	50
23.3123147700778	6.39420957978682	50
23.3037983101826	6.37832959281611	50
23.294967474693	6.36186342119037	50
23.2858160449706	6.34479947020729	50
23.2763378421593	6.32712621937877	50
23.2665267312303	6.30883222997433	50
23.2563766250272	6.28990615256462	50
23.2458814883113	6.27033673456492	50
23.2350353418065	6.2501128277786	50
23.2238322662447	6.22922339594061	50
23.2122664064109	6.20765752226098	50
23.2003319751884	6.18540441696829	50
23.1880232576036	6.16245342485312	50
23.1753346148718	6.13879403281161	50
23.1622604884417	6.11441587738887	50
23.1487954040411	6.08930875232251	50
23.1349339757215	6.06346261608612	50
23.1206709099038	6.03686759943268	50
23.1060010094232	6.00951401293819	50
23.0909191775743	5.98139235454499	50
23.0754204221562	5.95249331710537	50
23.0594998595181	5.92280779592499	50
23.0431527186038	5.89232689630636	50
23.0263743449974	5.86104194109239	50
23.0091602049681	5.82894447820975	50
22.9915058895157	5.7960262882125	50
22.9734071184155	5.76227939182546	50
22.9548597442632	5.72769605748777	50
22.9358597565207	5.69226880889628	50
22.916403285561	5.65599043254914	50
22.8964866067129	5.61885398528923	50
22.8761061443069	5.58085280184763	50
22.8552584757197	5.54198050238716	50
22.8339403354198	5.50223100004577	50
22.8121486190125	5.46159850848013	50
22.7898803872849	5.42007754940902	50
22.7671328702516	5.3776629601569	50
22.7439034711988	5.33434990119732	50
22.7201897707308	5.29013386369643	50
22.6959895308141	5.24501067705651	50
22.671300698823	5.19897651645934	50
22.6461214115846	5.15202791040982	50
22.6204499994242	5.10416174827934	50
22.5942849902102	5.05537528784933	50
22.5676251133994	5.00566616285474	50
22.5404693040791	4.95503239052193	50
22.512816706533	4.90347237821843	50
22.4846666748584	4.85098492460188	50
22.4560187709476	4.7975692158539	50
22.4268727621469	4.74322482131195	50
22.3972286189153	4.6879516890997	50
22.3670865124819	4.63175014175733	50
22.3364468125046	4.57462087187176	50
22.305310084728	4.51656493770701	50
22.2736770886418	4.45758375883451	50
22.2415487751386	4.39767911176336	50
22.2089262841726	4.33685312557061	50
22.175810942417	4.27510827753166	50
22.1422042609229	4.21244738875046	50
22.1081079327772	4.1488736197899	50
22.0735238307605	4.08439046630203	50
22.0384540050056	4.01900175465837	50
22.0029006806556	3.95271163758029	50
21.9668662555218	3.88552458976921	50
21.9303532977423	3.81744540353701	50
21.8933645434397	3.74847918443618	50
21.8559028943797	3.67863134689028	50
21.8179714156289	3.60790760982415	50
21.7795733332131	3.53631399229424	50
21.7407120317756	3.46385680911891	50
21.7013910522351	3.39054266650866	50
21.661614089444	3.31637845769663	50
21.6213849898467	3.24137135856862	50
21.5807077491374	3.16552882329364	50
21.5395865099185	3.08885857995406	50
21.498025559359	3.01136862617598	50
21.456029326852	2.93306722475955	50
21.4136023816735	2.85396289930912	50
21.3707494306404	2.77406442986377	50
21.3274753157682	2.69338084852743	50
21.28378501193	2.6119214350993	50
21.2396836245138	2.52969571270407	50
21.1951763870814	2.44671344342221	50
21.1502686590259	2.36298462392036	50
21.1049659232305	2.27851948108157	50
21.059273783726	2.19332846763565	50
21.0131979633497	2.10742225778932	50
20.9667443014027	2.02081174285675	50
20.919918751309	1.93350802688967	50
20.8727273782729	1.84552242230776	50
20.8251763569375	1.75686644552892	50
20.7772719690427	1.66755181259958	50
20.7290206010838	1.57759043482503	50
20.680428741969	1.48699441439961	50
20.6315029806781	1.39577604003718	50
20.5822500039202	1.30394778260129	50
20.5326765937924	1.21152229073554	50
20.4827896254375	1.1185123864939	50
20.4325960647024	1.02493106097088	50
20.3821029657962	0.930791469932009	50
20.3313174689484	0.836106929444052	50
20.2802467980669	0.740890911505319	50
20.2288982583962	0.645157039675892	50
20.177279234176	0.548919084708073	50
20.1253971862987	0.452190960176585	50
20.073259649968	0.354986718108895	50
20.0208742323567	0.257320544615522	50
19.9682486102654	0.159206755520328	50
19.9153905277801	0.0606597919908562	50
19.8623077939308	-0.0383057838314986	50
19.8090082803493	-0.13767529320098	50
19.7554999189276	-0.237433945137324	50
19.701790699476	-0.337566840795413	50
19.6478886673812	-0.438058977834933	50
19.5938019212646	-0.538895254790217	50
19.5395386106403	-0.640060475439745	50
19.4851069335733	-0.741539353175964	50
19.4305151343378	-0.843316515374964	50
19.3757715010753	-0.945376507766143	50
19.3208843634524	-1.04770379880203	50
19.2658620903196	-1.15028278402781	50
19.2107130873691	-1.2530977904511	50
19.1554457947928	-1.35613308091167	50
19.1000686849408	-1.4593728584512	50
19.0445902599795	-1.56280127068271	50
18.9890190495495	-1.66640241416067	50
18.9333636084242	-1.77016033875034	50
18.8776325141673	-1.87405905199765	50
18.8218343647917	-1.97808252349886	50
18.7659777764173	-2.08221468927022	50
18.7100713809291	-2.1864394561178	50
18.6541238236353	-2.29074070600699	50
18.598143760926	-2.39510230043236	50
18.5421398579305	-2.49950808478727	50
18.4861207861764	-2.6039418927336	50
18.4300952212469	-2.7083875505715	50
18.3740718404397	-2.81282888160871	50
18.3180593204252	-2.91724971052629	50
18.2620663349067	-3.02163386773857	50
18.20610155228	-3.12596519375185	50
18.1501736332935	-3.2302275435228	50
18.094291228708	-3.33440479081712	50
18.0384629769566	-3.43848083256812	50
17.9826975018046	-3.54243959323525	50
17.9270034100098	-3.64626502916273	50
17.8713892889817	-3.74994113293802	50
17.815863704442	-3.85345193775057	50
17.7604351980844	-3.95678152175019	50
17.7051122852343	-4.05991401240572	50
17.649903452509	-4.16283359086361	50
17.5948171554773	-4.26552449630642	50
17.5398618163197	-4.36797103031157	50
17.4850458214882	-4.47015756120965	50
17.4303775193664	-4.57206852844319	50
17.3758652179289	-4.67368844692514	50
17.3215171824017	-4.77500191139751	50
17.2673416329221	-4.87599360078987	50
17.2133467421985	-4.97664828257794	50
17.15954063317	-5.0769508171422	50
17.1059313766669	-5.17688616212641	50
17.0525269890703	-5.27643937679622	50
16.999335429972	-5.37559562639769	50
16.9463645998345	-5.47434018651599	50
16.8936223376508	-5.57265844743378	50
16.8411164186047	-5.67053591848991	50
16.7888545517299	-5.76795823243798	50
16.736844377571	-5.86491114980486	50
16.6850934658425	-5.96138056324934	50
16.6336093130891	-6.05735250192063	50
16.5823993403457	-6.15281313581694	50
16.5314708907972	-6.24774878014406	50
16.4808312274383	-6.34214589967396	50
16.4304875307335	-6.43599111310339	50
16.3804468962773	-6.52927119741232	50
16.3307163324537	-6.62197309222262	50
16.2813027580962	-6.7140839041566	50
16.2322130001479	-6.80559091119557	50
16.1834537913214	-6.8964815670385	50
16.1350317677584	-6.98674350546044	50
16.0869534666901	-7.07636454467118	50
16.0392253240966	-7.16533269167384	50
15.9918536723673	-7.25363614662338	50
15.9448447379606	-7.34126330718519	50
15.8982046390636	-7.42820277289376	50
15.8519393832523	-7.51444334951106	50
15.8060548651516	-7.59997405338528	50
15.760556864095	-7.6847841158093	50
15.7154510417844	-7.7688629873793	50
15.6707429399503	-7.8522003423534	50
15.6264379780118	-7.93478608301007	50
15.582541450736	-8.01661034400683	50
15.5390585258984	-8.09766349673879	50
15.4959942419427	-8.17793615369719	50
15.4533535056405	-8.25741917282802	50
15.4111410897517	-8.33610366189058	50
15.3693616306837	-8.41398098281601	50
15.328019626152	-8.4910427560659	50
15.2871194328399	-8.56728086499082	50
15.246665264058	-8.642687460189	50
15.2066611874049	-8.71725496386473	50
15.1671111224262	-8.79097607418711	50
15.1280188382755	-8.86384376964848	50
15.0893879513731	-8.93585131342307	50
15.051221923067	-9.00699225772553	50
15.0135240572921	-9.07726044816953	50
14.9762974982304	-9.14665002812635	50
14.939545227971	-9.21515544308338	50
14.9032700641698	-9.28277144500275	50
14.8674746577096	-9.34949309667988	50
14.8321614903597	-9.41531577610207	50
14.7973328724363	-9.48023518080705	50
14.762990940462	-9.54424733224156	50
14.7291376548261	-9.6073485801199	50
14.6957747974441	-9.66953560678254	50
14.6629039694177	-9.73080543155467	50
14.6305265886952	-9.79115541510481	50
14.5986438877307	-9.85058326380327	50
14.5672569111445	-9.90908703408085	50
14.5363665133828	-9.96666513678735	50
14.5059733563779	-10.0233163415501	50
14.4760779072077	-10.0790397811327	50
14.4466804357559	-10.1338349557933	50
14.4177810123717	-10.1877017376435	50
14.3893795055301	-10.2406403750067	50
14.3614755794915	-10.2926514967767	50
14.3340686919615	-10.3437361167763	50
14.3071580917938	-10.3938956380368	50
14.2807428179609	-10.4431318547129	50
14.2548217020291	-10.4914469474707	50
14.2293933721333	-10.538843476079	50
14.2044562570181	-10.5853243718783	50
14.1800085900787	-10.63089293025	50
14.156048413402	-10.6755528030852	50
14.1325735818073	-10.7193079912535	50
14.1095817668874	-10.7621628370725	50
14.0870704610495	-10.8041220167761	50
14.0650369815563	-10.8451905329841	50
14.0434784745666	-10.8853737071708	50
14.0223919191766	-10.924677172134	50
14.0017741314605	-10.9631068644642	50
13.9816217685119	-11.0006690170134	50
13.9619313324844	-11.0373701513639	50
13.9426991746326	-11.0732170702978	50
13.923921499353	-11.1082168502656	50
13.9055943682251	-11.1423768338549	50
13.8877137040525	-11.1757046222601	50
13.8702752949033	-11.2082080677509	50
13.8532747981514	-11.2398952661412	50
13.8367077445176	-11.2707745492584	50
13.8205695421103	-11.3008544774122	50
13.8048554804665	-11.3301438318635	50
13.7895607345925	-11.3586516072936	50
13.7746803690055	-11.3863870042729	50
13.760209341774	-11.4133594217302	50
13.7461425085588	-11.4395784494213	50
13.732474626654	-11.4650538603983	50
13.7192003590282	-11.4897956034784	50
13.7063142783651	-11.513813795713	50
13.6938108711045	-11.5371187148564	50
13.6816845414835	-11.5597207918353	50
13.6699296155772	-11.5816306032171	50
13.6585403453396	-11.6028588636796	50
13.6475109126447	-11.6234164184792	50
13.6368354333277	-11.6433142359207	50
13.6265079612252	-11.6625633998255	50
13.6165224922168	-11.6811751020011	50
13.606872968266	-11.69916063471	50
13.5975532814608	-11.7165313831384	50
13.5885572780548	-11.7332988178654	50
13.5798787625084	-11.7494744873321	50
13.5715115015294	-11.7650700103102	50
13.5634492281139	-11.7800970683714	50
13.5556856455878	-11.794567398356	50
13.5482144316471	-11.8084927848421	50
13.5410292423993	-11.8218850526145	50
13.5341237164038	-11.8347560591338	50
13.5274914787137	-11.8471176870051	50
13.5211261449159	-11.8589818364473	50
13.5150213251725	-11.8703604177618	50
13.5091706282617	-11.8812653438018	50
13.5035676656187	-11.8917085224409	50
13.4982060553765	-11.9017018490421	50
13.4930794264071	-11.9112571989274	50
13.4881814223623	-11.9203864198459	50
13.4790459617988	-11.9374136827308	50
13.4707492720528	-11.9528775820619	50
13.4632414465894	-11.9668711390588	50
13.4564732032815	-11.9794862108029	50
13.4503960137207	-11.9908132492446	50
13.4449622325271	-12.0009410602106	50
13.4401252266598	-12.0099565624111	50
13.4338895031689	-12.0215790750044	50
13.428746431208	-12.0311650359261	50
13.423346827612	-12.041229133545	50
13.4185099069019	-12.0502444687312	50
13.4136015168573	-12.0593930123911	50
13.4088541286085	-12.0682414715098	50
13.4037629136969	-12.0777279437001	50
13.3988471111028	-12.0868733882189	50
13.3930025303166	-12.0977218153898	50
13.38691803804	-12.108985668413	50
13.3814004845849	-12.1191741880535	50
13.3749658961398	-12.1310262735748	50
13.3701211859439	-12.139929558305	50
13.3647998711049	-12.1496893329848	50
13.3589734747566	-12.160353014907	50
13.3526131080596	-12.1719681549692	50
13.3456895154342	-12.1845823196644	50
13.3381731197926	-12.1982429730717	50
13.3300340677724	-12.212997358847	50
13.3212422749691	-12.2288923822143	50
13.3117674711687	-12.2459744919561	50
13.3067644410271	-12.2549750656125	50
13.3015792455811	-12.2642895624043	50
13.2962080689377	-12.2739236075044	50
13.2906470920721	-12.2838827754311	50
13.2848924942413	-12.2941725863606	50
13.2789404543971	-12.3047985024395	50
13.2727871526002	-12.3157659240964	50
13.2664287714333	-12.3270801863546	50
13.2598614974148	-12.3387465551442	50
13.2530815224125	-12.3507702236142	50
13.2460850450568	-12.3631563084446	50
13.2388682721543	-12.3759098461592	50
13.2314274201017	-12.3890357894371	50
13.2237587162988	-12.4025390034252	50
13.2158584005622	-12.4164242620506	50
13.207722726539	-12.4306962443326	50
13.1993479631202	-12.4453595306949	50
13.1907303958542	-12.4604185992779	50
13.1818663283602	-12.4758778222508	50
13.1727520837423	-12.491741462124	50
13.1633840060021	-12.5080136680612	50
13.1537584614531	-12.5246984721916	50
13.1438718401336	-12.5417997859221	50
13.1337205572207	-12.5593213962496	50
13.1233010544433	-12.5772669620732	50
13.1126098014964	-12.5956400105061	50
13.1016432974537	-12.6144439331885	50
13.0903980721818	-12.633681982599	50
13.0788706877534	-12.6533572683676	50
13.0670577398611	-12.6734727535871	50
13.0549558592307	-12.6940312511261	50
13.0425617130345	-12.7150354199407	50
13.0298720063056	-12.7364877613867	50
13.0168834833506	-12.7583906155323	50
13.0035929291634	-12.7807461574697	50
12.989997170839	-12.8035563936279	50
12.9760930789868	-12.8268231580842	50
12.961877569144	-12.8505481088772	50
12.9473476031893	-12.8747327243184	50
12.9325001907564	-12.8993782993048	50
12.9173323906476	-12.9244859416309	50
12.901841312247	-12.950056568301	50
12.8860241169345	-12.9760909018413	50
12.8698780194989	-13.0025894666124	50
12.8534002895518	-13.029552585121	50
12.8365882529408	-13.0569803743328	50
12.8194392931633	-13.084872741984	50
12.8019508527796	-13.113229382894	50
12.784120434827	-13.1420497752776	50
12.7659456042329	-13.1713331770569	50
12.7474239892286	-13.2010786221737	50
12.7285532827625	-13.2312849169017	50
12.709331243914	-13.2619506361588	50
12.6897556993065	-13.2930741198192	50
12.6698245445218	-13.3246534690257	50
12.6495357455126	-13.3566865425017	50
12.6288873400168	-13.3891709528636	50
12.6078774389707	-13.4221040629331	50
12.5865042278976	-13.4554829821823	50
12.5647659678711	-13.4893045654706	50
12.5426609956519	-13.5235654162224	50
12.5201877235783	-13.5582618909314	50
12.4973446394513	-13.5933901036964	50
12.4741303064188	-13.6289459307577	50
12.4505433628607	-13.6649250150327	50
12.4265825222732	-13.7013227706521	50
12.4022465731536	-13.7381343874961	50
12.3775343788852	-13.77535483573	50
12.3524448776215	-13.8129788703408	50
12.3269770821714	-13.8510010356726	50
12.3011300798833	-13.8894156699631	50
12.2749030325305	-13.9282169098795	50
12.2482951761951	-13.9673986950544	50
12.2213058211531	-14.0069547726217	50
12.1939343517591	-14.0468787017532	50
12.1661802263308	-14.087163858194	50
12.1380429770337	-14.1278034387987	50
12.1095222097658	-14.1687904660679	50
12.0806176040424	-14.2101177926833	50
12.0513289128805	-14.2517781060445	50
12.0216559626837	-14.2937639328048	50
11.9915986531267	-14.3360676434071	50
11.9611569570401	-14.3786814566201	50
11.9303309202952	-14.421597444074	50
11.8991206616881	-14.4648075347971	50
11.8675263728252	-14.5083035197511	50
11.8355483180072	-14.5520770563679	50
11.803186834114	-14.5961196730849	50
11.7704423304895	-14.6404227738815	50
11.7373152888261	-14.684977642815	50
11.7038062630493	-14.7297754485565	50
11.6699158792027	-14.7748072489271	50
11.6356448353323	-14.8200639954338	50
11.6009939013715	-14.8655365378056	50
11.5659639190254	-14.9112156285294	50
11.5305558016559	-14.9570919273862	50
11.4947705341658	-15.0031560059872	50
11.4586091728843	-15.0493983523092	50
11.4220728454507	-15.0958093752316	50
11.3851627506999	-15.1423794090715	50
11.3478801585466	-15.1890987181204	50
11.3102264098701	-15.2359575011799	50
11.272202916399	-15.2829458960977	50
11.2338111605957	-15.3300539843037	50
11.1950526955415	-15.3772717953461	50
11.1559291448206	-15.4245893114273	50
11.1164422024055	-15.47199647194	50
11.0765936325411	-15.5194831780031	50
11.0363852696297	-15.5670392969981	50
10.9958190181155	-15.6146546671045	50
10.9548968523694	-15.6623191018363	50
10.9136208165736	-15.7100223945779	50
10.8719930246061	-15.7577543231202	50
10.8300156599258	-15.8055046541963	50
10.7876909754568	-15.8532631480181	50
10.7450212934731	-15.9010195628116	50
10.7020090054836	-15.9487636593536	50
10.6586565721162	-15.9964852055072	50
10.614966523003	-16.0441739807584	50
10.5709414566648	-16.0918197807514	50
10.5265840403956	-16.1394124218252	50
10.4818970101475	-16.1869417455493	50
10.4368831704154	-16.23439762326	50
10.3915453941212	-16.2817699605962	50
10.3458866224991	-16.3290487020355	50
10.29990986498	-16.3762238354302	50
10.253618199076	-16.4232853965432	50
10.2070147702654	-16.4702234735846	50
10.1601027918771	-16.5170282117467	50
10.1128855449753	-16.5636898177411	50
10.0653663782445	-16.610198564334	50
10.0175487078736	-16.6565447948825	50
9.96943601744115	-16.7027189278706	50
9.92103185779961	-16.7487114614451	50
9.87233984696021	-16.7945129779519	50
9.82336366997757	-16.8401141484718	50
9.77410707883439	-16.8855057373565	50
9.72457389232607	-16.9306786067647	50
9.67476799594548	-16.9756237211982	50
9.62469334176751	-17.0203321520379	50
9.57435394833385	-17.0647950820795	50
9.52375390053757	-17.1090038100701	50
9.47289734950785	-17.1529497552438	50
9.42178851249464	-17.1966244618578	50
9.37043167275331	-17.2400196037284	50
9.31883117942932	-17.2831269887673	50
9.26699144744295	-17.3259385635172	50
9.21491695737387	-17.3684464176881	50
9.1626122553459	-17.4106427886934	50
9.11008195291163	-17.4525200661856	50
9.05733072693709	-17.4940707965925	50
9.00436331948649	-17.5352876876533	50
8.95118453770679	-17.5761636129546	50
8.89779925371242	-17.6166916164662	50
8.84421240446996	-17.6568649170776	50
8.79042899168281	-17.6966769131333	50
8.73645408167583	-17.7361211869696	50
8.68229280528003	-17.7751915094501	50
8.62795035771725	-17.813881844502	50
8.57343199848483	-17.8521863536518	50
8.51874305124024	-17.8900994005618	50
8.46388890368581	-17.9276155555657	50
8.40887500745336	-17.9647296002048	50
8.3537068779889	-18.0014365317641	50
8.29839009443726	-18.0377315678081	50
8.24293029952679	-18.0736101507171	50
8.18733319945404	-18.1090679522229	50
8.13160456376665	-18.1441008779382	50
8.07575022506658	-18.1787050711662	50
8.01977607778273	-18.2128769129885	50
7.96368807622963	-18.2466130194956	50
7.90749223259424	-18.2799102387304	50
7.85119461492268	-18.3127656476322	50
7.794801345107	-18.3451765489792	50
7.7383185968719	-18.377140468332	50
7.68175259376149	-18.4086551509771	50
7.62510960712601	-18.43971855887	50
7.56839595410858	-18.4703288675783	50
7.51161799563193	-18.5004844632254	50
7.45478213438515	-18.5301839394333	50
7.39789481281043	-18.5594260942661	50
7.3409625110898	-18.5882099271733	50
7.28399174513186	-18.6165346359329	50
7.22698906455853	-18.644399613595	50
7.1699610506918	-18.6718044454245	50
7.11291431454044	-18.6987489058451	50
7.05585549478675	-18.725232955382	50
6.99879125577335	-18.7512567376051	50
6.94172828548983	-18.776820576073	50
6.88467329355956	-18.8019249712754	50
6.8276330092264	-18.826570597577	50
6.77061417934146	-18.8507583001603	50
6.71362356634982	-18.8744890919693	50
6.65666794627728	-18.8977641506524	50
6.59975410671709	-18.9205848155058	50
6.54288884481669	-18.9429525844171	50
6.4860789652645	-18.9648691108078	50
6.42933127827656	-18.9863362005774	50
6.37265259758338	-19.0073558090461	50
6.31604973841659	-19.0279300378983	50
6.25952951549574	-19.0480611321259	50
6.203098741015	-19.0677514769714	50
6.14676422262994	-19.0870035948714	50
6.09053276144424	-19.1058201423996	50
6.03441114999642	-19.1242039072103	50
5.97840617024662	-19.1421578049815	50
5.92252459156331	-19.1596848763583	50
5.86677316871003	-19.1767882838961	50
5.81115863983217	-19.1934713090038	50
5.75568772444364	-19.2097373488873	50
5.70036712141365	-19.2255899134923	50
5.64520350695349	-19.2410326224484	50
5.59020353260318	-19.2560692020113	50
5.53537382321829	-19.270703482007	50
5.48072097495662	-19.2849393927744	50
5.426251553265	-19.2987809621092	50
5.37197209086599	-19.3122323122064	50
5.3178890857446	-19.3252976566044	50
5.26400899913508	-19.3379812971275	50
5.21033825350766	-19.3502876208298	50
5.15688323055524	-19.362221096938	50
5.10365026918015	-19.373786273795	50
5.05064566348093	-19.3849877758029	50
4.99787566073902	-19.3958303003665	50
4.94534645940552	-19.4063186148364	50
4.89306420708793	-19.4164575534524	50
4.84103499853688	-19.4262520142866	50
4.7892648736329	-19.4357069561869	50
4.73775981537312	-19.44482739572	50
4.68652574785803	-19.4536184041149	50
4.63556853427824	-19.462085104206	50
4.58489397490116	-19.4702326673765	50
4.53450780505782	-19.4780663105016	50
4.48441569312954	-19.4855912928917	50
4.43462323853471	-19.4928129132359	50
4.38513596971552	-19.499736506545	50
4.33595934212469	-19.5063674410948	50
4.28709873621224	-19.5127111153697	50
4.23855945541218	-19.5187729550054	50
4.1903467241293	-19.5245584097327	50
4.14246568572588	-19.5300729503206	50
4.09492140050845	-19.5353220655193	50
4.0477188437145	-19.5403112590039	50
4.00086290349926	-19.5450460463173	50
3.9543583789224	-19.5495319518137	50
3.9082099779348	-19.5537745056018	50
3.86242231536529	-19.5577792404879	50
3.81699991090734	-19.5615516889197	50
3.7719471871059	-19.5650973799288	50
3.72726846734402	-19.5684218360746	50
3.68296797382968	-19.5715305703872	50
3.63904982558251	-19.5744290833109	50
3.59551803642048	-19.5771228596473	50
3.55237651294672	-19.5796173654987	50
3.50962905253619	-19.5819180452113	50
3.46727934132248	-19.5840303183183	50
3.42533095218448	-19.5859595764837	50
3.38378734273319	-19.5877111804447	50
3.34265185329843	-19.589290456956	50
3.30192770491555	-19.5907026957322	50
3.26161799731224	-19.5919531463916	50
3.2217257068952	-19.593047015399	50
3.18225368473691	-19.5939894630097	50
3.1432046545624	-19.594785600212	50
3.10458121073592	-19.5954404856707	50
3.06638581624775	-19.5959591226707	50
3.02862080070088	-19.59634645606	50
2.99128835829782	-19.5966073691928	50
2.95439054582727	-19.596746680873	50
2.91792928065089	-19.5967691422977	50
2.88190633869006	-19.5966794339998	50
2.84632335241257	-19.5964821627918	50
2.81118180881942	-19.5961818587092	50
2.77648304743152	-19.5957829719531	50
2.74222825827643	-19.595289869834	50
2.70841847987512	-19.594706833715	50
2.67505459722869	-19.594038055955	50
2.64213733987568	-19.5932876369187	50
2.60966728114695	-19.5924595831204	50
2.57764483971967	-19.5915578075444	50
2.54607028185112	-19.5905861306089	50
2.51494372362839	-19.5895482811447	50
2.4842651332182	-19.5884478973741	50
2.45403433311671	-19.5872885278904	50
2.42425100239925	-19.5860736326365	50
2.39491467897011	-19.5848065838837	50
2.36602476181236	-19.5834906672112	50
2.33758051323759	-19.5821290824848	50
2.3095810611357	-19.5807249448355	50
2.28202540122471	-19.5792812856392	50
2.25491239930047	-19.5778010534953	50
2.22824079348655	-19.5762871152056	50
2.20200919648391	-19.5747422567533	50
2.17621609782076	-19.5731691842823	50
2.15085986610229	-19.5715705250757	50
2.12593875126049	-19.5699488285353	50
2.1014508868039	-19.5683065671599	50
2.07739429206742	-19.5666461375251	50
2.05376687446207	-19.5649698612614	50
2.03056643172476	-19.5632799860341	50
2.00779065416811	-19.5615786865215	50
1.9854371269302	-19.5598680653942	50
1.96350333222437	-19.5581501542942	50
1.94198665158897	-19.5564269148136	50
1.92088436813718	-19.5547002394738	50
1.90019366880677	-19.5529719527044	50
1.87991164660988	-19.5512438118221	50
1.86003530288281	-19.5495175080098	50
1.84056154953578	-19.5477946672955	50
1.82148721130277	-19.5460768515315	50
1.8028090279912	-19.5443655593728	50
1.78452365673182	-19.5426622272567	50
1.7666276742284	-19.5409682303817	50
1.7491175790076	-19.539284883686	50
1.73198979366865	-19.537613442827	50
1.71524066713323	-19.5359551051599	50
1.69886647689516	-19.5343110107172	50
1.68286343127027	-19.5326822431868	50
1.6672276716461	-19.531069830892	50
1.65195527473175	-19.5294747477697	50
1.6370422548076	-19.5278979143499	50
1.62248456597514	-19.5263401987341	50
1.60827810440673	-19.5248024175749	50
1.59441871059537	-19.5232853370546	50
1.5809021716045	-19.5217896738643	50
1.56772422331778	-19.5203160961829	50
1.55488055268887	-19.518865224656	50
1.54236679999118	-19.5174376333747	50
1.5301785610677	-19.5160338508551	50
1.51831138958076	-19.5146543610169	50
1.50676079926179	-19.5132996041623	50
1.49552226616115	-19.5119699779552	50
1.48459123089786	-19.5106658384002	50
1.47396310090941	-19.5093875008212	50
1.46363325270153	-19.508135240841	50
1.45359703409797	-19.5069092953597	50
1.4343867470877	-19.5045371077561	50
1.41629453432083	-19.5022720959636	50
1.39928237531399	-19.5001148610305	50
1.3833120066512	-19.4980654784275	50
1.36834499397686	-19.4961235293751	50
1.35434280398872	-19.4942881321707	50
1.3412668764309	-19.4925579735161	50
1.32907869608689	-19.4909313398445	50
1.31773986477253	-19.4894061486482	50
1.30721217332898	-19.4879799798056	50
1.29285860095339	-19.4860203533962	50
1.28011819386814	-19.4842669998495	50
1.26886659048746	-19.4827084365046	50
1.25597069578367	-19.4809118266325	50
1.24522705466719	-19.4794082338274	50
1.23442038883324	-19.4778915675244	50
1.22332825287104	-19.476332892503	50
1.21288693777976	-19.4748654613887	50
