1.20515765865591	-19.9639832115369	39
1.1921002262679	-19.9620853199833	39
1.17906126073989	-19.9600644511414	39
1.16604192026819	-19.9579207845165	39
1.1530433613059	-19.9556545105214	39
1.14006673846019	-19.9532658304598	39
1.12711320438973	-19.9507549565079	39
1.11418390970232	-19.9481221116962	39
1.10128000285266	-19.9453675298891	39
1.08840263004038	-19.9424914557644	39
1.07555293510818	-19.9394941447919	39
1.06273205944027	-19.9363758632098	39
1.04994114186096	-19.9331368880021	39
1.03718131853351	-19.9297775068733	39
1.0244537228592	-19.9262980182229	39
1.01175948537667	-19.9226987311194	39
0.999099733661496	-19.9189799652721	39
0.986475592226023	-19.9151420510034	39
0.973888182419488	-19.911185329219	39
0.961338622328412	-19.9071101513778	39
0.948828026677284	-19.9029168794607	39
0.93635750672955	-19.8986058859383	39
0.923928170188894	-19.8941775537381	39
0.911541121100857	-19.88963227621	39
0.899197459754763	-19.8849704570919	39
0.886898282585984	-19.8801925104736	39
0.874644682078551	-19.8752988607598	39
0.862437746668113	-19.8702899426329	39
0.850278560645255	-19.8651662010139	39
0.838168204059185	-19.8599280910231	39
0.826107752621798	-19.8545760779399	39
0.814098277612126	-19.8491106371609	39
0.802140845781179	-19.8435322541582	39
0.790236519257192	-19.837841424436	39
0.778386355451278	-19.8320386534867	39
0.766591406963504	-19.826124456746	39
0.754852721489397	-19.8200993595471	39
0.743171341726873	-19.8139638970738	39
0.731548305283626	-19.8077186143136	39
0.719984644584959	-19.8013640660084	39
0.708481386782077	-19.794900816606	39
0.69703955366085	-19.7883294402097	39
0.685660161551056	-19.7816505205269	39
0.674344221236097	-19.7748646508181	39
0.663092737863223	-19.7679724338434	39
0.651906710854243	-19.7609744818093	39
0.640787133816756	-19.7538714163145	39
0.629734994455888	-19.7466638682942	39
0.618751274486562	-19.7393524779646	39
0.607836949546295	-19.7319378947655	39
0.596992989108535	-19.7244207773033	39
0.58622035639655	-19.7168017932917	39
0.575520008297866	-19.7090816194929	39
0.56489289527927	-19.7012609416574	39
0.554339961302389	-19.693340454463	39
0.543862143739837	-19.6853208614532	39
0.533460373291951	-19.6772028749746	39
0.52313557390413	-19.6689872161138	39
0.512888662684753	-19.660674614633	39
0.502720549823722	-19.6522658089055	39
0.492632138511617	-19.6437615458502	39
0.48262432485946	-19.6351625808647	39
0.472697997819128	-19.626469677759	39
0.462854039104383	-19.617683608687	39
0.453093323112557	-19.608805154078	39
0.443416716846881	-19.5998351025678	39
0.433825079839476	-19.5907742509282	39
0.424319264074999	-19.5816234039964	39
0.414900113914972	-19.5723833746036	39
0.405568466022772	-19.5630549835026	39
0.396325149289324	-19.5536390592951	39
0.387170984759465	-19.5441364383579	39
0.378106785559018	-19.5345479647686	39
0.369133356822567	-19.5248744902311	39
0.360251495621938	-19.5151168739992	39
0.351461990895397	-19.5052759828008	39
0.342765623377577	-19.4953526907607	39
0.334163165530124	-19.4853478793232	39
0.325655381473085	-19.4752624371735	39
0.317243026917031	-19.4650972601588	39
0.308926849095936	-19.454853251209	39
0.300707586700799	-19.4445313202561	39
0.29258596981403	-19.4341323841537	39
0.284562719844602	-19.4236573665955	39
0.276638549463967	-19.413107198033	39
0.268814162542757	-19.4024828155934	39
0.261090254088261	-19.3917851629956	39
0.253467510182687	-19.381015190467	39
0.245946607922224	-19.3701738546588	39
0.238528215356898	-19.3592621185612	39
0.231212991431231	-19.3482809514177	39
0.224001585925709	-19.337231328639	39
0.216894639399065	-19.3261142317165	39
0.209892783131384	-19.3149306481351	39
0.202996639068025	-19.3036815712852	39
0.196206819764377	-19.292368000375	39
0.189523928331451	-19.2809909403412	39
0.182948558382305	-19.2695514017601	39
0.176481293979317	-19.2580504007576	39
0.170122709582305	-19.2464889589192	39
0.163873369997502	-19.234868103199	39
0.157733830327385	-19.2231888658285	39
0.151704635921365	-19.2114522842252	39
0.145786322327352	-19.1996594009001	39
0.13997941524418	-19.1878112633652	39
0.13428443047491	-19.1759089240408	39
0.128701873881021	-19.1639534401613	39
0.123232241337467	-19.151945873682	39
0.117876018688636	-19.1398872911843	39
0.112633681705195	-19.1277787637813	39
0.107505696041827	-19.1156213670224	39
0.102492517195868	-19.1034161807979	39
0.0975945904668494	-19.091164289243	39
0.092812350916945	-19.0788667806415	39
0.0881462233323225	-19.0665247473292	39
0.0835966221854134	-19.054139285597	39
0.0791639515980986	-19.0417114955931	39
0.0748486053058095	-19.0292424812257	39
0.0706509666225552	-19.0167333500648	39
0.0665714084068756	-19.0041852132436	39
0.0626102930287189	-18.9915991853604	39
0.0587679723372567	-18.9789763843788	39
0.0550447876296305	-18.966317931529	39
0.0514410696206324	-18.9536249512081	39
0.0479571384133337	-18.9408985708798	39
0.0445933034706494	-18.9281399209749	39
0.0413498635878478	-18.9153501347905	39
0.0382271068660136	-18.9025303483893	39
0.0352253106864557	-18.8896817004988	39
0.0323447416860667	-18.8768053324103	39
0.0295856557336409	-18.8639023878772	39
0.0269482979071465	-18.8509740130137	39
0.0244329024719545	-18.8380213561928	39
0.0220396928600322	-18.8250455679442	39
0.0197688816500947	-18.8120478008527	39
0.0176206705487241	-18.799029209455	39
0.0155952503724512	-18.7859909501377	39
0.0136928010308077	-18.7729341810343	39
0.0119134915103438	-18.7598600619226	39
0.0102574798596196	-18.7467697541214	39
0.00872491317516499	-18.7336644203876	39
0.00731592758841448	-18.7205452248127	39
0.00603064825361477	-18.7074133327194	39
0.00486918933670766	-18.6942699105585	39
0.00383165400519014	-18.6811161258045	39
0.00291813441894928	-18.6679531468529	39
0.00212871172207718	-18.6547821429153	39
0.00146345603566189	-18.6416042839167	39
0.000922426451560376	-18.6284207403905	39
0.000505671027148269	-18.6152326833754	39
0.000213226781052178	-18.6020412843109	39
4.51196898612061e-05	-18.5888477149333	39
1.36468581879434e-06	-18.5756531471716	39
8.19656554977843e-05	-18.5624587530438	39
0.000286915439454027	-18.5492657045522	39
0.000616195832862321	-18.5360751735796	39
0.00106977758713445	-18.5228883317852	39
0.00164762041251598	-18.5097063505007	39
0.00234967298166655	-18.4965304006257	39
0.00317587293421751	-18.4833616525245	39
0.00412614688231172	-18.4702012759212	39
0.00520041041712238	-18.4570504397966	39
0.0063985681163512	-18.4439103122841	39
0.0077205135527032	-18.4307820605658	39
0.00916612930334137	-18.4176668507688	39
0.0107352869603157	-18.404565847862	39
0.0124278471419703	-18.3914802155522	39
0.0142436595053232	-18.3784111161809	39
0.0161825627594212	-18.365359710621	39
0.0182443846796663	-18.3523271581739	39
0.0204289421231139	-18.3393146164663	39
0.0227360410447399	-18.3263232413473	39
0.0251654765146794	-18.313354186786	39
0.027717032736426	-18.3004086047688	39
0.0303904830660027	-18.2874876451971	39
0.0331855900320932	-18.2745924557854	39
0.0361021053571353	-18.2617241819588	39
0.0391397699793739	-18.2488839667519	39
0.0422983140758735	-18.2360729507068	39
0.0455774570864844	-18.2232922717721	39
0.0489769077387636	-18.2105430652015	39
0.0524963640738492	-18.1978264634533	39
0.0561355134732786	-18.1851435960896	39
0.0598940326867607	-18.172495589676	39
0.0637715878608871	-18.1598835676816	39
0.0677678345687862	-18.147308650379	39
0.0718824178407191	-18.1347719547452	39
0.0761149721956089	-18.1222745943619	39
0.0804651216735039	-18.109817679317	39
0.0849324798689752	-18.0974023161056	39
0.0895166499654372	-18.0850296075321	39
0.0942172247703952	-18.0727006526121	39
0.0990337867516162	-18.0604165464746	39
0.103965908074216	-18.0481783802649	39
0.109013150638659	-18.0359872410477	39
0.114175066119678	-18.0238442117106	39
0.119451196006093	-18.0117503708675	39
0.12484107164154	-17.9997067927633	39
0.130344214266102	-17.9877145471783	39
0.135960135058829	-17.9757746993331	39
0.141688335181166	-17.963888309794	39
0.147528305821256	-17.9520564343789	39
0.153479528239141	-17.9402801240632	39
0.159541473812834	-17.9285604248871	39
0.165713604085278	-17.916898377862	39
0.171995370812176	-17.9052950188783	39
0.178386216010683	-17.8937513786134	39
0.184885572008979	-17.8822684824402	39
0.191492861496682	-17.8708473503359	39
0.198207497576137	-17.8594889967916	39
0.205028883814541	-17.8481944307219	39
0.211956414296929	-17.8369646553754	39
0.218989473679986	-17.8258006682458	39
0.226127437246711	-17.8147034609828	39
0.23336967096191	-17.8036740193047	39
0.240715531528507	-17.7927133229102	39
0.248164366444694	-17.7818223453917	39
0.255715514061882	-17.7710020541488	39
0.263368303643479	-17.7602534103025	39
0.271122055424464	-17.7495773686092	39
0.278976080671773	-17.7389748773769	39
0.286929681745469	-17.7284468783801	39
0.294982152160717	-17.7179943067765	39
0.303132776650534	-17.707618091024	39
0.311380831229325	-17.697319152798	39
0.319725583257192	-17.6870984069099	39
0.328166291505009	-17.6769567612252	39
0.336702206220264	-17.6668951165838	39
0.345332569193658	-17.656914366719	39
0.354056613826449	-17.6470153981787	39
0.36287356519855	-17.6371990902465	39
0.371782640137358	-17.6274663148638	39
0.380783047287326	-17.6178179365518	39
0.389873987180249	-17.6082548123353	39
0.399054652306279	-17.5987777916663	39
0.408324227185659	-17.5893877163486	39
0.417681888441149	-17.5800854204629	39
0.42712680487117	-17.570871730293	39
0.436658137523632	-17.5617474642521	39
0.446275039770459	-17.5527134328103	39
0.455976657382787	-17.5437704384225	39
0.465762128606844	-17.5349192754571	39
0.475630584240495	-17.5261607301256	39
0.485581147710451	-17.5174955804127	39
0.495612935150129	-17.5089245960071	39
0.505725055478162	-17.5004485382331	39
0.515916610477557	-17.4920681599832	39
0.526186694875468	-17.4837842056511	39
0.536534396423616	-17.4755974110655	39
0.546958795979319	-17.4675085034247	39
0.557458967587131	-17.4595182012325	39
0.568033978561101	-17.4516272142336	39
0.578682889567606	-17.4438362433511	39
0.589404754708796	-17.436145980624	39
0.600198621606618	-17.4285571091461	39
0.6110635314874	-17.4210703030047	39
0.621998519267024	-17.4136862272212	39
0.63300261363665	-17.4064055376919	39
0.64407483714899	-17.3992288811299	39
0.655214206305128	-17.3921568950072	39
0.666419731641889	-17.3851902074985	39
0.67769041781972	-17.3783294374252	39
0.689025263711106	-17.3715751942008	39
0.700423262489498	-17.364928077776	39
0.711883401718738	-17.3583886785862	39
0.723404663442996	-17.3519575774987	39
0.73498602427719	-17.345635345761	39
0.746626455497885	-17.3394225449503	39
0.758324923134673	-17.3333197269236	39
0.770080388062019	-17.3273274337683	39
0.781891806091557	-17.3214461977547	39
0.793758128064839	-17.315676541288	39
0.805678299946539	-17.3100189768626	39
0.817651262918066	-17.3044740070161	39
0.829675953471618	-17.2990421242846	39
0.841751303504655	-17.2937238111595	39
0.853876240414764	-17.2885195400441	39
0.866049687194941	-17.2834297732119	39
0.878270562529257	-17.2784549627652	39
0.890537780888901	-17.2735955505957	39
0.902850252628607	-17.2688519683443	39
0.915206884083446	-17.2642246373635	39
0.927606577665962	-17.2597139686795	39
0.940048231963676	-17.2553203629561	39
0.952530741836914	-17.2510442104587	39
0.965052998516975	-17.2468858910198	39
0.977613889704614	-17.2428457740055	39
0.990212299668849	-17.2389242182824	39
1.00284710934606	-17.2351215721856	39
1.0155171964394	-17.2314381734882	39
1.02822143551847	-17.227874349371	39
1.04095869811929	-17.2244304163933	39
1.05372785284457	-17.2211066804654	39
1.06652776546413	-17.2179034368205	39
1.07935729901573	-17.2148209699894	39
1.09221531390603	-17.2118595537745	39
1.10510066801178	-17.209019451226	39
1.11801221678134	-17.2063009146182	39
1.13094881333629	-17.2037041854272	39
1.14390930857332	-17.2012294943096	39
1.1568925512663	-17.1988770610816	39
1.16989738816855	-17.1966470947001	39
1.18292266411526	-17.1945397932436	39
1.1959672221261	-17.1925553438946	39
1.22760457833409	-17.1880558351564	39
1.25004865877464	-17.1848353001289	39
1.27248989997754	-17.181571013978	39
1.29492830194281	-17.1782629767038	39
1.31736386467045	-17.1749111883063	39
1.33979658816045	-17.1715156487854	39
1.36222647241281	-17.1680763581412	39
1.38465351742753	-17.1645933163737	39
1.40707772320462	-17.1610665234828	39
1.42949908974407	-17.1574959794685	39
1.45191761704588	-17.1538816843309	39
1.47433330511006	-17.15022363807	39
1.4967461539366	-17.1465218406857	39
1.5191561635255	-17.1427762921781	39
1.54156333387677	-17.1389869925471	39
1.5639676649904	-17.1351539417928	39
1.58636915686639	-17.1312771399151	39
1.60876780950474	-17.1273565869141	39
1.63116362290546	-17.1233922827898	39
1.65355659706854	-17.1193842275421	39
1.67594673199399	-17.1153324211711	39
1.6983340276818	-17.1112368636767	39
1.72071848413197	-17.107097555059	39
1.7431001013445	-17.1029144953179	39
1.7654788793194	-17.0986876844535	39
1.78785481805666	-17.0944171224658	39
1.81022791755628	-17.0901028093547	39
1.83259817781827	-17.0857447451202	39
1.85496559884262	-17.0813429297625	39
1.87733018062933	-17.0768973632813	39
1.89969192317841	-17.0724080456769	39
1.92205082648985	-17.0678749769491	39
1.94440689056365	-17.0632981570979	39
1.96676011539982	-17.0586775861234	39
1.98911050099835	-17.0540132640256	39
2.01145804735924	-17.0493051908044	39
2.03380275448249	-17.0445533664599	39
2.05614462236811	-17.039757790992	39
2.07848365101609	-17.0349184644008	39
2.10081984042644	-17.0300353866862	39
2.12315319059915	-17.0251085578483	39
2.14548370153422	-17.0201379778871	39
2.16781137323165	-17.0151236468025	39
2.19013620569145	-17.0100655645945	39
2.21245819891361	-17.0049637312632	39
2.23477735289813	-16.9998181468086	39
2.25709366764502	-16.9946288112307	39
2.27940714315427	-16.9893957245293	39
2.30171777942588	-16.9841188867047	39
2.32402557645986	-16.9787982977567	39
2.3463305342562	-16.9734339576854	39
2.3686326528149	-16.9680258664907	39
2.39093193213597	-16.9625740241726	39
2.4132283722194	-16.9570784307313	39
2.43552197306519	-16.9515390861665	39
2.45781273467334	-16.9459559904785	39
2.48010065704386	-16.9403291436671	39
2.50238574017674	-16.9346585457323	39
2.52466798407199	-16.9289441966742	39
2.54694738872959	-16.9231860964928	39
2.56922395414956	-16.917384245188	39
2.5914976803319	-16.9115386427599	39
2.6137685672766	-16.9056492892084	39
2.63603661498366	-16.8997161845336	39
2.65830182345308	-16.8937393287355	39
2.68056419268487	-16.887718721814	39
2.70282372267902	-16.8816543637691	39
2.72508041343553	-16.8755462546009	39
2.7473342649544	-16.8693943943094	39
2.76958527723564	-16.8631987828945	39
2.79183345027925	-16.8569594203563	39
2.81407878408521	-16.8506763066948	39
2.83632127865354	-16.8443494419099	39
2.85856093398423	-16.8379788260016	39
2.88079775007729	-16.83156445897	39
2.9030317269327	-16.8251063408151	39
2.92526286455049	-16.8186044715368	39
2.94749116293063	-16.8120588511352	39
2.96971662207314	-16.8054694796102	39
2.99193924197801	-16.7988363569619	39
3.01415902264524	-16.7921594831902	39
3.03637596407484	-16.7854388582952	39
3.0585900662668	-16.7786744822769	39
3.08080132922112	-16.7718663551352	39
3.10300975293781	-16.7650144768702	39
3.12521533741686	-16.7581188474818	39
3.14741808265827	-16.7511794669701	39
3.16961798866205	-16.744196335335	39
3.19181505542819	-16.7371694525766	39
3.21400928295669	-16.7300988186949	39
3.23620067124755	-16.7229844336898	39
3.25838922030078	-16.7158262975614	39
3.28057493011637	-16.7086244103096	39
3.30275780069433	-16.7013787719345	39
3.32493783203465	-16.694089382436	39
3.34711502413733	-16.6867562418142	39
3.36928937700237	-16.679379350069	39
3.39146089062978	-16.6719587072005	39
3.41362956501955	-16.6644943132087	39
3.43579540017168	-16.6569861680935	39
3.45795839608618	-16.649434271855	39
3.48011855276304	-16.6418386244931	39
3.50227587020226	-16.6341992260079	39
3.52443034840385	-16.6265160763993	39
3.5465819873678	-16.6187891756674	39
3.56873078709411	-16.6110185238122	39
3.59087674758279	-16.6032041208336	39
3.61301986883383	-16.5953459667316	39
3.63516015084723	-16.5874440615064	39
3.65729759362299	-16.5794984051577	39
3.67943219716112	-16.5715089976858	39
3.70156396146161	-16.5634758390905	39
3.72369288652447	-16.5553989293718	39
3.74581897234968	-16.5472782685298	39
3.76794221893726	-16.5391138565645	39
3.79006262628721	-16.5309056934758	39
3.81218019439952	-16.5226537792637	39
3.83429492327419	-16.5143581139284	39
3.85640681291122	-16.5060186974697	39
3.87851586331062	-16.4976355298876	39
3.90062207447238	-16.4892086111822	39
3.9227254463965	-16.4807379413534	39
3.94482597908299	-16.4722235204014	39
3.96692367253183	-16.4636653483259	39
3.98901852674305	-16.4550634251271	39
4.01111054171662	-16.446417750805	39
4.03319971745256	-16.4377283253596	39
4.05528605395086	-16.4289951487907	39
4.07736955121153	-16.4202182210986	39
4.09945020923456	-16.4113975422831	39
4.12152802801995	-16.4025331123442	39
4.1436030075677	-16.3936249312821	39
4.16567514787782	-16.3846729990965	39
4.1877444489503	-16.3756773157877	39
4.20981091078514	-16.3666378813554	39
4.23187453338235	-16.3575546957999	39
4.25393531674192	-16.348427759121	39
4.27599326086385	-16.3392570713187	39
4.29804836574815	-16.3300426323931	39
4.32010063139481	-16.3207844423442	39
4.34215005780383	-16.3114825011719	39
4.36419664497522	-16.3021368088763	39
4.38624039290897	-16.2927473654573	39
4.40828130160508	-16.283314170915	39
4.43031937106356	-16.2738372252494	39
4.45235460128439	-16.2643165284604	39
4.47438699226759	-16.254752080548	39
4.49641654401316	-16.2451438815123	39
4.51844325652109	-16.2354919313533	39
4.54046712979138	-16.2257962300709	39
4.56248816382403	-16.2160567776652	39
4.58450635861905	-16.2062735741362	39
4.60652171417643	-16.1964466194838	39
4.62853423049618	-16.186575913708	39
4.65054390757828	-16.1766614568089	39
4.67255074542275	-16.1667032487865	39
4.69455474402958	-16.1567012896407	39
4.71655590339878	-16.1466555793716	39
4.73855422353034	-16.1365661179791	39
4.76054970442426	-16.1264329054633	39
4.78254234608055	-16.1162559418241	39
4.8045321484992	-16.1060352270617	39
4.82651911168021	-16.0957707611758	39
4.84850323562358	-16.0854625441666	39
4.87048452032932	-16.0751105760341	39
4.89246296579742	-16.0647148567782	39
4.91443857202789	-16.054275386399	39
4.93641133902072	-16.0437921648964	39
4.95838126677591	-16.0332651922705	39
4.98034835529346	-16.0226944685213	39
5.00231260457338	-16.0120799936487	39
5.02427401461566	-16.0014217676528	39
5.0462325854203	-15.9907197905335	39
5.06818831698731	-15.9799740622909	39
5.09014120931668	-15.9691845829249	39
5.11209126240841	-15.9583513524356	39
5.13403847626251	-15.9474743708229	39
5.15598285087897	-15.9365536380869	39
5.17792438625779	-15.9255891542276	39
5.19986308239898	-15.9145809192449	39
5.22179893930252	-15.9035289331389	39
5.24373195696844	-15.8924331959095	39
5.26566213539671	-15.8812937075568	39
5.28758947458735	-15.8701104680807	39
5.30951397454035	-15.8588834774813	39
5.33143563525571	-15.8476127357586	39
5.35335445673344	-15.8362982429125	39
5.37527043897353	-15.8249399989431	39
5.39718358197599	-15.8135380038503	39
5.41909388574081	-15.8020922576342	39
5.44100135026798	-15.7906027602947	39
5.46290597555753	-15.7790695118319	39
5.48480776160944	-15.7674925122457	39
5.5067067084237	-15.7558717615362	39
5.52860281600034	-15.7442072597034	39
5.55049608433933	-15.7324990067472	39
5.57238651344069	-15.7207470026677	39
5.59427410330441	-15.7089512474648	39
5.6161588539305	-15.6971117411386	39
5.63804076531895	-15.685228483689	39
5.65991983746976	-15.6733014751161	39
5.68179607038293	-15.6613307154199	39
5.70366946405847	-15.6493162046003	39
5.72554001849637	-15.6372579426573	39
5.74740773369664	-15.6251559295911	39
5.76927260965927	-15.6130101654014	39
5.79113464638426	-15.6008206500885	39
5.81299384387161	-15.5885873836522	39
5.83485020212133	-15.5763103660925	39
5.85670372113341	-15.5639895974095	39
5.87855440090785	-15.5516250776032	39
5.90040224144466	-15.5392168066735	39
5.92224724274383	-15.5267647846205	39
5.94408940480536	-15.5142690114441	39
5.96592872762925	-15.5017294871444	39
5.98776521121551	-15.4891462117213	39
6.00959885556413	-15.4765191851749	39
6.03142966067512	-15.4638484075052	39
6.05325762654847	-15.4511338787121	39
6.07508275318418	-15.4383755987956	39
6.09690504058226	-15.4255735677558	39
6.11872448874269	-15.4127277855927	39
6.14054109766549	-15.3998382523063	39
6.16235486735066	-15.3869049678964	39
6.18416579779818	-15.3739279323633	39
6.20597388900808	-15.3609071457068	39
6.22777914098033	-15.347842607927	39
6.24958155371495	-15.3347343190238	39
6.27138112721193	-15.3215822789972	39
6.29317786147127	-15.3083864878474	39
6.31497175649297	-15.2951469455741	39
6.33676281227704	-15.2818636521776	39
6.35855102882348	-15.2685366076577	39
6.38033640613227	-15.2551658120144	39
6.40211894420343	-15.2417512652478	39
6.42389864303695	-15.2282929673579	39
6.44567550263284	-15.2147909183446	39
6.46744952299109	-15.201245118208	39
6.4892207041117	-15.187655566948	39
6.51098904599467	-15.1740222645647	39
6.53275454864001	-15.1603452110581	39
6.55451721204771	-15.1466244064281	39
6.57627703621777	-15.1328598506747	39
6.5980340211502	-15.1190515437981	39
6.61978816684499	-15.105199485798	39
6.64153947330214	-15.0913036766747	39
6.66328794052166	-15.0773641164279	39
6.68503356850354	-15.0633808050579	39
6.70677635724778	-15.0493537425645	39
6.72851630675439	-15.0352829289477	39
6.75025341702336	-15.0211683642076	39
6.77198768805469	-15.0070100483442	39
6.79371911984839	-14.9928079813574	39
6.81544771240444	-14.9785621632473	39
6.83717346572287	-14.9642725940138	39
6.85889637980365	-14.949939273657	39
6.8806164546468	-14.9355622021769	39
6.90233369025231	-14.9211413795734	39
6.92404808662018	-14.9066768058465	39
6.94575964375042	-14.8921684809963	39
6.96746836164302	-14.8776164050228	39
6.98917424029799	-14.8630205779259	39
7.01087727971531	-14.8483809997057	39
7.032577479895	-14.8336976703622	39
7.05427484083706	-14.8189705898953	39
7.07596936254147	-14.804199758305	39
7.09766104500825	-14.7893851755914	39
7.1193498882374	-14.7745268417545	39
7.1410358922289	-14.7596247567942	39
7.16271905698277	-14.7446789207106	39
7.184399382499	-14.7296893335036	39
7.2060768687776	-14.7146559951733	39
7.22775151581856	-14.6995789057197	39
7.24942332362188	-14.6844580651427	39
7.27109229218756	-14.6692934734423	39
7.29275842151561	-14.6540851306186	39
7.31442171160602	-14.6388330366716	39
7.3360821624588	-14.6235371916012	39
7.35773977407393	-14.6081975954075	39
7.37939454645143	-14.5928142480905	39
7.4010464795913	-14.5773871496501	39
7.42269557349353	-14.5619163000863	39
7.44434182815812	-14.5464016993992	39
7.46598524358507	-14.5308433475888	39
7.48762581977438	-14.515241244655	39
7.50926355672606	-14.4995953905979	39
7.53089845444011	-14.4839057854174	39
7.55253051291651	-14.4681724291136	39
7.57415973215528	-14.4523953216864	39
7.59578611215641	-14.436574463136	39
7.61740965291991	-14.4207098534621	39
7.63903035444577	-14.4048014926649	39
7.66064821673399	-14.3888493807444	39
7.68226323978457	-14.3728535177005	39
7.70387542359752	-14.3568139035333	39
7.72548476817283	-14.3407305382428	39
7.7470912735105	-14.3246034218288	39
7.76869493961054	-14.3084325542916	39
7.79029576647294	-14.292217935631	39
7.81189375409771	-14.2759595658471	39
7.83348890248483	-14.2596574449398	39
7.85508121163432	-14.2433115729092	39
7.87667068154617	-14.2269219497552	39
7.89825731222039	-14.2104885754779	39
7.91984110365697	-14.1940114500772	39
7.94142205585591	-14.1774905735532	39
7.96300016881722	-14.1609259459059	39
7.98457544254089	-14.1443175671352	39
8.00614787702692	-14.1276654372412	39
8.02771747227531	-14.1109695562238	39
8.04928422828607	-14.0942299240831	39
8.07084814505919	-14.077446540819	39
8.09240922259468	-14.0606194064316	39
8.11396746089252	-14.0437485209209	39
8.13552285995273	-14.0268338842868	39
8.15707541977531	-14.0098754965294	39
8.17862514036024	-13.9928733576486	39
8.20017202170754	-13.9758274676445	39
8.22171606381721	-13.958737826517	39
8.24325726668923	-13.9416044342662	39
8.26479563032363	-13.924427290892	39
8.28633115472038	-13.9072063963945	39
8.3078638398795	-13.8899417507737	39
8.32939368580097	-13.8726333540295	39
8.35092069248481	-13.855281206162	39
8.37244485993102	-13.8378853071711	39
8.39396618813959	-13.8204456570569	39
8.41548467711052	-13.8029622558193	39
8.43700032684382	-13.7854351034584	39
8.45851313733947	-13.7678641999742	39
8.48002310859749	-13.7502495453666	39
8.50153024061788	-13.7325911396357	39
8.52303453340063	-13.7148889827814	39
8.54453598694574	-13.6971430748038	39
8.56603460125321	-13.6793534157028	39
8.58753037632305	-13.6615200054785	39
8.60902331215525	-13.6436428441308	39
8.63051340874981	-13.6257219316598	39
8.65200066610674	-13.6077572680655	39
8.67348508422602	-13.5897488533478	39
8.69496666310768	-13.5716966875068	39
8.71644540275169	-13.5536007705424	39
8.73792130315807	-13.5354611024547	39
8.75939436432681	-13.5172776832436	39
8.78086458625792	-13.4990505129092	39
8.80233196895139	-13.4807795914515	39
8.82379651240722	-13.4624649188704	39
8.84525821662541	-13.444106495166	39
8.86671708160597	-13.4257043203382	39
8.88817310734889	-13.4072583943871	39
8.90962629385418	-13.3887687173126	39
8.93107664112182	-13.3702352891148	39
8.95252414915183	-13.3516581097936	39
8.97396881794421	-13.3330371793491	39
8.99541064749894	-13.3143724977813	39
9.01684963781604	-13.2956640650901	39
9.03828578889551	-13.2769118812756	39
9.05971910073733	-13.2581159463377	39
9.08114957334152	-13.2392762602765	39
9.10257720670807	-13.2203928230919	39
9.12400200083699	-13.201465634784	39
9.14542395572827	-13.1824946953528	39
9.16684307138191	-13.1634800047982	39
9.18825934779792	-13.1444215631202	39
9.20967278497628	-13.125319370319	39
9.23108338291702	-13.1061734263943	39
9.25249114162011	-13.0869837313464	39
9.27389606108557	-13.0677502851751	39
9.29529814131339	-13.0484730878804	39
9.31669738230357	-13.0291521394624	39
9.33809378405612	-13.0097874399211	39
9.35948734657103	-12.9903789892564	39
9.3808780698483	-12.9709267874684	39
9.40226595388794	-12.951430834557	39
9.42365099868994	-12.9318911305223	39
9.4450332042543	-12.9123076753642	39
9.46641257058103	-12.8926804690828	39
9.48778909767012	-12.8730095116781	39
9.50916278552157	-12.85329480315	39
9.53053363413538	-12.8335363434985	39
9.55190164351156	-12.8137341327238	39
9.5732668136501	-12.7938881708256	39
9.59462914455101	-12.7739984578042	39
9.61598863621428	-12.7540649936594	39
9.63734528863991	-12.7340877783912	39
9.6586991018279	-12.7140668119997	39
9.68005007577826	-12.6940020944849	39
9.70139821049098	-12.6738936258467	39
9.72274350596606	-12.6537414060852	39
9.74408596220351	-12.6335454352003	39
9.76542557920332	-12.6133057131921	39
9.78676235696549	-12.5930222400605	39
9.80809629549003	-12.5726950158056	39
9.82942739477693	-12.5523240404274	39
9.85075565482619	-12.5319093139258	39
9.87208107563782	-12.5114508363008	39
9.89340365721181	-12.4909486075526	39
9.91472339954816	-12.4704026276809	39
9.93604030264687	-12.449812896686	39
9.95735436650795	-12.4291794145677	39
9.9786655911314	-12.408502181326	39
9.9999739765172	-12.387781196961	39
10.0212795226654	-12.3670164614727	39
10.0425822295759	-12.346207974861	39
10.0638820972488	-12.325355737126	39
10.085179125684	-12.3044597482676	39
10.1064733148817	-12.2835200082859	39
10.1277646648417	-12.2625365171808	39
10.149053175564	-12.2415092749524	39
10.1703388470487	-12.2204382816007	39
10.1916216792958	-12.1993235371256	39
10.2129016723052	-12.1781650415271	39
10.234178826077	-12.1569627948054	39
10.2554531406112	-12.1357167969602	39
10.2767246159077	-12.1144270479918	39
10.2979932519666	-12.0930935479	39
10.3192590487878	-12.0717162966848	39
10.3405220063715	-12.0502952943463	39
10.3617821247174	-12.0288305408845	39
10.3830394038258	-12.0073220362993	39
10.4042938436965	-11.9857697805908	39
10.4255454443296	-11.9641737737589	39
10.446794205725	-11.9425340158037	39
10.4680401278828	-11.9208505067251	39
10.4892832108029	-11.8991232465232	39
10.5105234544855	-11.877352235198	39
10.5317608589303	-11.8555374727494	39
10.5529954241376	-11.8336789591774	39
10.5742271501072	-11.8117766944822	39
10.5954560368392	-11.7898306786635	39
10.6166820843335	-11.7678409117216	39
10.6379052925902	-11.7458073936563	39
10.6591256616093	-11.7237301244676	39
10.6803431913907	-11.7016091041556	39
10.7015578819345	-11.6794443327203	39
10.7227697332406	-11.6572358101616	39
10.7439787453091	-11.6349835364796	39
10.76518491814	-11.6126875116742	39
10.7863882517333	-11.5903477357455	39
10.8075887460889	-11.5679642086934	39
10.8287864012068	-11.545536930518	39
10.8499812170872	-11.5230659012193	39
10.8711731937299	-11.5005511207972	39
10.8923623311349	-11.4779925892517	39
10.9135486293023	-11.455390306583	39
10.9347320882321	-11.4327442727908	39
10.9559127079243	-11.4100544878754	39
10.9770904883788	-11.3873209518366	39
10.9982654295957	-11.3645436646744	39
11.0194375315749	-11.3417226263889	39
11.0406067943165	-11.3188578369801	39
11.0617732178204	-11.2959492964479	39
11.0829368020868	-11.2729970047924	39
11.1040975471155	-11.2500009620135	39
11.1252554529065	-11.2269611681113	39
11.1464105194599	-11.2038776230857	39
11.1675627467757	-11.1807503269368	39
11.1887121348538	-11.1575792796646	39
11.2098586836944	-11.134364481269	39
11.2310023932972	-11.11110593175	39
11.2521432636624	-11.0878036311078	39
11.27328129479	-11.0644575793421	39
11.29441648668	-11.0410677764532	39
11.3155488393323	-11.0176342224409	39
11.336678352747	-10.9941569173052	39
11.357805026924	-10.9706358610462	39
11.3789288618635	-10.9470710536639	39
11.4000498575652	-10.9234624951582	39
11.4211680140294	-10.8998101855292	39
11.4422833312559	-10.8761141247768	39
11.4633958092447	-10.8523743129011	39
11.484505447996	-10.828590749902	39
11.5056122475095	-10.8047634357796	39
11.5267162077855	-10.7808923705339	39
11.5478173288238	-10.7569775541648	39
11.5689156106245	-10.7330189866723	39
11.5900110531875	-10.7090166680566	39
11.6111036565129	-10.6849705983174	39
11.6321934206007	-10.660880777455	39
11.6532803454508	-10.6367472054692	39
11.6743644310633	-10.61256988236	39
11.6954456774382	-10.5883488081275	39
11.7165240845754	-10.5640839827717	39
11.737599652475	-10.5397754062925	39
11.7586723811369	-10.51542307869	39
11.7797422705612	-10.4910269999641	39
11.8008093207479	-10.4665871701149	39
11.8218735316969	-10.4421035891423	39
11.8429349034083	-10.4175762570464	39
11.8639934358821	-10.3930051738272	39
11.8850491291182	-10.3683903394846	39
11.9061019831167	-10.3437317540186	39
11.9271519978776	-10.3190294174294	39
11.9481991734008	-10.2942833297167	39
11.9692435096864	-10.2694934908808	39
11.9902850067343	-10.2446599009215	39
12.0113236645446	-10.2197825598388	39
12.0323594831173	-10.1948614676328	39
12.0533924624523	-10.1698966243035	39
12.0744226025497	-10.1448880298508	39
12.0954499034094	-10.1198356842748	39
12.1164743650316	-10.0947395875754	39
12.1374959874161	-10.0695997397527	39
12.1585147705629	-10.0444161408066	39
12.1795307144721	-10.0191887907372	39
12.2005438191437	-9.99391768954447	39
12.2215540845776	-9.96860283722839	39
12.2425615107739	-9.94324423378895	39
12.2635660977326	-9.91784187922617	39
12.2845678454536	-9.89239577354005	39
12.305566753937	-9.86690591673059	39
12.3265628231827	-9.84137230879778	39
12.3475560531908	-9.81579494974163	39
12.3685464439613	-9.79017383956213	39
12.3895339954942	-9.76450897825929	39
12.4105187077894	-9.7388003658331	39
12.4315005808469	-9.71304800228357	39
12.4524796146669	-9.68725188761071	39
12.4734558092492	-9.66141202181449	39
12.4944291645938	-9.63552840489493	39
12.5153996807008	-9.60960103685203	39
12.5363673575702	-9.58362991768578	39
12.557332195202	-9.55761504739619	39
12.5782941935961	-9.53155642598326	39
12.5992533527525	-9.50545405344698	39
12.6202096726714	-9.47930792978736	39
12.6411631533526	-9.45311805500439	39
12.6621137947961	-9.42688442909808	39
12.6830615970021	-9.40060705206843	39
12.7040065599704	-9.37428592391543	39
12.724948683701	-9.34792104463909	39
12.745887968194	-9.32151241423941	39
12.7668244134494	-9.29506003271638	39
12.7877580194671	-9.26856390007001	39
12.8086887862472	-9.2420240163003	39
12.8296167137897	-9.21544038140724	39
12.8505418020945	-9.18881299539083	39
12.8714640511617	-9.16214185825109	39
12.8923834609913	-9.135426969988	39
12.9133000315832	-9.10866833060156	39
12.9342137629375	-9.08186594009178	39
12.9551246550541	-9.05501979845866	39
12.9760327079331	-9.0281299057022	39
12.9969379215745	-9.00119626182239	39
13.0178402959782	-8.97421886681924	39
13.0387398311443	-8.94719772069274	39
13.0596365270728	-8.9201328234429	39
13.0805303837636	-8.89302417506972	39
13.1014214012168	-8.86587177557319	39
13.1223095794324	-8.83867562495331	39
13.1431949184103	-8.8114357232101	39
13.1640774181506	-8.78415207034354	39
13.1849570786532	-8.75682466635364	39
13.2058338999182	-8.72945351124039	39
13.2267078819456	-8.7020386050038	39
13.2475790247353	-8.67457994764387	39
13.2684473282874	-8.64707753916059	39
13.2893127926018	-8.61953137955398	39
13.3101754176787	-8.591941468824	39
13.3310352035178	-8.5643078069707	39
13.3518921501194	-8.53663039399405	39
13.3727462574833	-8.50890922989405	39
13.3935975256096	-8.48114431467071	39
13.4144459544982	-8.45333564832402	39
13.4352915441492	-8.425483230854	39
13.4561342945626	-8.39758706226063	39
13.4769742057383	-8.36964714254391	39
13.4978112776764	-8.34166347170385	39
13.5186455103768	-8.31363604974045	39
13.5394769038396	-8.2855648766537	39
13.5603054580648	-8.25744995244361	39
13.5811311730524	-8.22929127711018	39
13.6019540488023	-8.2010888506534	39
13.6227740853145	-8.17284267307328	39
13.6435912825892	-8.14455274436982	39
13.6644056406262	-8.116219064543	39
13.6852171594255	-8.08784163359285	39
13.7060258389872	-8.05942045151936	39
13.7268316793113	-8.03095551832251	39
13.7476346803978	-8.00244683400233	39
13.7684348422466	-7.97389439855881	39
13.7892321648577	-7.94529821199193	39
13.8100266482313	-7.91665827430172	39
13.8308182923672	-7.88797458548816	39
13.8516070972654	-7.85924714555126	39
13.8723930629261	-7.83047595449101	39
13.893176189349	-7.80166101230742	39
13.9139564765344	-7.77280231900049	39
13.9347339244821	-7.74389987457021	39
13.9555085331922	-7.71495367901659	39
13.9762803026646	-7.68596373233962	39
13.9970492328994	-7.65693003453931	39
14.0178153238966	-7.62785258561566	39
14.0385785756561	-7.59873138556867	39
14.059338988178	-7.56956643439833	39
14.0800965614623	-7.54035773210465	39
14.1008512955089	-7.51110527868762	39
14.1216031903179	-7.48180907414724	39
14.1423522458892	-7.45246911848353	39
14.1630984622229	-7.42308541169647	39
14.183841839319	-7.39365795378607	39
14.2045823771774	-7.36418674475232	39
14.2253200757982	-7.33467178459523	39
14.2460549351814	-7.3051130733148	39
14.2667869553269	-7.27551061091102	39
14.2875161362348	-7.2458643973839	39
14.308242477905	-7.21617443273344	39
14.3289659803377	-7.18644071695962	39
14.3496866435326	-7.15666325006247	39
14.37040446749	-7.12684203204198	39
14.3911194522097	-7.09697706289814	39
14.4118315976917	-7.06706834263095	39
14.4325409039362	-7.03711587124042	39
14.453247370943	-7.00711964872656	39
14.4739509987121	-6.97707967508934	39
14.4946517872436	-6.94699595032878	39
14.5153497365375	-6.91686847444488	39
14.5360448465938	-6.88669724743763	39
14.5567371174124	-6.85648226930704	39
14.5774265489933	-6.82622354005311	39
14.5981131413367	-6.79592105967583	39
14.6187968944424	-6.76557482817521	39
14.6394778083104	-6.73518484555125	39
14.6601558829409	-6.70475111180394	39
14.6808311183336	-6.67427362693329	39
14.7015035144888	-6.64375239093929	39
14.7221730714063	-6.61318740382195	39
14.7428397890862	-6.58257866558127	39
14.7635036675284	-6.55192617621724	39
14.784164706733	-6.52122993572987	39
14.8048229067	-6.49048994411915	39
14.8254782674293	-6.4597062013851	39
14.846130788921	-6.42887870752769	39
14.8667804711751	-6.39800746254694	39
14.8874273141915	-6.36709246644286	39
14.9080713179703	-6.33613371921542	39
14.9287124825114	-6.30513122086465	39
14.9493508078149	-6.27408497139052	39
14.9699862938808	-6.24299497079306	39
14.990618940709	-6.21186121907225	39
15.0112487482996	-6.1806837162281	39
15.0318757166526	-6.1494624622606	39
15.0524998457679	-6.11819745716976	39
15.0731211356456	-6.08688870095558	39
15.0937395862856	-6.05553619361805	39
15.1143551976881	-6.02413993515718	39
15.1349679698528	-5.99269992557297	39
15.15557790278	-5.96121616486541	39
15.1761849964695	-5.9296886530345	39
15.1967892509213	-5.89811739008026	39
15.2173906661356	-5.86650237600267	39
15.2379892421122	-5.83484361080173	39
15.2585849788511	-5.80314109447746	39
15.2791778763524	-5.77139482702984	39
15.2997679346161	-5.73960480845887	39
15.3203551536422	-5.70777103876457	39
15.3409395334306	-5.67589351794691	39
15.3615210739813	-5.64397224600592	39
15.3820997752945	-5.61200722294157	39
15.40267563737	-5.57999844875389	39
15.4232486602078	-5.54794592344287	39
15.4438188438081	-5.51584964700849	39
15.4643861881706	-5.48370961945078	39
15.4849506932956	-5.45152584076972	39
15.5055123591829	-5.41929831096532	39
15.5260711858326	-5.38702703003757	39
15.5466271732446	-5.35471199798648	39
15.567180321419	-5.32235321481205	39
15.5877306303558	-5.28995068051427	39
15.6082781000549	-5.25750439509315	39
15.6288227305164	-5.22501435854869	39
15.6493645217403	-5.19248057088087	39
15.6699034737265	-5.15990303208972	39
15.6904395864751	-5.12728174217523	39
15.710972859986	-5.09461670113739	39
15.7315032942593	-5.06190790897621	39
15.752030889295	-5.02915536569168	39
15.772555645093	-4.99635907128381	39
15.7930775616534	-4.9635190257526	39
15.8135966389762	-4.93063522909804	39
15.8341128770613	-4.89770768132014	39
15.8546262759088	-4.86473638241889	39
15.8751368355186	-4.8317213323943	39
15.8956445558909	-4.79866253124636	39
15.9161494370254	-4.76555997897509	39
15.9366514789224	-4.73241367558047	39
15.9571506815817	-4.6992236210625	39
15.9776470450033	-4.66598981542119	39
15.9981405691874	-4.63271225865654	39
16.0186312541338	-4.59939095076855	39
16.0391190998425	-4.56602589175721	39
16.0596041063136	-4.53261708162252	39
16.0800862735471	-4.49916452036449	39
16.100565601543	-4.46566820798312	39
16.1210420903012	-4.43212814447841	39
16.1415157398217	-4.39854432985035	39
16.1619865501047	-4.36491676409895	39
16.18245452115	-4.33124544722421	39
16.2029196529576	-4.29753037922611	39
16.2233819455276	-4.26377156010468	39
16.24384139886	-4.22996898985991	39
16.2642980129548	-4.19612266849178	39
16.2847517878119	-4.16223259600032	39
16.3052027234314	-4.12829877238551	39
16.3256508198132	-4.09432119764736	39
16.3460960769574	-4.06029987178587	39
16.366538494864	-4.02623479480102	39
16.3869780735329	-3.99212596669284	39
16.4074148129642	-3.95797338746131	39
16.4278487131578	-3.92377705710644	39
16.4482797741139	-3.88953697562823	39
16.4687079958322	-3.85525314302667	39
16.489133378313	-3.82092555930177	39
16.5095559215561	-3.78655422445352	39
16.5299756255616	-3.75213913848194	39
16.5503924903294	-3.717680301387	39
16.5708065158596	-3.68317771316872	39
16.5912177021522	-3.6486313738271	39
16.6116260492071	-3.61404128336213	39
16.6320315570244	-3.57940744177383	39
16.652434225604	-3.54472984906218	39
16.672834054946	-3.51000850522718	39
16.6932310450504	-3.47524341026884	39
16.7136251959171	-3.44043456418716	39
16.7340165075462	-3.40558196698213	39
16.7544049799377	-3.37068561865376	39
16.7747906130915	-3.33574551920205	39
16.7951734070077	-3.30076166862699	39
16.8155533616863	-3.26573406692859	39
16.8359304771272	-3.23066271410684	39
16.8563047533305	-3.19554761016175	39
16.8766761902961	-3.16038875509332	39
16.8970447880241	-3.12518614890154	39
16.9174105465145	-3.08993979158642	39
16.9377734657672	-3.05464968314796	39
16.9581335457823	-3.01931582358614	39
16.9784907865598	-2.98393821290099	39
16.9988451880996	-2.9485168510925	39
17.0191967504018	-2.91305173816066	39
17.0395454734663	-2.87754287410548	39
17.0598913572933	-2.84199025892695	39
17.0802344018825	-2.80639389262508	39
17.1005746072342	-2.77075377519986	39
17.1209119733482	-2.7350699066513	39
17.1412465002245	-2.69934228697941	39
17.1615781878633	-2.66357091618416	39
17.1819070362644	-2.62775579426557	39
17.2022330454278	-2.59189692122364	39
17.2225562153536	-2.55599429705836	39
17.2428765460418	-2.52004792176974	39
17.2631940374924	-2.48405779535777	39
17.2835086897053	-2.44802391782247	39
17.3038205026805	-2.41194628916382	39
17.3241294764182	-2.37582490938182	39
17.3444356109182	-2.33965977847648	39
17.3647389061805	-2.30345089644779	39
17.3850393622052	-2.26719826329577	39
17.4053369789923	-2.2309018790204	39
17.4256317565418	-2.19456174362168	39
17.4459236948536	-2.15817785709963	39
17.4662127939278	-2.12175021945422	39
17.4864990537643	-2.08527883068548	39
17.5067824743632	-2.04876369079339	39
17.5270630557245	-2.01220479977796	39
17.5473407978481	-1.97560215763918	39
17.5676157007341	-1.93895576437706	39
17.5878877643824	-1.9022656199916	39
17.6081569887932	-1.86553172448279	39
17.6284233739662	-1.82875407785064	39
17.6486869199017	-1.79193268009514	39
17.6689476265995	-1.7550675312163	39
17.6892054940597	-1.71815863121412	39
17.7094605222822	-1.68120598008859	39
17.7297127112671	-1.64420957783972	39
17.7499620610144	-1.60716942446751	39
17.770208571524	-1.57008551997195	39
17.790452242796	-1.53295786435304	39
17.8106930748303	-1.4957864576108	39
17.830931067627	-1.45857129974521	39
17.8511662211861	-1.42131239075628	39
17.8713985355075	-1.384009730644	39
17.8916280105913	-1.34666331940838	39
17.9118546464375	-1.30927315704942	39
17.932078443046	-1.27183924356711	39
17.9522994004169	-1.23436157896145	39
17.9725175185502	-1.19684016323246	39
17.9927327974458	-1.15927499638012	39
18.0129452371038	-1.12166607840444	39
18.0331548375241	-1.08401340930541	39
18.0533615987068	-1.04631698908304	39
18.0735655206519	-1.00857681773733	39
18.0937666033593	-0.970792895268268	39
18.1139648468291	-0.932965221675868	39
18.1341602510613	-0.895093796960126	39
18.1543528160558	-0.857178621121029	39
18.1745425418127	-0.819219694158598	39
18.1947294283319	-0.781217016072823	39
18.2149134756135	-0.743170586863705	39
18.2350946836575	-0.705080406531238	39
18.2552730524639	-0.666946475075427	39
18.2754485820326	-0.628768792496277	39
18.2956212723636	-0.590547358793785	39
18.315791123457	-0.552282173967946	39
18.3359581353128	-0.513973238018764	39
18.356122307931	-0.475620550946232	39
18.3762836413115	-0.437224112750364	39
18.3964421354544	-0.39878392343115	39
18.4165977903596	-0.360299982988593	39
18.4367506060272	-0.321772291422693	39
18.4569005824572	-0.283200848733443	39
18.4770477196495	-0.244585654920854	39
18.4971920176042	-0.205926709984922	39
18.5173334763213	-0.167224013925647	39
18.5374720958007	-0.12847756674303	39
18.5576078760425	-0.0896873684370618	39
18.5777408170467	-0.0508534190077512	39
18.5978709188132	-0.0119757184551048	39
18.617998181342	0.0269457332208916	39
18.6381226046333	0.0659109360202308	39
18.6582441886869	0.104919889942916	39
18.6783629335028	0.143972594988941	39
18.6984788390812	0.183069051158313	39
18.7185919054219	0.222209258451024	39
18.7387021325249	0.261393216867081	39
18.7588095203903	0.300620926406488	39
18.7789140690181	0.339892387069231	39
18.7990157784083	0.37920759885532	39
18.8191146485608	0.418566561764752	39
18.8392106794756	0.457969275797527	39
18.8593038711529	0.497415740953652	39
18.8793942235925	0.536905957233117	39
18.8994817367944	0.57643992463592	39
18.9195664107587	0.616017643162071	39
18.9396482454854	0.655639112811564	39
18.9597272409745	0.69530433358441	39
18.9798033972259	0.735013305480592	39
18.9998767142397	0.774766028500117	39
19.0199471920158	0.814562502642985	39
19.0400148305543	0.8544027279092	39
19.0600796298552	0.894286704298761	39
19.0801415899184	0.934214431811661	39
19.100200710744	0.974185910447904	39
19.1202569923319	1.01420114020749	39
19.1403104346822	1.05426012109043	39
19.1603610377949	1.0943628530967	39
19.18040880167	1.13450933622632	39
19.2004537263074	1.17469957047929	39
19.2204958117071	1.21493355585559	39
19.2405350578693	1.25521129235525	39
19.2605714647938	1.29553277997825	39
19.2806050324806	1.33589801872458	39
19.3006357609299	1.37630700859426	39
19.3206636501414	1.41675974958729	39
19.3406887001154	1.45725624170366	39
19.3607109108517	1.49779648494338	39
19.3807302823504	1.53838047930643	39
19.4007468146114	1.57900822479283	39
19.4207605076348	1.61967972140258	39
19.4407713614206	1.66039496913567	39
19.4607793759687	1.7011539679921	39
19.4807845512792	1.74195671797188	39
19.500786887352	1.782803219075	39
19.5207863841873	1.82369347130146	39
19.5407830417848	1.86462747465127	39
19.5607768601448	1.90560522912442	39
19.5807678392671	1.94662673472092	39
19.6007559791518	1.98769199144076	39
19.6207412797988	2.02880099928394	39
19.6407237412082	2.06995375825047	39
19.6607033633799	2.11115026834034	39
19.6806801463141	2.15239052955355	39
19.7006540900105	2.1936745418901	39
19.7206251944694	2.23500230535	39
19.7405934596906	2.27637381993326	39
19.7605588856742	2.31778908563984	39
19.7805214724201	2.35924810246977	39
19.8004812199284	2.40075087042305	39
19.8204381281991	2.44229738949967	39
19.8403921972321	2.48388765969964	39
19.8603434270275	2.52552168102294	39
19.8802918175853	2.56719945346959	39
19.9002373689054	2.60892097703959	39
19.9201800809878	2.65068625173292	39
19.9401199538327	2.69249527754961	39
19.9600569874399	2.73434805448964	39
19.9799911818095	2.77624458255301	39
19.9999225369414	2.81818486173972	39
20.0198510528357	2.86016889204977	39
20.0397767294924	2.90219667348318	39
20.0596995669114	2.94426820603993	39
20.0796195650928	2.98638348972001	39
20.0995367240365	3.02854252452344	39
20.1194510437426	3.07074531045022	39
20.1393625242111	3.11299184750035	39
20.1592711654419	3.15528213567381	39
20.1791769674351	3.19761617497061	39
20.1990799301907	3.23999396539076	39
20.2189800537086	3.28241550693426	39
20.2388773379889	3.3248807996011	39
20.2587717830316	3.36738984339128	39
20.2786633888366	3.40994263830481	39
20.298552155404	3.45253918434167	39
20.3184380827337	3.49517948150189	39
20.3383211708258	3.53786352978545	39
20.3582014196803	3.58059132919235	39
20.3780788292971	3.6233628797226	39
20.3979533996763	3.66617818137618	39
20.4178251308179	3.70903723415312	39
20.4376940227218	3.75194003805339	39
20.4575600753881	3.79488659307701	39
20.4774232888167	3.83787689922398	39
20.4972836630077	3.88091095649428	39
20.5171411979611	3.92398876488794	39
20.5369958936768	3.96711032440493	39
20.5568477501549	4.01027563504527	39
20.5766967673954	4.05348469680895	39
20.5965429453982	4.09673750969598	39
20.6163862841634	4.14003407370635	39
20.636226783691	4.18337438884006	39
20.6560644439809	4.22675845509712	39
20.6758992650332	4.27018627247752	39
20.6957312468478	4.31365784098126	39
20.7155603894248	4.35717316060835	39
20.7353866927642	4.40073223135879	39
20.7552101568659	4.44433505323256	39
20.77503078173	4.48798162622968	39
20.7948485673565	4.53167195035014	39
20.8146635137453	4.57540602559396	39
20.8344756208965	4.6191838519611	39
20.85428488881	4.6630054294516	39
20.8740913174859	4.70687075806544	39
20.8938949069242	4.75077983780262	39
20.9136956571248	4.79473266866315	39
20.9334935680878	4.83872925064702	39
20.9532886398132	4.88276958375423	39
20.9730808723009	4.92685366798479	39
20.992870265551	4.97098150333869	39
21.0126568195635	5.01515308981594	39
21.0324405343383	5.05936842741652	39
21.0522214098755	5.10362751614046	39
21.071999446175	5.14793035598773	39
21.0917746432369	5.19227694695835	39
21.1115470010612	5.23666728905232	39
21.1313165196478	5.28110138226962	39
21.1510831989968	5.32557922661027	39
21.1708470391082	5.37010082207427	39
21.1906080399819	5.4146661686616	39
21.210366201618	5.45927526637229	39
21.2301215240164	5.50392811520632	39
21.2498740071772	5.54862471516368	39
21.2696236511004	5.5933650662444	39
21.2893704557859	5.63814916844845	39
21.3091144212338	5.68297702177586	39
21.3288555474441	5.7278486262266	39
21.3485938344167	5.77276398180069	39
21.3683292821517	5.81772308849812	39
21.3880618906491	5.8627259463189	39
21.4077916599088	5.90777255526302	39
21.4275185899309	5.95286291533048	39
21.4472426807153	5.99799702652129	39
21.4669639322621	6.04317488883544	39
21.4866823445713	6.08839650227294	39
21.5063979176428	6.13366186683378	39
21.5261106514767	6.17897098251796	39
21.545820546073	6.22432384932548	39
21.5655276014316	6.26972046725635	39
21.5852318175526	6.31516083631056	39
21.6049331944359	6.36064495648812	39
21.6246317320816	6.40617282778903	39
21.6443274304897	6.45174445021327	39
21.6640202896601	6.49735982376085	39
21.6837103095929	6.54301894843179	39
21.7033974902881	6.58872182422607	39
21.7230818317456	6.63446845114368	39
21.7427633339655	6.68025882918465	39
21.7624419969478	6.72609295834896	39
21.7821178206924	6.77197083863661	39
21.8017908051994	6.8178924700476	39
21.8214609504687	6.86385785258194	39
21.8411282565004	6.90986698623962	39
21.8607927232945	6.95591987102065	39
21.8804543508509	7.00201650692502	39
21.9001131391697	7.04815689395274	39
21.9197690882508	7.09434103210379	39
21.9394221980944	7.14056892137819	39
21.9590724687003	7.18684056177593	39
21.9787199000685	7.23315595329703	39
21.9983644921991	7.27951509594146	39
22.0180062450921	7.32591798970923	39
22.0376451587474	7.37236463460035	39
22.0572812331651	7.41885503061481	39
22.0769144683452	7.46538917775263	39
22.0965448642876	7.51196707601378	39
22.1161724209924	7.55858872539827	39
22.1357971384595	7.60525412590611	39
22.1554190166891	7.65196327753728	39
22.1750380556809	7.69871618029182	39
22.1946542554352	7.74551283416969	39
22.2142676159518	7.7923532391709	39
22.2185920246729	7.80246262378052	39
22.2230746912143	7.81250283636049	39
22.2277145095452	7.82247139963857	39
22.2325103348597	7.83236585402096	39
22.2374609838598	7.84218375819906	39
22.2425652350469	7.85192268975196	39
22.2478218290233	7.861580245744	39
22.2532294688033	7.87115404331776	39
22.2587868201324	7.88064172028194	39
22.2644925118176	7.89004093569422	39
22.2703451360647	7.89934937043883	39
22.2763432488263	7.9085647277988	39
22.2824853701578	7.91768473402257	39
22.2887699845827	7.9267071388851	39
22.2951955414664	7.93562971624296	39
22.3017604553988	7.94445026458374	39
22.3084631065858	7.95316660756908	39
22.3153018412484	7.96177659457179	39
22.3222749720312	7.97027810120643	39
22.3293807784185	7.97866902985342	39
22.3366175071589	7.9869473101767	39
22.3439833726979	7.99511089963444	39
22.3514765576183	8.00315778398311	39
22.3590952130889	8.01108597777441	39
22.3668374593205	8.01889352484515	39
22.3747013860297	8.02657849879993	39
22.3826850529102	8.03413900348639	39
22.3907864901116	8.04157317346316	39
22.3990036987257	8.04887917446001	39
22.407334651279	8.05605520383054	39
22.4157772922338	8.06309949099686	39
22.4243295384946	8.07001029788654	39
22.4329892799228	8.07678591936137	39
22.4417543798566	8.08342468363814	39
22.4506226756389	8.08992495270111	39
22.4595919791503	8.09628512270615	39
22.4686600773494	8.10250362437648	39
22.4778247328187	8.10857892338986	39
22.4870836843165	8.11450952075717	39
22.4964346473352	8.12029395319226	39
22.5058753146645	8.12593079347296	39
22.515403356961	8.13141865079329	39
22.5250164233229	8.13675617110656	39
22.5347121418698	8.14194203745951	39
22.5444881203284	8.14697497031723	39
22.5543419466222	8.15185372787882	39
22.564271189467	8.15657710638386	39
22.5742733989707	8.1611439404094	39
22.5843461072377	8.16555310315746	39
22.5944868289782	8.16980350673311	39
22.6046930621206	8.17389410241287	39
22.6149622884297	8.17782388090347	39
22.6252919741275	8.18159187259086	39
22.6356795705187	8.18519714777949	39
22.6461225146194	8.18863881692164	39
22.6566182297892	8.19191603083695	39
22.6671641263675	8.19502798092192	39
22.6777576023122	8.19797389934944	39
22.6883960438416	8.20075305925822	39
22.6990768260794	8.20336477493213	39
22.7097973137024	8.20580840196941	39
22.7205548615908	8.20808333744166	39
22.7313468154804	8.21018902004258	39
22.7421705126183	8.21212493022651	39
22.7530232824191	8.21389059033657	39
22.7639024471242	8.21548556472255	39
22.7748053224625	8.21690945984839	39
22.7857292183127	8.21816192438927	39
22.796671439367	8.2192426493183	39
22.807629285796	8.22015136798279	39
22.8186000539151	8.22088785617	39
22.8295810368514	8.22145193216249	39
22.8405695252116	8.22184345678295	39
22.8515628077508	8.22206233342853	39
22.862558172041	8.22210850809471	39
22.8735529051404	8.22198196938856	39
22.8845442942634	8.22168274853163	39
22.8955296274489	8.22121091935218	39
22.9065061942306	8.22056659826701	39
22.9174712863047	8.21974994425269	39
22.9284221981988	8.21876115880639	39
22.9393562279394	8.21760048589613	39
22.9502706777182	8.21626821190057	39
22.961162854558	8.21476466553838	39
22.9720300709772	8.21309021778714	39
22.9828696456527	8.21124528179178	39
22.9936789040816	8.20923031276263	39
23.0044551792413	8.20704580786316	39
23.015195812247	8.20469230608727	39
23.0258981530083	8.20217038812631	39
23.0365595608827	8.19948067622578	39
23.0471774053274	8.19662383403186	39
23.0577490665481	8.19360056642762	39
23.0682719361457	8.19041161935909	39
23.0787434177594	8.18705777965124	39
23.0891609277079	8.18353987481385	39
23.0995218956265	8.17985877283729	39
23.1098237651015	8.17601538197838	39
23.1200639943005	8.17201065053631	39
23.1302400566004	8.16784556661866	39
23.1403494412101	8.16352115789754	39
23.15038965379	8.15903849135611	39
23.1603582170681	8.15439867302524	39
23.1702526714505	8.1496028477107	39
23.1800705756286	8.14465219871062	39
23.1898095071815	8.13954794752355	39
23.1994670631736	8.13429135354711	39
23.2090408607473	8.12888371376719	39
23.2185285377115	8.12332636243801	39
23.2279277531238	8.11762067075284	39
23.2372361878684	8.11176804650573	39
23.2464515452283	8.10576993374413	39
23.2555715514521	8.09962781241263	39
23.2645939563146	8.09334319798776	39
23.2735165336725	8.08691764110408	39
23.2823370820133	8.08035272717161	39
23.2910534249986	8.07365007598462	39
23.2996634120013	8.066811341322	39
23.308164918636	8.05983821053921	39
23.316555847283	8.05273240415192	39
23.3248341276062	8.04549567541153	39
23.332997717064	8.03812980987257	39
23.3410446014127	8.03063662495215	39
23.348972795204	8.02301796948151	39
23.3567803422747	8.01527572324991	39
23.3644653162295	8.00741179654075	39
23.3720258209159	7.99942812966027	39
23.3794599908927	7.99132669245881	39
23.3867659918896	7.98310948384477	39
23.3939420212601	7.97477853129143	39
23.4009863084264	7.96633589033668	39
23.4078971153161	7.95778364407582	39
23.4146727367909	7.94912390264768	39
23.4213115010677	7.94035880271385	39
23.4278117701307	7.93149050693159	39
23.4341719401357	7.92252120342019	39
23.440390441806	7.91345310522107	39
23.4464657408194	7.9042884497518	39
23.4523963381867	7.89502949825395	39
23.4581807706218	7.88567853523528	39
23.4638176109025	7.87623786790598	39
23.4693054682228	7.86670982560945	39
23.4746429885361	7.85709675924758	39
23.4798288548891	7.84740104070061	39
23.4848617877468	7.83762506224204	39
23.4897405453084	7.82777123594827	39
23.4944639238134	7.81784199310349	39
23.4990307578389	7.80783978359979	39
23.503439920587	7.79776707533271	39
23.5076903241627	7.78762635359229	39
23.5117809198424	7.77742012044987	39
23.515710698333	7.76715089414078	39
23.5194786900204	7.75682120844292	39
23.523083965209	7.7464336120517	39
23.5265256343512	7.73599066795109	39
23.5298028482665	7.72549495278127	39
23.5329147983515	7.71494905620292	39
23.535860716779	7.70435558025822	39
23.5386398766878	7.69371713872884	39
23.5412515923617	7.68303635649104	39
23.543695219399	7.67231586886802	39
23.5459701548712	7.66155832097969	39
23.5480758374721	7.65076636709002	39
23.5500117476561	7.63994266995215	39
23.5517774077661	7.62908990015138	39
23.5533723821521	7.61821073544628	39
23.5547962772779	7.60730786010795	39
23.5560487418188	7.59638396425773	39
23.5571294667479	7.58544174320347	39
23.5580381854123	7.57448389677447	39
23.5587746735996	7.56351312865539	39
23.559338749592	7.55253214571909	39
23.5597302742125	7.5415436573588	39
23.5599491508581	7.5305503748196	39
23.5599953255243	7.51955501052947	39
23.5598687868181	7.50856027743	39
23.5595695659612	7.49756888830709	39
23.5590977367817	7.48658355512151	39
23.5584534156966	7.47560698833987	39
23.5576367616822	7.46464189626577	39
23.5566479762359	7.4536909843716	39
23.5554873033257	7.44275695463102	39
23.5541550293301	7.43184250485225	39
23.5526514829679	7.42095032801245	39
23.5509770352167	7.41008311159329	39
23.5491320992213	7.39924353691779	39
23.5471171301922	7.38843427848882	39
23.5449326252927	7.37765800332916	39
23.5425791235168	7.36691737032344	39
23.5400572055559	7.35621502956215	39
23.5373674936553	7.34555362168773	39
23.5345106514614	7.33493577724304	39
23.5314873838572	7.32436411602232	39
23.5282984367886	7.31384124642478	39
23.5249445970808	7.30336976481105	39
23.5214266922434	7.29295225486253	39
23.5177455902668	7.2825912869439	39
23.5139021994079	7.27228941746898	39
23.5098974679659	7.26204918826991	39
23.5057795400005	7.2519858316473	39
23.5016396215478	7.24208874190468	39
23.497038167462	7.23108828304638	39
23.492750734147	7.22083853942575	39
23.4869576987967	7.20698943688517	39
23.4820983429133	7.19537243828644	39
23.4763217813269	7.18156273341173	39
23.4695214294947	7.16530552107067	39
23.4615876119138	7.14633861209118	39
23.4571606969438	7.13575545503384	39
23.4524082214445	7.12439400570791	39
23.4473159002502	7.1122201145825	39
23.4418693786338	7.0991994659507	39
23.43605425291	7.08529762719171	39
23.4298560910392	7.07048009803299	39
23.4232604532317	7.05471235981241	39
23.4162529125513	7.03795992474033	39
23.4088190755193	7.02018838516182	39
23.4009446027183	7.00136346281872	39
23.3926152293958	6.98145105811187	39
23.3838167860685	6.96041729936317	39
23.374535219126	6.93822859207771	39
23.3647566114345	6.914851668206	39
23.3544672029407	6.89025363540603	39
23.343653411276	6.86440202630544	39
23.3323018523598	6.83726484776364	39
23.3203993610039	6.80881063013396	39
23.3079330115158	6.77900847652582	39
23.2948901383031	6.74782811206678	39
23.281258356477	6.71523993316478	39
23.2670255824564	6.68121505677023	39
23.2521800545715	6.64572536963814	39
23.2367103536678	6.60874357759027	39
23.22060542371	6.57024325477731	39
23.2038545923859	6.53019889294095	39
23.1864475917099	6.48858595067603	39
23.1683745786274	6.44538090269272	39
23.1496261556182	6.40056128907865	39
23.1301933913006	6.35410576456105	39
23.1100678410352	6.30599414776879	39
23.0892415675287	6.2562074704947	39
23.0677071614379	6.20472802695757	39
23.0454577619734	6.15153942306432	39
23.0224870775034	6.09662662567219	39
22.9987894061581	6.03997601185078	39
22.9743596564326	5.98157541814434	39
22.9491933677917	5.92141418983369	39
22.9232867312732	5.85948323019859	39
22.8966366100919	5.79577504977972	39
22.8692405601441	5.73028381540317	39
22.8410968457215	5.66300538774814	39
22.8122044378617	5.59393731738954	39
22.7825630030443	5.5230788177523	39
22.7521728912629	5.45043073657173	39
22.7210351240963	5.37599552735406	39
22.6891513827803	5.29977722083663	39
22.6565239962793	5.22178139644837	39
22.6231559293579	5.14201515377005	39
22.5890507706524	5.06048708399464	39
22.5542127207424	4.97720724138776	39
22.5186465802224	4.89218711474791	39
22.4823577377735	4.80543959886693	39
22.445352158235	4.71697896599026	39
22.4076363706757	4.62682083727735	39
22.3692174564658	4.53498215426201	39
22.3301030373483	4.44148115031268	39
22.2903012635109	4.3463373220929	39
22.2498208016572	4.24957140102163	39
22.2086708230784	4.15120532473358	39
22.166860991725	4.05126220853944	39
22.1244014522786	3.94976631688656	39
22.0813028182229	3.84674303481899	39
22.0375761599158	3.74221883943789	39
21.9932329926607	3.63622127136202	39
21.9482852647784	3.52877890618797	39
21.9027453456783	3.4199213259506	39
21.8566260139304	3.30967909058321	39
21.8099404453366	3.19808370937814	39
21.7627022010023	3.08516761244697	39
21.7149252154081	2.97096412218091	39
21.6666237844816	2.85550742471112	39
21.6178125536683	2.73883254136912	39
21.5685065060042	2.62097530014714	39
21.5187209501864	2.50197230715832	39
21.4684715086452	2.38186091809732	39
21.4177741056159	2.26067920970048	39
21.3666449552098	2.13846595120625	39
21.3151005494863	2.01526057581554	39
21.2631576465242	1.8911031521519	39
21.2108332584935	1.76603435572233	39
21.1581446397267	1.64009544037701	39
21.1051092747907	1.51332820977017	39
21.0517448665584	1.38577498882016	39
20.9980693242798	1.25747859516992	39
20.9441007516543	1.12848231064734	39
20.8898574349017	0.9988298527254	39
20.8353578308342	0.868565345982873	39
20.7806205549278	0.737733293564418	39
20.7256643693938	0.606378548641008	39
20.6705081712507	0.474546285870304	39
20.6151709803954	0.34228197285697	39
20.5596719276751	0.209631341613086	39
20.5040302429587	0.0766403600183381	39
20.4482652432087	-0.0566447967193895	39
20.3923963205523	-0.190177774603839	39
20.3364429303535	-0.32391206938992	39
20.2804245792841	-0.457801055123529	39
20.2243608133961	-0.591798012681011	39
20.1682712061925	-0.725856158308737	39
20.1121753466994	-0.859928672163029	39
20.0560928275389	-0.993968726839075	39
20.0000432330102	-1.12792951585237	39
19.9440461271752	-1.26176428208568	39
19.8881210419452	-1.39542634623317	39
19.8322874651675	-1.52886913524414	39
19.7765648287119	-1.66204621076712	39
19.7209724965571	-1.79491129759386	39
19.6655297528773	-1.92741831210319	39
19.6102557901287	-2.05952139070511	39
19.5551696971362	-2.19117491828459	39
19.5002904471796	-2.3223335566458	39
19.4456368860802	-2.45295227295578	39
19.3912277202876	-2.58298636818855	39
19.3370815049659	-2.71239150556909	39
19.2832166320805	-2.84112373901721	39
19.2296513184842	-2.96913954159172	39
19.1764035940042	-3.09639583393413	39
19.1234912895284	-3.22285001271276	39
19.0709320250917	-3.3484599790667	39
19.018743197963	-3.47318416704974	39
18.9669419707314	-3.59698157207437	39
18.9155452593928	-3.71981177935569	39
18.8645697214363	-3.84163499235551	39
18.8140317439309	-3.96241206122612	39
18.763947431612	-4.08210451125437	39
18.7143325949679	-4.2006745713056	39
18.6652027383261	-4.31808520226774	39
18.6165730479402	-4.43430012549497	39
18.5684583800762	-4.54928385125196	39
18.5208732490991	-4.6630017071578	39
18.4738318155592	-4.77541986662984	39
18.427347874279	-4.88650537732773	39
18.3814348424395	-4.99622618959735	39
18.3361057476664	-5.10455118491493	39
18.2913732161176	-5.21145020433075	39
18.2472494605684	-5.31689407691329	39
18.2037462684992	-5.42085464819316	39
18.1608749901814	-5.52330480860705	39
18.1186465267638	-5.62421852194168	39
18.0770713183597	-5.72357085377777	39
18.036159332133	-5.82133799993408	39
17.9959200503846	-5.91749731491127	39
17.9563624586394	-6.01202734033588	39
17.9174950337324	-6.10490783340438	39
17.8793257318954	-6.19611979532697	39
17.8418619768434	-6.28564549977185	39
17.8051106478616	-6.37346852130872	39
17.769078067891	-6.45957376385324	39
17.7337699916157	-6.54394748911064	39
17.6991915935493	-6.62657734501984	39
17.6653474561211	-6.70745239419739	39
17.6322415577629	-6.7865631423814	39
17.5998772609954	-6.8639015668756	39
17.5682573005149	-6.93946114499317	39
17.5373837712794	-7.0132368825008	39
17.5072581165957	-7.08522534206262	39
17.4778811162054	-7.15542467168418	39
17.4492528743719	-7.22383463315639	39
17.4213728079663	-7.29045663049952	39
17.394239634569	-7.35529373837273	39
17.3678513629547	-7.41835072478801	39
17.3422052985142	-7.47963403814752	39
17.3172980621504	-7.53915176209571	39
17.2931256108451	-7.59691356638202	39
17.2696832582294	-7.65293065771236	39
17.2469656951554	-7.70721573060056	39
17.2249670102667	-7.75978291822007	39
17.20368071057	-7.81064774325529	39
17.1830997420055	-7.85982706875322	39
17.1632165100186	-7.90733904897487	39
17.1440229001303	-7.9532030802469	39
17.1255102985088	-7.99743975181305	39
17.1076696125403	-8.04007079668567	39
17.0904912914	-8.08111904249728	39
17.0739653466233	-8.12060836235205	39
17.0580813726765	-8.15856362567734	39
17.0428285675283	-8.1950106490752	39
17.0281957532207	-8.22997614717392	39
17.0141713964399	-8.26348768347952	39
17.0007436290873	-8.29557362122728	39
16.9879002688509	-8.32626307423323	39
16.975628839776	-8.35558585774577	39
16.9639165928364	-8.38357243929703	39
16.9527505265053	-8.41025388955455	39
16.9421174073266	-8.43566183317267	39
16.9320037904856	-8.45982839964412	39
16.9223960403806	-8.48278617415155	39
16.9132803511933	-8.50456814841897	39
16.9046427674601	-8.52520767156337	39
16.8964692046433	-8.54473840094617	39
16.888745469702	-8.56319425302475	39
16.8814572816632	-8.58060935420398	39
16.8745902921928	-8.59701799168777	39
16.8681301061665	-8.6124545643305	39
16.8620623022412	-8.62695353348863	39
16.8563724534257	-8.64054937387219	39
16.8510461476521	-8.65327652439628	39
16.8460690083464	-8.6651693390326	39
16.8414267149999	-8.67626203766097	39
16.83710502374	-8.68658865692088	39
16.8330897879015	-8.69618300106294	39
16.8259227052906	-8.71330862416092	39
16.8198150196901	-8.72790282554086	39
16.8146591554865	-8.74022266006444	39
16.8103510672026	-8.75051674611775	39
16.8052613845571	-8.76267843040918	39
16.8005528228817	-8.7739294310899	39
16.7966331310895	-8.78329544427422	39
16.7927268127307	-8.79262950192056	39
16.7886380022746	-8.80239725809291	39
16.7846400019476	-8.81193482106929	39
16.7806310551831	-8.82147988747433	39
16.7765804848057	-8.831104136908	39
16.7716622827451	-8.84276332806058	39
16.7673353126477	-8.85299762120149	39
16.7624053370818	-8.86463265114657	39
16.7568204074117	-8.87778199876607	39
16.7527069629519	-8.88744637093046	39
16.7482626072017	-8.89786943645479	39
16.7434709675647	-8.90908585998484	39
16.7383154472857	-8.9211304459954	39
16.7327792408776	-8.93403808508589	39
16.7268453495493	-8.947843700276	39
16.7204965966329	-8.96258219330128	39
16.7137156430112	-8.97828839090886	39
16.7064850025451	-8.99499699115299	39
16.6987870575012	-9.01274250969073	39
16.6947573080346	-9.02201483637198	39
16.6906040739791	-9.03155922607754	39
16.686325122977	-9.0413799180501	39
16.6819182173388	-9.05148113006295	39
16.677381114525	-9.06186705674174	39
16.6727115676284	-9.07254186788618	39
16.667907325856	-9.08350970679181	39
16.6629661350113	-9.09477468857173	39
16.6578857379764	-9.10634089847834	39
16.6526638751938	-9.11821239022508	39
16.6472982851491	-9.13039318430815	39
16.6417867048525	-9.14288726632827	39
16.6361268703212	-9.15569858531243	39
16.6303165170615	-9.16883105203557	39
16.624353380551	-9.18228853734239	39
16.6182351967205	-9.19607487046906	39
16.611959702436	-9.21019383736493	39
16.6055246359814	-9.2246491790143	39
16.5989277375399	-9.23944458975819	39
16.5921667496765	-9.25458371561599	39
16.5852394178202	-9.27007015260727	39
16.5781434907456	-9.2859074450735	39
16.5708767210556	-9.30209908399979	39
16.5634368656632	-9.31864850533661	39
16.5558216862736	-9.33555908832156	39
16.5480289498665	-9.35283415380108	39
16.5400564291778	-9.3704769625522	39
16.5319019031824	-9.38849071360431	39
16.5235631575756	-9.40687854256081	39
16.5150379852554	-9.42564351992096	39
16.506324186805	-9.44478864940151	39
16.4974195709744	-9.46431686625856	39
16.4883219551629	-9.48423103560916	39
16.4790291659008	-9.50453395075317	39
16.4695390393319	-9.52522833149494	39
16.4598494216955	-9.54631682246504	39
16.4499581698082	-9.56780199144201	39
16.4398631515465	-9.58968632767414	39
16.4295622463286	-9.61197224020113	39
16.4190533455966	-9.63466205617591	39
16.4083343532984	-9.65775801918629	39
16.3974031863703	-9.6812622875768	39
16.3862577752185	-9.70517693277035	39
16.3748960642017	-9.72950393758998	39
16.363316012113	-9.75424519458064	39
16.3515155926619	-9.77940250433089	39
16.3394927949566	-9.80497757379465	39
16.3272456239861	-9.83097201461294	39
16.3147721011022	-9.8573873414356	39
16.3020702645016	-9.88422497024309	39
16.2891381697081	-9.91148621666812	39
16.2759738900547	-9.93917229431751	39
16.2625755171656	-9.96728431309383	39
16.2489411614385	-9.99582327751723	39
16.2350689525265	-10.0247900850471	39
16.2209570398203	-10.0541855244037	39
16.2066035929304	-10.0840102738903	39
16.1920068021689	-10.1142648997145	39
16.1771648790321	-10.1449498543102	39
16.1620760566822	-10.176065474659	39
16.1467385904295	-10.2076119806126	39
16.1311507582146	-10.2395894732138	39
16.1153108610904	-10.2719979330188	39
16.0992172237043	-10.3048372184186	39
16.0828681947803	-10.3381070639608	39
16.0662621476011	-10.3718070786716	39
16.04939748049	-10.4059367443771	39
16.0322726172934	-10.4404954140254	39
16.0148860078626	-10.4754823100082	39
15.9972361285361	-10.5108965224824	39
15.9793214826215	-10.5467370076922	39
15.9611406008777	-10.5830025862906	39
15.9426920419972	-10.6196919416609	39
15.9239743930879	-10.656803618239	39
15.9049862701554	-10.6943360198347	39
15.8857263185851	-10.7322874079535	39
15.8661932136241	-10.7706559001188	39
15.8463856608486	-10.809439468323	39
15.8263023964753	-10.8486359388356	39
15.8059421874616	-10.8882429938451	39
15.785303831564	-10.9282581734719	39
15.7643861573953	-10.9686788777841	39
15.7431880244822	-11.0095023688146	39
15.721708323323	-11.0507257725765	39
15.6999459754451	-11.0923460810806	39
15.6778999334621	-11.1343601543507	39
15.6555691811322	-11.1767647224408	39
15.6329527334148	-11.2195563874507	39
15.6100496365288	-11.2627316255432	39
15.5868589680094	-11.3062867889598	39
15.5633798367665	-11.3502181080374	39
15.5396113831414	-11.3945216932244	39
15.5155527789649	-11.4391935370976	39
15.4912032276145	-11.4842295163778	39
15.4665619640721	-11.5296253939469	39
15.4416282549816	-11.5753768208637	39
15.4164013987062	-11.6214793383807	39
15.3908807253863	-11.6679283799602	39
15.3650655969964	-11.7147192732907	39
15.3389554074035	-11.7618472423034	39
15.3125495824238	-11.8093074091884	39
15.2858475798808	-11.8570947964111	39
15.2588488896626	-11.9052043287288	39
15.2315530337796	-11.9536308352067	39
15.2039595664215	-12.0023690512345	39
15.1760680740158	-12.0514136205426	39
15.1478781752844	-12.1007590972189	39
15.1193895213016	-12.1503999477244	39
15.0906017955516	-12.2003305529104	39
15.0615147139859	-12.2505452100343	39
15.032128025081	-12.3010381347761	39
15.0024415098957	-12.3518034632548	39
14.9724549821291	-12.402835254045	39
14.9421682881774	-12.4541274901928	39
14.9115813071922	-12.5056740812325	39
14.8806939511375	-12.5574688652028	39
14.8495061648474	-12.6095056106635	39
14.8180179260837	-12.6617780187112	39
14.7862292455935	-12.7142797249965	39
14.7541401671666	-12.7670043017396	39
14.7217507676927	-12.8199452597472	39
14.6890611572198	-12.8730960504287	39
14.656071479011	-12.9264500678123	39
14.6227819096021	-12.980000650562	39
14.5891926588596	-13.0337410839932	39
14.5553039700377	-13.0876646020897	39
14.5211161198361	-13.1417643895197	39
14.4866294184576	-13.1960335836522	39
14.4518442096655	-13.2504652765736	39
14.416760870841	-13.3050525171039	39
14.3813798130411	-13.359788312813	39
14.3457014810559	-13.4146656320371	39
14.309726353466	-13.4696774058952	39
14.2734549427003	-13.5248165303053	39
14.2368877950937	-13.580075868001	39
14.2000254909439	-13.6354482505476	39
14.1628686445696	-13.6909264803585	39
14.1254179043681	-13.7465033327118	39
14.0876739528721	-13.8021715577664	39
14.049637506808	-13.8579238825786	39
14.0113093171532	-13.9137530131181	39
13.9726901691933	-13.9696516362849	39
13.9337808825802	-14.0256124219251	39
13.8945823113891	-14.0816280248479	39
13.8550953441764	-14.1376910868412	39
13.8153209040371	-14.1937942386888	39
13.7752599486624	-14.2499301021858	39
13.734913470397	-14.3060912921562	39
13.694282496297	-14.3622704184679	39
13.6533680881872	-14.4184600880502	39
13.6121713427186	-14.4746529069096	39
13.5706933914262	-14.5308414821462	39
13.528935400786	-14.5870184239701	39
13.4868985722733	-14.643176347718	39
13.4445841424195	-14.6993078758692	39
13.4019933828701	-14.7554056400623	39
13.3591276004422	-14.8114622831113	39
13.3159881371816	-14.8674704610221	39
13.272576370421	-14.9234228450088	39
13.2288937128369	-14.9793121235102	39
13.1849416125076	-15.035131004206	39
13.1407215529705	-15.0908722160334	39
13.0962350532797	-15.146528511203	39
13.0514836680636	-15.2020926672159	39
13.0064689875822	-15.2575574888793	39
12.9611926377849	-15.3129158103232	39
12.9156562803679	-15.3681604970172	39
12.8698616128318	-15.4232844477859	39
12.823810368539	-15.4782805968261	39
12.7775043167715	-15.5331419157229	39
12.7309452627882	-15.587861415466	39
12.6841350478823	-15.642432148466	39
12.6370755494392	-15.696847210571	39
12.5897686809941	-15.7510997430829	39
12.5422163922888	-15.8051829347735	39
12.4944206693301	-15.8590900239013	39
12.4463835344469	-15.9128143002275	39
12.3981070463478	-15.9663491070326	39
12.3495933001785	-16.0196878431325	39
12.3008444275797	-16.0728239648954	39
12.2518625967442	-16.1257509882575	39
12.2026500124748	-16.1784624907397	39
12.1532089162417	-16.2309521134641	39
12.1035415862397	-16.2832135631701	39
12.0536503374464	-16.3352406142309	39
12.0035375216792	-16.3870271106699	39
11.953205527653	-16.4385669681769	39
11.902656781038	-16.4898541761246	39
11.8518937445166	-16.5408827995851	39
11.8009189178415	-16.591646981346	39
11.749734837893	-16.6421409439267	39
11.6983440787368	-16.6923589915953	39
11.646749251681	-16.7422955123844	39
11.5949530053342	-16.7919449801077	39
11.5429580256625	-16.8413019563763	39
11.4907670360477	-16.8903610926152	39
11.4383827973441	-16.9391171320795	39
11.3858081079365	-16.987564911871	39
11.3330458037979	-17.0356993649542	39
11.2800987585463	-17.083515522173	39
11.2269698835029	-17.131008514267	39
11.1736621277496	-17.1781735738877	39
11.120178478186	-17.225006037615	39
11.0665219595876	-17.2715013479735	39
11.0126956346629	-17.317655055449	39
10.9587026041111	-17.3634628205049	39
10.9045460066794	-17.4089204155981	39
10.8502290192211	-17.454023727196	39
10.7957548567524	-17.4987687577924	39
10.7411267725105	-17.5431516279243	39
10.686348058011	-17.5871685781878	39
10.6314220431051	-17.6308159712546	39
10.5763520960377	-17.6740902938886	39
10.5211416235043	-17.7169881589622	39
10.4657940707092	-17.7595063074723	39
10.4103129214225	-17.8016416105573	39
10.354701698037	-17.8433910715091	39
10.2989639615328	-17.8847518274496	39
10.2431033109898	-17.9257211493406	39
10.1871233827648	-17.9662964407643	39
10.1310278496382	-18.0064752365877	39
10.0748204199595	-18.0462552016257	39
10.0185048367932	-18.0856341293054	39
9.96208487706492	-18.1246099403292	39
9.90556435070712	-18.1631806813388	39
9.84894709980519	-18.2013445235786	39
9.79223699774324	-18.2390997615598	39
9.73543794835008	-18.2764448117235	39
9.67855388504511	-18.3133782111049	39
9.62158876998427	-18.3498986159965	39
9.56454659320589	-18.3860048006123	39
9.50743137177671	-18.4216956557507	39
9.45024714893768	-18.4569701874591	39
9.39299799324998	-18.4918275156968	39
9.33568799774089	-18.526266872999	39
9.27832127904969	-18.5602876031405	39
9.2209019765736	-18.5938891597992	39
9.16343425161372	-18.6270711052199	39
9.1059222865209	-18.6598331088779	39
9.04837028384168	-18.6921749461427	39
8.99078246546423	-18.7240964969417	39
8.93316307176421	-18.7555977444236	39
8.87551636075076	-18.7866787736227	39
8.81784660721234	-18.8173397701216	39
8.76015810186273	-18.8475810187159	39
8.70245515048685	-18.8774029020771	39
8.64474207308678	-18.9068058994167	39
8.5870232030276	-18.9357905851496	39
8.52930288618334	-18.964357627558	39
8.4715854800829	-18.9925077874548	39
8.41387535305596	-19.0202419168475	39
8.35617688337888	-19.0475609576017	39
8.29849445842065	-19.0744659401051	39
8.2408324737888	-19.1009579819305	39
8.18319533247527	-19.1270382865003	39
8.12558744400242	-19.1527081417493	39
8.06801322356884	-19.1779689187893	39
8.01047709119536	-19.2028220705718	39
7.95298347087091	-19.2272691305524	39
7.89553678969846	-19.2513117113543	39
7.83814147704092	-19.2749515034316	39
7.78080196366709	-19.2981902737335	39
7.72352268089754	-19.3210298643674	39
7.66630805975054	-19.3434721912632	39
7.60916253008802	-19.3655192428365	39
7.55209051976139	-19.3871730786522	39
7.49509645375755	-19.4084358280888	39
7.43818475334478	-19.4293096890012	39
7.38135983521862	-19.4497969263852	39
7.32462611064785	-19.4698998710403	39
7.26798798462035	-19.4896209182343	39
7.21144985498905	-19.5089625263663	39
7.15501611161784	-19.5279272156304	39
7.09869113552749	-19.5465175666798	39
7.04247929804157	-19.5647362192901	39
6.98638495993232	-19.5825858710231	39
6.93041247056667	-19.6000692758902	39
6.87456616705204	-19.6171892430166	39
6.81885037338234	-19.6339486353046	39
6.76326939958387	-19.6503503680971	39
6.7078275408612	-19.6663974078418	39
6.65252907674313	-19.6820927707544	39
6.59737827022858	-19.6974395214824	39
6.54237936693255	-19.7124407717689	39
6.48753659423196	-19.7270996791161	39
6.43285416041164	-19.7414194454489	39
6.37833625381022	-19.755403315779	39
6.32398704196604	-19.7690545768679	39
6.26981067076309	-19.7823765558912	39
6.21581126357688	-19.7953726191018	39
6.16199292042043	-19.8080461704939	39
6.10835971709013	-19.8204006504665	39
6.05491570431164	-19.832439534487	39
6.00166490688591	-19.8441663317549	39
5.94861132283496	-19.8555845838658	39
5.89575892254792	-19.8666978634744	39
5.84311164792685	-19.8775097729589	39
5.79067341153272	-19.8880239430842	39
5.73844809573132	-19.8982440316655	39
5.68643955183914	-19.9081737222323	39
5.63465159926932	-19.9178167226921	39
5.58308802467757	-19.9271767639936	39
5.53175258110807	-19.9362575987907	39
5.48064898713938	-19.9450630001063	39
5.42978092603038	-19.9535967599955	39
5.37915204486619	-19.9618626882097	39
5.32876595370407	-19.9698646108601	39
5.27862622471932	-19.9776063690815	39
5.22873639135125	-19.9850918176956	39
5.17909994744906	-19.9923248238751	39
5.12972034641775	-19.999309265807	39
5.08060100036405	-20.0060490313567	39
5.03174527924237	-20.0125480167311	39
4.98315651000065	-20.0188101251429	39
4.93483797572634	-20.0248392654736	39
4.88679291479227	-20.0306393509378	39
4.83902452000259	-20.0362142977465	39
4.79153593773871	-20.0415680237707	39
4.74433026710515	-20.0467044472052	39
4.69741055907555	-20.0516274852326	39
4.65077981563849	-20.0563410526862	39
4.60444098894348	-20.0608490607145	39
4.55839698044684	-20.0651554154441	39
4.51265064005764	-20.069264016644	39
4.46720476528359	-20.0731787563888	39
4.422062100377	-20.0769035177229	39
4.37722533548062	-20.0804421733235	39
4.33269710577367	-20.0837985841647	39
4.28847999061764	-20.0869765981811	39
4.2445765127023	-20.0899800489314	39
4.20098913719157	-20.0928127542621	39
4.15772027086942	-20.0954785149712	39
4.11477226128585	-20.0979811134718	39
4.07214739590275	-20.1003243124558	39
4.02984790123984	-20.1025118535576	39
3.9878759420206	-20.1045474560176	39
3.94623362031815	-20.1064348153462	39
3.90492297470121	-20.108177601987	39
3.86394597937998	-20.109779459981	39
3.82330454335208	-20.1112440056298	39
3.78300050954848	-20.1125748261595	39
3.74303565397937	-20.1137754783845	39
3.70341168488012	-20.1148494873707	39
3.66413024185718	-20.1158003450996	39
3.625192895034	-20.1166315091319	39
3.58660114419696	-20.1173464012709	39
3.54835641794126	-20.1179484062265	39
3.51046007281686	-20.1184408702787	39
3.47291339247438	-20.1188270999413	39
3.43571758681104	-20.1191103606255	39
3.39887379111656	-20.1192938753037	39
3.36238306521907	-20.1193808231729	39
3.32624639263104	-20.1193743383188	39
3.29046467969523	-20.119277508379	39
3.25503875473052	-20.1190933732071	39
3.21996936717792	-20.1188249235359	39
3.18525718676071	-20.1184750996559	39
3.15090280301944	-20.1180467904702	39
3.11690672580368	-20.1175428335125	39
3.08326938614288	-20.1169660153465	39
3.04999113713187	-20.1163190719803	39
3.0170722548165	-20.1156046892805	39
2.98451293907911	-20.1148255033866	39
2.95231331452412	-20.113984101125	39
2.92047343136359	-20.1130830204232	39
2.88899326630275	-20.1121247507246	39
2.85787272342556	-20.1111117334021	39
2.8271116350803	-20.1100463621725	39
2.79670976276504	-20.1089309835111	39
2.76666679801328	-20.1077678970654	39
2.73698236327946	-20.1065593560697	39
2.70765601282451	-20.1053075677592	39
2.67868723360142	-20.1040146937845	39
2.65007544614076	-20.1026828506254	39
2.6218200054363	-20.1013141100053	39
2.59392020183048	-20.0999104993057	39
2.56637526190004	-20.0984740019801	39
2.53918434934149	-20.0970065579686	39
2.51234656585675	-20.0955100641116	39
2.48586095203865	-20.0939863745646	39
2.45972648825647	-20.0924373012121	39
2.43394209554156	-20.0908646140821	39
2.40850663647281	-20.0892700417599	39
2.38341891606226	-20.0876552718028	39
2.35867768264065	-20.0860219511542	39
2.33428162874293	-20.0843716865578	39
2.31022939199387	-20.0827060449716	39
2.28651955599355	-20.0810265539827	39
2.26315065120298	-20.0793347022211	39
2.24012115582961	-20.077631939774	39
2.21742949671287	-20.0759196786002	39
2.19507405020979	-20.0741992929442	39
2.17305314308047	-20.0724721197504	39
2.15136505337369	-20.0707394590775	39
2.13000801131243	-20.0690025745128	39
2.10898020017945	-20.067262693586	39
2.08827975720284	-20.0655210081841	39
2.06790477444153	-20.0637786749649	39
2.0478532996709	-20.0620368157718	39
2.02812333726831	-20.060296518048	39
2.00871284909864	-20.0585588352505	39
1.98961975539985	-20.0568247872642	39
1.97084193566856	-20.0550953608168	39
1.95237722954555	-20.0533715098923	39
1.93422343770137	-20.0516541561458	39
1.91637832272185	-20.0499441893172	39
1.89883960999367	-20.0482424676461	39
1.88160498858991	-20.0465498182854	39
1.8646721121556	-20.0448670377159	39
1.84803859979331	-20.0431948921606	39
1.83170203694861	-20.0415341179985	39
1.81565997629575	-20.0398854221795	39
1.79990993862308	-20.0382494826381	39
1.78444941371872	-20.0366269487077	39
1.76927586125604	-20.0350184415352	39
1.75438671167923	-20.0334245544948	39
1.73977936708886	-20.0318458536026	39
1.72545120212743	-20.0302828779306	39
1.71139956486493	-20.028736140021	39
1.69762177768438	-20.0272061263005	39
1.68411513816739	-20.0256932974945	39
1.6708769199797	-20.0241980890413	39
1.65790437375676	-20.0227209115065	39
1.64519472798926	-20.021262150997	39
1.63274518990868	-20.0198221695754	39
1.62055294637288	-20.0184013056741	39
1.60861516475159	-20.0169998745098	39
1.59692899381202	-20.0156181684976	39
1.58549156460439	-20.014256457665	39
1.57429999134747	-20.0129149900665	39
1.56335137231418	-20.0115939921978	39
1.55264279071706	-20.0102936694098	39
1.54217131559392	-20.009014206323	39
1.53193400269331	-20.0077557672417	39
1.52192789536013	-20.0065184965684	39
1.50259741407058	-20.0041079410307	39
1.48415600406198	-20.0017833126316	39
1.46657965588767	-19.9995450923728	39
1.44984424665533	-19.997393482592	39
1.43392556836463	-19.9953284202188	39
1.41879935624496	-19.9933495900299	39
1.4044413170931	-19.9914564379052	39
1.39082715761094	-19.9896481840833	39
1.37793261274311	-19.987923836417	39
1.36573347401475	-19.9862822036293	39
1.35420561786914	-19.984721908569	39
1.34332503400542	-19.9832414014663	39
1.33306785371626	-19.9818389731883	39
1.31879917735147	-19.9798776335415	39
1.30580076621771	-19.9780809579016	39
1.29399472220593	-19.9764415664465	39
1.28330458132219	-19.9749516081134	39
1.27065786453026	-19.9731831974687	39
1.2596901032577	-19.9716456099641	39
1.24809035431151	-19.9700168049703	39
1.23686449898064	-19.9684393157494	39
1.22687201373921	-19.9670349651254	39
1.21638481875095	-19.965561085988	39
1.20637285631372	-19.9641539964301	39
