1.20515765865591	-19.7092209975991	44.5
1.1921002262679	-19.7073231060455	44.5
1.17906126073989	-19.7053022372036	44.5
1.16604192026819	-19.7031585705787	44.5
1.1530433613059	-19.7008922965836	44.5
1.14006673846019	-19.698503616522	44.5
1.12711320438973	-19.6959927425701	44.5
1.11418390970232	-19.6933598977583	44.5
1.10128000285266	-19.6906053159512	44.5
1.08840263004038	-19.6877292418266	44.5
1.07555293510818	-19.6847319308541	44.5
1.06273205944027	-19.681613649272	44.5
1.04994114186096	-19.6783746740643	44.5
1.03718131853351	-19.6750152929355	44.5
1.0244537228592	-19.6715358042851	44.5
1.01175948537667	-19.6679365171815	44.5
0.999099733661496	-19.6642177513343	44.5
0.986475592226023	-19.6603798370655	44.5
0.973888182419488	-19.6564231152812	44.5
0.961338622328412	-19.65234793744	44.5
0.948828026677284	-19.6481546655229	44.5
0.93635750672955	-19.6438436720005	44.5
0.923928170188894	-19.6394153398002	44.5
0.911541121100857	-19.6348700622722	44.5
0.899197459754763	-19.6302082431541	44.5
0.886898282585984	-19.6254302965357	44.5
0.874644682078551	-19.620536646822	44.5
0.862437746668113	-19.6155277286951	44.5
0.850278560645255	-19.6104039870761	44.5
0.838168204059185	-19.6051658770853	44.5
0.826107752621798	-19.5998138640021	44.5
0.814098277612126	-19.5943484232231	44.5
0.802140845781179	-19.5887700402204	44.5
0.790236519257192	-19.5830792104982	44.5
0.778386355451278	-19.5772764395489	44.5
0.766591406963504	-19.5713622428082	44.5
0.754852721489397	-19.5653371456093	44.5
0.743171341726873	-19.559201683136	44.5
0.731548305283626	-19.5529564003757	44.5
0.719984644584959	-19.5466018520706	44.5
0.708481386782077	-19.5401386026682	44.5
0.69703955366085	-19.5335672262718	44.5
0.685660161551056	-19.5268883065891	44.5
0.674344221236097	-19.5201024368803	44.5
0.663092737863223	-19.5132102199056	44.5
0.651906710854243	-19.5062122678715	44.5
0.640787133816756	-19.4991092023766	44.5
0.629734994455888	-19.4919016543564	44.5
0.618751274486562	-19.4845902640267	44.5
0.607836949546295	-19.4771756808277	44.5
0.596992989108535	-19.4696585633655	44.5
0.58622035639655	-19.4620395793539	44.5
0.575520008297866	-19.4543194055551	44.5
0.56489289527927	-19.4464987277196	44.5
0.554339961302389	-19.4385782405252	44.5
0.543862143739837	-19.4305586475154	44.5
0.533460373291951	-19.4224406610368	44.5
0.52313557390413	-19.414225002176	44.5
0.512888662684753	-19.4059124006951	44.5
0.502720549823722	-19.3975035949677	44.5
0.492632138511617	-19.3889993319123	44.5
0.48262432485946	-19.3804003669269	44.5
0.472697997819128	-19.3717074638212	44.5
0.462854039104383	-19.3629213947491	44.5
0.453093323112557	-19.3540429401402	44.5
0.443416716846881	-19.34507288863	44.5
0.433825079839476	-19.3360120369903	44.5
0.424319264074999	-19.3268611900586	44.5
0.414900113914972	-19.3176211606658	44.5
0.405568466022772	-19.3082927695648	44.5
0.396325149289324	-19.2988768453573	44.5
0.387170984759465	-19.28937422442	44.5
0.378106785559018	-19.2797857508308	44.5
0.369133356822567	-19.2701122762933	44.5
0.360251495621938	-19.2603546600613	44.5
0.351461990895397	-19.2505137688629	44.5
0.342765623377577	-19.2405904768229	44.5
0.334163165530124	-19.2305856653854	44.5
0.325655381473085	-19.2205002232357	44.5
0.317243026917031	-19.210335046221	44.5
0.308926849095936	-19.2000910372711	44.5
0.300707586700799	-19.1897691063182	44.5
0.29258596981403	-19.1793701702159	44.5
0.284562719844602	-19.1688951526576	44.5
0.276638549463967	-19.1583449840952	44.5
0.268814162542757	-19.1477206016556	44.5
0.261090254088261	-19.1370229490578	44.5
0.253467510182687	-19.1262529765292	44.5
0.245946607922224	-19.115411640721	44.5
0.238528215356898	-19.1044999046234	44.5
0.231212991431231	-19.0935187374799	44.5
0.224001585925709	-19.0824691147012	44.5
0.216894639399065	-19.0713520177787	44.5
0.209892783131384	-19.0601684341972	44.5
0.202996639068025	-19.0489193573474	44.5
0.196206819764377	-19.0376057864371	44.5
0.189523928331451	-19.0262287264034	44.5
0.182948558382305	-19.0147891878222	44.5
0.176481293979317	-19.0032881868198	44.5
0.170122709582305	-18.9917267449814	44.5
0.163873369997502	-18.9801058892611	44.5
0.157733830327385	-18.9684266518907	44.5
0.151704635921365	-18.9566900702874	44.5
0.145786322327352	-18.9448971869623	44.5
0.13997941524418	-18.9330490494274	44.5
0.13428443047491	-18.921146710103	44.5
0.128701873881021	-18.9091912262235	44.5
0.123232241337467	-18.8971836597442	44.5
0.117876018688636	-18.8851250772465	44.5
0.112633681705195	-18.8730165498435	44.5
0.107505696041827	-18.8608591530846	44.5
0.102492517195868	-18.8486539668601	44.5
0.0975945904668494	-18.8364020753052	44.5
0.092812350916945	-18.8241045667037	44.5
0.0881462233323225	-18.8117625333914	44.5
0.0835966221854134	-18.7993770716592	44.5
0.0791639515980986	-18.7869492816553	44.5
0.0748486053058095	-18.7744802672879	44.5
0.0706509666225552	-18.7619711361269	44.5
0.0665714084068756	-18.7494229993058	44.5
0.0626102930287189	-18.7368369714226	44.5
0.0587679723372567	-18.724214170441	44.5
0.0550447876296305	-18.7115557175912	44.5
0.0514410696206324	-18.6988627372703	44.5
0.0479571384133337	-18.686136356942	44.5
0.0445933034706494	-18.6733777070371	44.5
0.0413498635878478	-18.6605879208527	44.5
0.0382271068660136	-18.6477681344515	44.5
0.0352253106864557	-18.634919486561	44.5
0.0323447416860667	-18.6220431184725	44.5
0.0295856557336409	-18.6091401739394	44.5
0.0269482979071465	-18.5962117990759	44.5
0.0244329024719545	-18.5832591422549	44.5
0.0220396928600322	-18.5702833540064	44.5
0.0197688816500947	-18.5572855869149	44.5
0.0176206705487241	-18.5442669955172	44.5
0.0155952503724512	-18.5312287361998	44.5
0.0136928010308077	-18.5181719670964	44.5
0.0119134915103438	-18.5050978479847	44.5
0.0102574798596196	-18.4920075401836	44.5
0.00872491317516499	-18.4789022064498	44.5
0.00731592758841448	-18.4657830108748	44.5
0.00603064825361477	-18.4526511187816	44.5
0.00486918933670766	-18.4395076966206	44.5
0.00383165400519014	-18.4263539118667	44.5
0.00291813441894928	-18.413190932915	44.5
0.00212871172207718	-18.4000199289775	44.5
0.00146345603566189	-18.3868420699789	44.5
0.000922426451560376	-18.3736585264527	44.5
0.000505671027148269	-18.3604704694376	44.5
0.000213226781052178	-18.3472790703731	44.5
4.51196898612061e-05	-18.3340855009955	44.5
1.36468581879434e-06	-18.3208909332338	44.5
8.19656554977843e-05	-18.307696539106	44.5
0.000286915439454027	-18.2945034906143	44.5
0.000616195832862321	-18.2813129596417	44.5
0.00106977758713445	-18.2681261178474	44.5
0.00164762041251598	-18.2549441365629	44.5
0.00234967298166655	-18.2417681866879	44.5
0.00317587293421751	-18.2285994385866	44.5
0.00412614688231172	-18.2154390619834	44.5
0.00520041041712238	-18.2022882258588	44.5
0.0063985681163512	-18.1891480983463	44.5
0.0077205135527032	-18.176019846628	44.5
0.00916612930334137	-18.162904636831	44.5
0.0107352869603157	-18.1498036339242	44.5
0.0124278471419703	-18.1367180016144	44.5
0.0142436595053232	-18.123648902243	44.5
0.0161825627594212	-18.1105974966832	44.5
0.0182443846796663	-18.0975649442361	44.5
0.0204289421231139	-18.0845524025285	44.5
0.0227360410447399	-18.0715610274095	44.5
0.0251654765146794	-18.0585919728481	44.5
0.027717032736426	-18.0456463908309	44.5
0.0303904830660027	-18.0327254312593	44.5
0.0331855900320932	-18.0198302418476	44.5
0.0361021053571353	-18.006961968021	44.5
0.0391397699793739	-17.9941217528141	44.5
0.0422983140758735	-17.981310736769	44.5
0.0455774570864844	-17.9685300578343	44.5
0.0489769077387636	-17.9557808512637	44.5
0.0524963640738492	-17.9430642495155	44.5
0.0561355134732786	-17.9303813821518	44.5
0.0598940326867607	-17.9177333757382	44.5
0.0637715878608871	-17.9051213537437	44.5
0.0677678345687862	-17.8925464364412	44.5
0.0718824178407191	-17.8800097408073	44.5
0.0761149721956089	-17.8675123804241	44.5
0.0804651216735039	-17.8550554653791	44.5
0.0849324798689752	-17.8426401021678	44.5
0.0895166499654372	-17.8302673935943	44.5
0.0942172247703952	-17.8179384386743	44.5
0.0990337867516162	-17.8056543325368	44.5
0.103965908074216	-17.7934161663271	44.5
0.109013150638659	-17.7812250271099	44.5
0.114175066119678	-17.7690819977727	44.5
0.119451196006093	-17.7569881569296	44.5
0.12484107164154	-17.7449445788255	44.5
0.130344214266102	-17.7329523332405	44.5
0.135960135058829	-17.7210124853953	44.5
0.141688335181166	-17.7091260958562	44.5
0.147528305821256	-17.697294220441	44.5
0.153479528239141	-17.6855179101254	44.5
0.159541473812834	-17.6737982109493	44.5
0.165713604085278	-17.6621361639242	44.5
0.171995370812176	-17.6505328049404	44.5
0.178386216010683	-17.6389891646755	44.5
0.184885572008979	-17.6275062685023	44.5
0.191492861496682	-17.6160851363981	44.5
0.198207497576137	-17.6047267828538	44.5
0.205028883814541	-17.5934322167841	44.5
0.211956414296929	-17.5822024414376	44.5
0.218989473679986	-17.571038454308	44.5
0.226127437246711	-17.559941247045	44.5
0.23336967096191	-17.5489118053669	44.5
0.240715531528507	-17.5379511089724	44.5
0.248164366444694	-17.5270601314539	44.5
0.255715514061882	-17.516239840211	44.5
0.263368303643479	-17.5054911963646	44.5
0.271122055424464	-17.4948151546714	44.5
0.278976080671773	-17.4842126634391	44.5
0.286929681745469	-17.4736846644422	44.5
0.294982152160717	-17.4632320928387	44.5
0.303132776650534	-17.4528558770861	44.5
0.311380831229325	-17.4425569388602	44.5
0.319725583257192	-17.432336192972	44.5
0.328166291505009	-17.4221945472874	44.5
0.336702206220264	-17.412132902646	44.5
0.345332569193658	-17.4021521527812	44.5
0.354056613826449	-17.3922531842409	44.5
0.36287356519855	-17.3824368763087	44.5
0.371782640137358	-17.3727041009259	44.5
0.380783047287326	-17.3630557226139	44.5
0.389873987180249	-17.3534925983974	44.5
0.399054652306279	-17.3440155777285	44.5
0.408324227185659	-17.3346255024107	44.5
0.417681888441149	-17.3253232065251	44.5
0.42712680487117	-17.3161095163552	44.5
0.436658137523632	-17.3069852503143	44.5
0.446275039770459	-17.2979512188725	44.5
0.455976657382787	-17.2890082244847	44.5
0.465762128606844	-17.2801570615193	44.5
0.475630584240495	-17.2713985161878	44.5
0.485581147710451	-17.2627333664749	44.5
0.495612935150129	-17.2541623820692	44.5
0.505725055478162	-17.2456863242952	44.5
0.515916610477557	-17.2373059460454	44.5
0.526186694875468	-17.2290219917132	44.5
0.536534396423616	-17.2208351971276	44.5
0.546958795979319	-17.2127462894869	44.5
0.557458967587131	-17.2047559872947	44.5
0.568033978561101	-17.1968650002958	44.5
0.578682889567606	-17.1890740294132	44.5
0.589404754708796	-17.1813837666862	44.5
0.600198621606618	-17.1737948952083	44.5
0.6110635314874	-17.1663080890668	44.5
0.621998519267024	-17.1589240132833	44.5
0.63300261363665	-17.1516433237541	44.5
0.64407483714899	-17.1444666671921	44.5
0.655214206305128	-17.1373946810693	44.5
0.666419731641889	-17.1304279935606	44.5
0.67769041781972	-17.1235672234874	44.5
0.689025263711106	-17.1168129802629	44.5
0.700423262489498	-17.1101658638382	44.5
0.711883401718738	-17.1036264646484	44.5
0.723404663442996	-17.0971953635609	44.5
0.73498602427719	-17.0908731318232	44.5
0.746626455497885	-17.0846603310125	44.5
0.758324923134673	-17.0785575129858	44.5
0.770080388062019	-17.0725652198305	44.5
0.781891806091557	-17.0666839838168	44.5
0.793758128064839	-17.0609143273502	44.5
0.805678299946539	-17.0552567629248	44.5
0.817651262918066	-17.0497117930782	44.5
0.829675953471618	-17.0442799103468	44.5
0.841751303504655	-17.0389615972217	44.5
0.853876240414764	-17.0337573261063	44.5
0.866049687194941	-17.028667559274	44.5
0.878270562529257	-17.0236927488274	44.5
0.890537780888901	-17.0188333366579	44.5
0.902850252628607	-17.0140897544065	44.5
0.915206884083446	-17.0094624234257	44.5
0.927606577665962	-17.0049517547417	44.5
0.940048231963676	-17.0005581490183	44.5
0.952530741836914	-16.9962819965208	44.5
0.965052998516975	-16.992123677082	44.5
0.977613889704614	-16.9880835600677	44.5
0.990212299668849	-16.9841620043446	44.5
1.00284710934606	-16.9803593582478	44.5
1.0155171964394	-16.9766759595504	44.5
1.02822143551847	-16.9731121354331	44.5
1.04095869811929	-16.9696682024555	44.5
1.05372785284457	-16.9663444665276	44.5
1.06652776546413	-16.9631412228827	44.5
1.07935729901573	-16.9600587560516	44.5
1.09221531390603	-16.9570973398367	44.5
1.10510066801178	-16.9542572372882	44.5
1.11801221678134	-16.9515387006804	44.5
1.13094881333629	-16.9489419714894	44.5
1.14390930857332	-16.9464672803717	44.5
1.1568925512663	-16.9441148471438	44.5
1.16989738816855	-16.9418848807623	44.5
1.18292266411526	-16.9397775793057	44.5
1.1959672221261	-16.9377931299568	44.5
1.22516290840443	-16.9336372566164	44.5
1.24517024023443	-16.9307606274764	44.5
1.2651796541459	-16.9278405177025	44.5
1.28519115013884	-16.9248769272948	44.5
1.30520472821325	-16.9218698562533	44.5
1.32522038836914	-16.918819304578	44.5
1.34523813060649	-16.9157252722689	44.5
1.36525795492532	-16.912587759326	44.5
1.38527986132562	-16.9094067657493	44.5
1.40530384980739	-16.9061822915387	44.5
1.42532992037064	-16.9029143366944	44.5
1.44535807301535	-16.8996029012163	44.5
1.46538830774154	-16.8962479851043	44.5
1.4854206245492	-16.8928495883585	44.5
1.50545502343833	-16.889407710979	44.5
1.52549150440893	-16.8859223529656	44.5
1.54553006746101	-16.8823935143184	44.5
1.56557071259455	-16.8788211950374	44.5
1.58561343980957	-16.8752053951226	44.5
1.60565824910606	-16.871546114574	44.5
1.62570514048402	-16.8678433533915	44.5
1.64575411394346	-16.8640971115753	44.5
1.66580516948436	-16.8603073891253	44.5
1.68585830710674	-16.8564741860414	44.5
1.70591352681059	-16.8525975023238	44.5
1.72597082859591	-16.8486773379723	44.5
1.74603021246271	-16.844713692987	44.5
1.76609167841097	-16.840706567368	44.5
1.78615522644071	-16.8366559611151	44.5
1.80622085655192	-16.8325618742284	44.5
1.8262885687446	-16.8284243067079	44.5
1.84635836301875	-16.8242432585535	44.5
1.86643023937437	-16.8200187297654	44.5
1.88650419781147	-16.8157507203435	44.5
1.90658023833004	-16.8114392302878	44.5
1.92665836093008	-16.8070842595982	44.5
1.94673856561159	-16.8026858082749	44.5
1.96682085237457	-16.7982438763177	44.5
1.98690522121903	-16.7937584637267	44.5
2.00699167214495	-16.7892295705019	44.5
2.02708020515235	-16.7846571966433	44.5
2.04717082024122	-16.7800413421509	44.5
2.06726351741157	-16.7753820070247	44.5
2.08735829666338	-16.7706791912647	44.5
2.10745515799667	-16.7659328948709	44.5
2.12755410141142	-16.7611431178433	44.5
2.14765512690765	-16.7563098601818	44.5
2.16775823448536	-16.7514331218866	44.5
2.18786342414453	-16.7465129029575	44.5
2.20797069588517	-16.7415492033947	44.5
2.22808004970729	-16.736542023198	44.5
2.24819148561088	-16.7314913623675	44.5
2.26830500359594	-16.7263972209032	44.5
2.28842060366247	-16.7212595988051	44.5
2.30853828581048	-16.7160784960732	44.5
2.32865805003996	-16.7108539127075	44.5
2.3487798963509	-16.705585848708	44.5
2.36890382474332	-16.7002743040747	44.5
2.38902983521722	-16.6949192788075	44.5
2.40915792777258	-16.6895207729066	44.5
2.42928810240942	-16.6840787863718	44.5
2.44942035912772	-16.6785933192033	44.5
2.4695546979275	-16.6730643714009	44.5
2.48969111880875	-16.6674919429647	44.5
2.50982962177148	-16.6618760338947	44.5
2.52997020681567	-16.6562166441909	44.5
2.55011287394134	-16.6505137738533	44.5
2.57025762314848	-16.6447674228819	44.5
2.59040445443709	-16.6389775912767	44.5
2.61055336780717	-16.6331442790377	44.5
2.63070436325872	-16.6272674861648	44.5
2.65085744079175	-16.6213472126582	44.5
2.67101260040625	-16.6153834585177	44.5
2.69116984210222	-16.6093762237435	44.5
2.71132916587966	-16.6033255083354	44.5
2.73149057173857	-16.5972313122935	44.5
2.75165405967896	-16.5910936356178	44.5
2.77181962970081	-16.5849124783083	44.5
2.79198728180414	-16.578687840365	44.5
2.81215701598894	-16.5724197217879	44.5
2.83232883225521	-16.566108122577	44.5
2.85250273060296	-16.5597530427323	44.5
2.87267871103218	-16.5533544822537	44.5
2.89285677354286	-16.5469124411414	44.5
2.91303691813502	-16.5404269193952	44.5
2.93321914480865	-16.5338979170153	44.5
2.95340345356376	-16.5273254340015	44.5
2.97358984440033	-16.5207094703539	44.5
2.99377831731838	-16.5140500260725	44.5
3.0139688723179	-16.5073471011573	44.5
3.03416150939889	-16.5006006956083	44.5
3.05435622856135	-16.4938108094255	44.5
3.07455302980529	-16.4869774426089	44.5
3.09475191313069	-16.4801005951585	44.5
3.11495287853757	-16.4731802670743	44.5
3.13515592602592	-16.4662164583562	44.5
3.15536105559574	-16.4592091690043	44.5
3.17556826724704	-16.4521583990187	44.5
3.1957775609798	-16.4450641483992	44.5
3.21598893679404	-16.4379264171459	44.5
3.23620239468975	-16.4307452052589	44.5
3.25641793466693	-16.423520512738	44.5
3.27663555672558	-16.4162523395833	44.5
3.29685526086571	-16.4089406857948	44.5
3.31707704708731	-16.4015855513724	44.5
3.33730091539037	-16.3941869363163	44.5
3.35752686577491	-16.3867448406264	44.5
3.37775489824093	-16.3792592643026	44.5
3.39798501278841	-16.3717302073451	44.5
3.41821720941737	-16.3641576697537	44.5
3.43845148812779	-16.3565416515285	44.5
3.45868784891969	-16.3488821526696	44.5
3.47892629179307	-16.3411791731768	44.5
3.49916681674791	-16.3334327130502	44.5
3.51940942378422	-16.3256427722898	44.5
3.53965411290201	-16.3178093508956	44.5
3.55990088410127	-16.3099324488676	44.5
3.580149737382	-16.3020120662057	44.5
3.6004006727442	-16.2940482029101	44.5
3.62065369018788	-16.2860408589807	44.5
3.64090878971302	-16.2779900344174	44.5
3.66116597131964	-16.2698957292203	44.5
3.68142523500773	-16.2617579433895	44.5
3.70168658077729	-16.2535766769248	44.5
3.72195000862833	-16.2453519298263	44.5
3.74221551856083	-16.237083702094	44.5
3.76248311057481	-16.2287719937279	44.5
3.78275278467026	-16.220416804728	44.5
3.80302454084718	-16.2120181350943	44.5
3.82329837910557	-16.2035759848268	44.5
3.84357429944543	-16.1950903539254	44.5
3.86385230186677	-16.1865612423903	44.5
3.88413238636958	-16.1779886502213	44.5
3.90441455295386	-16.1693725774186	44.5
3.92469880161961	-16.160713023982	44.5
3.94498513236684	-16.1520099899116	44.5
3.96527354519553	-16.1432634752075	44.5
3.9855640401057	-16.1344734798695	44.5
4.00585661709734	-16.1256400038977	44.5
4.02615127617045	-16.1167630472921	44.5
4.04644801732503	-16.1078426100526	44.5
4.06674684056109	-16.0988786921794	44.5
4.08704774587861	-16.0898712936724	44.5
4.10735073327761	-16.0808204145315	44.5
4.12765580275808	-16.0717260547569	44.5
4.14796295432002	-16.0625882143484	44.5
4.16827218796344	-16.0534068933062	44.5
4.18858350368832	-16.0441820916301	44.5
4.20889690149468	-16.0349138093202	44.5
4.22921238138251	-16.0256020463765	44.5
4.24952994335181	-16.016246802799	44.5
4.26984958740259	-16.0068480785877	44.5
4.29017131353483	-15.9974058737426	44.5
4.31049512174855	-15.9879201882637	44.5
4.33082101204374	-15.9783910221509	44.5
4.3511489844204	-15.9688183754044	44.5
4.37147903887853	-15.959202248024	44.5
4.39181117541813	-15.9495426400099	44.5
4.41214539403921	-15.9398395513619	44.5
4.43248169474176	-15.9300929820802	44.5
4.45282007752578	-15.9203029321646	44.5
4.47316054239127	-15.9104694016152	44.5
4.49350308933823	-15.900592390432	44.5
4.51384771836667	-15.890671898615	44.5
4.53419442947657	-15.8807079261642	44.5
4.55454322266795	-15.8707004730795	44.5
4.5748940979408	-15.8606495393611	44.5
4.59524705529513	-15.8505551250089	44.5
4.61560209473092	-15.8404172300228	44.5
4.63595921624819	-15.830235854403	44.5
4.65631841984692	-15.8200109981493	44.5
4.67667970552713	-15.8097426612618	44.5
4.69704307328882	-15.7994308437405	44.5
4.71740852313197	-15.7890755455854	44.5
4.7377760550566	-15.7786767667965	44.5
4.75814566906269	-15.7682345073738	44.5
4.77851736515026	-15.7577487673173	44.5
4.7988911433193	-15.747219546627	44.5
4.81926700356982	-15.7366468453029	44.5
4.8396449459018	-15.7260306633449	44.5
4.86002497031526	-15.7153710007532	44.5
4.88040707681018	-15.7046678575276	44.5
4.90079126538659	-15.6939212336683	44.5
4.92117753604446	-15.6831311291751	44.5
4.9415658887838	-15.6722975440481	44.5
4.96195632360462	-15.6614204782873	44.5
4.9823488405069	-15.6504999318927	44.5
5.00274343949066	-15.6395359048643	44.5
5.0231401205559	-15.6285283972021	44.5
5.0435388837026	-15.6174774089061	44.5
5.06393972893077	-15.6063829399762	44.5
5.08434265624042	-15.5952449904126	44.5
5.10474766563154	-15.5840635602152	44.5
5.12515475710413	-15.5728386493839	44.5
5.14556393065819	-15.5615702579188	44.5
5.16597518629372	-15.55025838582	44.5
5.18638852401073	-15.5389030330873	44.5
5.20680394380921	-15.5275041997208	44.5
5.22722144568916	-15.5160618857205	44.5
5.24764102965058	-15.5045760910864	44.5
5.26806269569347	-15.4930468158185	44.5
5.28848644381784	-15.4814740599168	44.5
5.30891227402368	-15.4698578233812	44.5
5.32934018631098	-15.4581981062119	44.5
5.34977018067977	-15.4464949084087	44.5
5.37020225713002	-15.4347482299718	44.5
5.39063641566174	-15.422958070901	44.5
5.41107265627494	-15.4111244311965	44.5
5.43151097896961	-15.3992473108581	44.5
5.45195138374575	-15.3873267098859	44.5
5.47239387060336	-15.3753626282799	44.5
5.49283843954244	-15.3633550660401	44.5
5.513285090563	-15.3513040231665	44.5
5.53373382366502	-15.339209499659	44.5
5.55418463884852	-15.3270714955178	44.5
5.57463753611349	-15.3148900107428	44.5
5.59509251545994	-15.3026650453339	44.5
5.61554957688785	-15.2903965992913	44.5
5.63600872039724	-15.2780846726148	44.5
5.6564699459881	-15.2657292653045	44.5
5.67693325366043	-15.2533303773605	44.5
5.69739864341423	-15.2408880087826	44.5
5.7178661152495	-15.2284021595709	44.5
5.73833566916625	-15.2158728297254	44.5
5.75880730516447	-15.2033000192461	44.5
5.77928102324416	-15.190683728133	44.5
5.79975682340532	-15.178023956386	44.5
5.82023470564795	-15.1653207040053	44.5
5.84071466997205	-15.1525739709907	44.5
5.86119671637763	-15.1397837573424	44.5
5.88168084486468	-15.1269500630602	44.5
5.9021670554332	-15.1140728881443	44.5
5.92265534808319	-15.1011522325945	44.5
5.94314572281466	-15.0881880964109	44.5
5.96363817962759	-15.0751804795935	44.5
5.984132718522	-15.0621293821423	44.5
6.00462933949788	-15.0490348040573	44.5
6.02512804255523	-15.0358967453385	44.5
6.04562882769406	-15.0227152059858	44.5
6.06613169491435	-15.0094901859994	44.5
6.08663664421612	-14.9962216853791	44.5
6.10714367559936	-14.9829097041251	44.5
6.12765278906407	-14.9695542422372	44.5
6.14816398461025	-14.9561552997156	44.5
6.1686772622379	-14.9427128765601	44.5
6.18919262194703	-14.9292269727708	44.5
6.20971006373763	-14.9156975883477	44.5
6.2302295876097	-14.9021247232908	44.5
6.25075119356324	-14.8885083776001	44.5
6.27127488159825	-14.8748485512756	44.5
6.29180065171474	-14.8611452443172	44.5
6.31232850391269	-14.8473984567251	44.5
6.33285843819212	-14.8336081884992	44.5
6.35339045455302	-14.8197744396394	44.5
6.3739245529954	-14.8058972101459	44.5
6.39446073351924	-14.7919765000185	44.5
6.41499899612456	-14.7780123092573	44.5
6.43553934081135	-14.7640046378623	44.5
6.45608176757961	-14.7499534858335	44.5
6.47662627642934	-14.7358588531709	44.5
6.49717286736054	-14.7217207398745	44.5
6.51772154037322	-14.7075391459443	44.5
6.53827229546737	-14.6933140713803	44.5
6.55882513264298	-14.6790455161824	44.5
6.57938005190008	-14.6647334803508	44.5
6.59993705323864	-14.6503779638853	44.5
6.62049613665867	-14.6359789667861	44.5
6.64105730216018	-14.621536489053	44.5
6.66162054974316	-14.6070505306861	44.5
6.68218587940761	-14.5925210916854	44.5
6.70275329115353	-14.577948172051	44.5
6.72332278498093	-14.5633317717827	44.5
6.74389436088979	-14.5486718908805	44.5
6.76446801888013	-14.5339685293446	44.5
6.78504375895194	-14.5192216871749	44.5
6.80562158110522	-14.5044313643714	44.5
6.82620148533997	-14.489597560934	44.5
6.8467834716562	-14.4747202768629	44.5
6.86736754005389	-14.4597995121579	44.5
6.88795369053306	-14.4448352668191	44.5
6.9085419230937	-14.4298275408466	44.5
6.92913223773582	-14.4147763342402	44.5
6.9497246344594	-14.399681647	44.5
6.97031911326446	-14.384543479126	44.5
6.99091567415099	-14.3693618306182	44.5
7.01151431711898	-14.3541367014766	44.5
7.03211504216846	-14.3388680917011	44.5
7.0527178492994	-14.3235560012919	44.5
7.07332273851181	-14.3082004302489	44.5
7.0939297098057	-14.292801378572	44.5
7.11453876318106	-14.2773588462614	44.5
7.13514989863789	-14.2618728333169	44.5
7.1557631161762	-14.2463433397386	44.5
7.17637841579597	-14.2307703655265	44.5
7.19699579749722	-14.2151539106806	44.5
7.21761526127993	-14.1994939752009	44.5
7.23823680714412	-14.1837905590874	44.5
7.25886043508979	-14.1680436623401	44.5
7.27948614511692	-14.152253284959	44.5
7.30011393722553	-14.1364194269441	44.5
7.3207438114156	-14.1205420882953	44.5
7.34137576768715	-14.1046212690128	44.5
7.36200980604017	-14.0886569690964	44.5
7.38264592647467	-14.0726491885462	44.5
7.40328412899063	-14.0565979273623	44.5
7.42392441358807	-14.0405031855445	44.5
7.44456678026698	-14.0243649630929	44.5
7.46521122902736	-14.0081832600075	44.5
7.48585775986921	-13.9919580762883	44.5
7.50650637279253	-13.9756894119353	44.5
7.52715706779733	-13.9593772669484	44.5
7.5478098448836	-13.9430216413278	44.5
7.56846470405133	-13.9266225350734	44.5
7.58912164530055	-13.9101799481851	44.5
7.60978066863123	-13.8936938806631	44.5
7.63044177404338	-13.8771643325072	44.5
7.65110496153701	-13.8605913037175	44.5
7.67177023111211	-13.843974794294	44.5
7.69243758276868	-13.8273148042367	44.5
7.71310701650672	-13.8106113335456	44.5
7.73377853232624	-13.7938643822207	44.5
7.75445213022722	-13.777073950262	44.5
7.77512781020968	-13.7602400376695	44.5
7.79580557227361	-13.7433626444432	44.5
7.81648541641901	-13.726441770583	44.5
7.83716734264588	-13.7094774160891	44.5
7.85785135095423	-13.6924695809613	44.5
7.87853744134405	-13.6754182651998	44.5
7.89922561381534	-13.6583234688044	44.5
7.9199158683681	-13.6411851917752	44.5
7.94060820500233	-13.6240034341122	44.5
7.96130262371803	-13.6067781958154	44.5
7.98199912451521	-13.5895094768848	44.5
8.00269770739386	-13.5721972773204	44.5
8.02339837235398	-13.5548415971222	44.5
8.04410111939557	-13.5374424362901	44.5
8.06480594851863	-13.5199997948243	44.5
8.08551285972317	-13.5025136727247	44.5
8.10622185300918	-13.4849840699912	44.5
8.12693292837666	-13.4674109866239	44.5
8.14764608582561	-13.4497944226229	44.5
8.16836132535603	-13.432134377988	44.5
8.18907864696792	-13.4144308527193	44.5
8.20979805066129	-13.3966838468168	44.5
8.23051953643613	-13.3788933602805	44.5
8.25124310429244	-13.3610593931104	44.5
8.27196875423022	-13.3431819453064	44.5
8.29269648624948	-13.3252610168687	44.5
8.3134263003502	-13.3072966077972	44.5
8.3341581965324	-13.2892887180918	44.5
8.35489217479607	-13.2712373477527	44.5
8.37562823514121	-13.2531424967797	44.5
8.39636637756782	-13.2350041651729	44.5
8.41710660207591	-13.2168223529324	44.5
8.43784890866547	-13.198597060058	44.5
8.45859329733649	-13.1803282865498	44.5
8.47933976808899	-13.1620160324078	44.5
8.50008832092297	-13.143660297632	44.5
8.52083895583841	-13.1252610822223	44.5
8.54159167283533	-13.1068183861789	44.5
8.56234647191372	-13.0883322095017	44.5
8.58310335307357	-13.0698025521906	44.5
8.60386231631491	-13.0512294142458	44.5
8.62462336163771	-13.0326127956671	44.5
8.64538648904198	-13.0139526964546	44.5
8.66615169852773	-12.9952491166084	44.5
8.68691899009495	-12.9765020561283	44.5
8.70768836374364	-12.9577115150144	44.5
8.7284598194738	-12.9388774932667	44.5
8.74923335728544	-12.9199999908851	44.5
8.77000897717854	-12.9010790078698	44.5
8.79078667915312	-12.8821145442207	44.5
8.81156646320917	-12.8631065999378	44.5
8.83234832934669	-12.844055175021	44.5
8.85313227756569	-12.8249602694705	44.5
8.87391830786615	-12.8058218832861	44.5
8.89470642024809	-12.7866400164679	44.5
8.9154966147115	-12.7674146690159	44.5
8.93628889125638	-12.7481458409302	44.5
8.95708324988273	-12.7288335322106	44.5
8.97787969059056	-12.7094777428572	44.5
8.99867821337985	-12.6900784728699	44.5
9.01947881825062	-12.6706357222489	44.5
9.04028150520286	-12.6511494909941	44.5
9.06108627423657	-12.6316197791055	44.5
9.08189312535176	-12.612046586583	44.5
9.10270205854841	-12.5924299134268	44.5
9.12351307382654	-12.5727697596367	44.5
9.14432617118614	-12.5530661252128	44.5
9.16514135062721	-12.5333190101552	44.5
9.18595861214975	-12.5135284144637	44.5
9.20677795575377	-12.4936943381384	44.5
9.22759938143926	-12.4738167811793	44.5
9.24842288920621	-12.4538957435864	44.5
9.26924847905465	-12.4339312253596	44.5
9.29007615098455	-12.4139232264991	44.5
9.31090590499592	-12.3938717470048	44.5
9.33173774108877	-12.3737767868766	44.5
9.35257165926308	-12.3536383461147	44.5
9.37340765951888	-12.3334564247189	44.5
9.39424574185614	-12.3132310226893	44.5
9.41508590627487	-12.292962140026	44.5
9.43592815277507	-12.2726497767288	44.5
9.45677248135675	-12.2522939327978	44.5
9.4776188920199	-12.231894608233	44.5
9.49846738476452	-12.2114518030344	44.5
9.51931795959061	-12.1909655172019	44.5
9.54017061649818	-12.1704357507357	44.5
9.56102535548721	-12.1498625036357	44.5
9.58188217655772	-12.1292457759018	44.5
9.6027410797097	-12.1085855675342	44.5
9.62360206494315	-12.0878818785327	44.5
9.64446513225808	-12.0671347088975	44.5
9.66533028165447	-12.0463440586284	44.5
9.68619751313234	-12.0255099277255	44.5
9.70706682669168	-12.0046323161888	44.5
9.72793822233249	-11.9837112240183	44.5
9.74881170005477	-11.962746651214	44.5
9.76968725985853	-11.9417385977759	44.5
9.79056490174375	-11.9206870637039	44.5
9.81144462571045	-11.8995920489982	44.5
9.83232643175862	-11.8784535536587	44.5
9.85321031988826	-11.8572715776853	44.5
9.87409629009938	-11.8360461210782	44.5
9.89498434239196	-11.8147771838372	44.5
9.91587447676602	-11.7934647659624	44.5
9.93676669322155	-11.7721088674538	44.5
9.95766099175855	-11.7507094883114	44.5
9.97855737237702	-11.7292666285352	44.5
9.99945583507697	-11.7077802881252	44.5
10.0203563798584	-11.6862504670814	44.5
10.0412590067213	-11.6646771654038	44.5
10.0621637156656	-11.6430603830923	44.5
10.0830705066915	-11.6214001201471	44.5
10.1039793797988	-11.599696376568	44.5
10.1248903349875	-11.5779491523552	44.5
10.1458033722578	-11.5561584475085	44.5
10.1667184916095	-11.534324262028	44.5
10.1876356930427	-11.5124465959138	44.5
10.2085549765574	-11.4905254491657	44.5
10.2294763421535	-11.4685608217838	44.5
10.2503997898311	-11.4465527137681	44.5
10.2713253195902	-11.4245011251185	44.5
10.2922529314307	-11.4024060558352	44.5
10.3131826253528	-11.3802675059181	44.5
10.3341144013563	-11.3580854753671	44.5
10.3550482594412	-11.3358599641824	44.5
10.3759841996077	-11.3135909723638	44.5
10.3969222218556	-11.2912784999115	44.5
10.417862326185	-11.2689225468253	44.5
10.4388045125958	-11.2465231131053	44.5
10.4597487810881	-11.2240801987515	44.5
10.4806951316619	-11.2015938037639	44.5
10.5016435643172	-11.1790639281425	44.5
10.5225940790539	-11.1564905718873	44.5
10.5435466758722	-11.1338737349983	44.5
10.5645013547718	-11.1112134174754	44.5
10.585458115753	-11.0885096193188	44.5
10.6064169588156	-11.0657623405283	44.5
10.6273778839597	-11.0429715811041	44.5
10.6483408911853	-11.020137341046	44.5
10.6693059804923	-10.9972596203541	44.5
10.6902731518809	-10.9743384190285	44.5
10.7112424053508	-10.951373737069	44.5
10.7322137409023	-10.9283655744757	44.5
10.7531871585352	-10.9053139312486	44.5
10.7741626582496	-10.8822188073876	44.5
10.7951402400455	-10.8590802028929	44.5
10.8161199039229	-10.8358981177644	44.5
10.8371016498817	-10.812672552002	44.5
10.858085477922	-10.7894035056059	44.5
10.8790713880437	-10.7660909785759	44.5
10.900059380247	-10.7427349709122	44.5
10.9210494545317	-10.7193354826146	44.5
10.9420416108978	-10.6958925136832	44.5
10.9630358493455	-10.672406064118	44.5
10.9840321698746	-10.648876133919	44.5
11.0050305724852	-10.6253027230862	44.5
11.0260310571773	-10.6016858316196	44.5
11.0470336239508	-10.5780254595192	44.5
11.0680382728058	-10.554321606785	44.5
11.0890450037423	-10.5305742734169	44.5
11.1100538167602	-10.5067834594151	44.5
11.1310647118597	-10.4829491647794	44.5
11.1520776890406	-10.4590713895099	44.5
11.1730927483029	-10.4351501336067	44.5
11.1941098896468	-10.4111853970696	44.5
11.2151291130721	-10.3871771798987	44.5
11.2361504185789	-10.363125482094	44.5
11.2571738061671	-10.3390303036555	44.5
11.2781992758369	-10.3148916445832	44.5
11.2992268275881	-10.2907095048771	44.5
11.3202564614207	-10.2664838845371	44.5
11.3412881773349	-10.2422147835634	44.5
11.3623219753305	-10.2179022019558	44.5
11.3833578554076	-10.1935461397145	44.5
11.4043958175661	-10.1691465968393	44.5
11.4254358618062	-10.1447035733303	44.5
11.4464779881277	-10.1202170691876	44.5
11.4675221965306	-10.095687084411	44.5
11.4885684870151	-10.0711136190006	44.5
11.509616859581	-10.0464966729564	44.5
11.5306673142284	-10.0218362462784	44.5
11.5517198509572	-9.99713233896653	44.5
11.5727744697676	-9.9723849510209	44.5
11.5938311706594	-9.94759408244146	44.5
11.6148899536327	-9.92275973322822	44.5
11.6359508186874	-9.89788190338116	44.5
11.6570137658236	-9.8729605929003	44.5
11.6780787950413	-9.84799580178562	44.5
11.6991459063405	-9.82298753003714	44.5
11.7202150997211	-9.79793577765486	44.5
11.7412863751832	-9.77284054463876	44.5
11.7623597327268	-9.74770183098886	44.5
11.7834351723519	-9.72251963670514	44.5
11.8045126940584	-9.69729396178762	44.5
11.8255922978464	-9.67202480623629	44.5
11.8466739837158	-9.64671217005115	44.5
11.8677577516668	-9.6213560532322	44.5
11.8888436016992	-9.59595645577945	44.5
11.9099315338131	-9.57051337769289	44.5
11.9310215480084	-9.54502681897252	44.5
11.9521136442853	-9.51949677961834	44.5
11.9732078226436	-9.49392325963035	44.5
11.9943040830833	-9.46830625900855	44.5
12.0154024256046	-9.44264577775295	44.5
12.0365028502073	-9.41694181586353	44.5
12.0576053568915	-9.39119437334032	44.5
12.0787099456571	-9.36540345018329	44.5
12.0998166165042	-9.33956904639245	44.5
12.1209253694328	-9.3136911619678	44.5
12.1420362044429	-9.28776979690935	44.5
12.1631491215345	-9.26180495121708	44.5
12.1842641207075	-9.23579662489101	44.5
12.205381201962	-9.20974481793113	44.5
12.2265003652979	-9.18364953033745	44.5
12.2476216107154	-9.15751076210995	44.5
12.2687449382143	-9.13132851324865	44.5
12.2898703477946	-9.10510278375354	44.5
12.3109978394565	-9.07883357362461	44.5
12.3321274131998	-9.05252088286189	44.5
12.3532590690246	-9.02616471146535	44.5
12.3743928069309	-8.99976505943501	44.5
12.3955286269186	-8.97332192677085	44.5
12.4166665289878	-8.94683531347289	44.5
12.4378065131385	-8.92030521954112	44.5
12.4589485793706	-8.89373164497554	44.5
12.4800927276842	-8.86711458977616	44.5
12.5012389580793	-8.84045405394296	44.5
12.5223872705559	-8.81375003747596	44.5
12.5435376651139	-8.78700254037514	44.5
12.5646901417535	-8.76021156264053	44.5
12.5858447004744	-8.7333771042721	44.5
12.6070013412769	-8.70649916526986	44.5
12.6281600641608	-8.67957774563382	44.5
12.6493208691262	-8.65261284536396	44.5
12.6704837561731	-8.6256044644603	44.5
12.6916487253014	-8.59855260292283	44.5
12.7128157765112	-8.57145726075155	44.5
12.7339849098025	-8.54431843794647	44.5
12.7551561251753	-8.51713613450757	44.5
12.7763294226295	-8.48991035043488	44.5
12.7975048021652	-8.46264108572836	44.5
12.8186822637824	-8.43532834038804	44.5
12.839861807481	-8.40797211441392	44.5
12.8610434332611	-8.38057240780598	44.5
12.8822271411227	-8.35312922056424	44.5
12.9034129310658	-8.32564255268868	44.5
12.9246008030903	-8.29811240417932	44.5
12.9457907571963	-8.27053877503615	44.5
12.9669827933838	-8.24292166525918	44.5
12.9881769116527	-8.21526107484839	44.5
13.0093731120031	-8.1875570038038	44.5
13.030571394435	-8.15980945212539	44.5
13.0517717589484	-8.13201841981319	44.5
13.0729742055432	-8.10418390686717	44.5
13.0941787342195	-8.07630591328734	44.5
13.1153853449773	-8.04838443907371	44.5
13.1365940378166	-8.02041948422626	44.5
13.1578048127373	-7.99241104874501	44.5
13.1790176697395	-7.96435913262995	44.5
13.2002326088231	-7.93626373588108	44.5
13.2214496299883	-7.90812485849841	44.5
13.2426687332349	-7.87994250048192	44.5
13.263889918563	-7.85171666183163	44.5
13.2851131859725	-7.82344734254753	44.5
13.3063385354635	-7.79513454262962	44.5
13.327565967036	-7.7667782620779	44.5
13.34879548069	-7.73837850089237	44.5
13.3700270764254	-7.70993525907304	44.5
13.3912607542424	-7.6814485366199	44.5
13.4124965141407	-7.65291833353295	44.5
13.4337343561206	-7.62434464981219	44.5
13.4549742801819	-7.59572748545762	44.5
13.4762162863247	-7.56706684046924	44.5
13.497460374549	-7.53836271484706	44.5
13.5187065448547	-7.50961510859107	44.5
13.539954797242	-7.48082402170127	44.5
13.5612051317106	-7.45198945417766	44.5
13.5824575482608	-7.42311140602024	44.5
13.6037120468924	-7.39418987722902	44.5
13.6249686276055	-7.36522486780398	44.5
13.6462272904001	-7.33621637774514	44.5
13.6674880352761	-7.30716440705249	44.5
13.6887508622337	-7.27806895572603	44.5
13.7100157712726	-7.24893002376577	44.5
13.7312827623931	-7.21974761117169	44.5
13.752551835595	-7.1905217179438	44.5
13.7738229908784	-7.16125234408211	44.5
13.7950962282433	-7.13193948958661	44.5
13.8163715476897	-7.10258315445731	44.5
13.8376489492175	-7.07318333869419	44.5
13.8589284328268	-7.04374004229727	44.5
13.8802099985175	-7.01425326526653	44.5
13.9014936462898	-6.98472300760199	44.5
13.9227793761435	-6.95514926930364	44.5
13.9440671880787	-6.92553205037148	44.5
13.9653570820953	-6.89587135080551	44.5
13.9866490581934	-6.86616717060574	44.5
14.007943116373	-6.83641950977216	44.5
14.0292392566341	-6.80662836830477	44.5
14.0505374789766	-6.77679374620357	44.5
14.0718377834006	-6.74691564346856	44.5
14.0931401699061	-6.71699406009974	44.5
14.1144446384931	-6.68702899609712	44.5
14.1357511891615	-6.65702045146069	44.5
14.1570598219114	-6.62696842619045	44.5
14.1783705367428	-6.5968729202864	44.5
14.1996833336556	-6.56673393374854	44.5
14.2209982126499	-6.53655146657687	44.5
14.2423151737257	-6.5063255187714	44.5
14.263634216883	-6.47605609033212	44.5
14.2849553421217	-6.44574318125903	44.5
14.3062785494419	-6.41538679155213	44.5
14.3276038388436	-6.38498692121142	44.5
14.3489312103267	-6.35454357023691	44.5
14.3702606638913	-6.32405673862859	44.5
14.3915921995374	-6.29352642638645	44.5
14.412925817265	-6.26295263351052	44.5
14.434261517074	-6.23233536000077	44.5
14.4555992989645	-6.20167460585721	44.5
14.4769391629365	-6.17097037107985	44.5
14.4982811089899	-6.14022265566867	44.5
14.5196251371249	-6.10943145962369	44.5
14.5409712473412	-6.0785967829449	44.5
14.5623194396391	-6.0477186256323	44.5
14.5836697140184	-6.0167969876859	44.5
14.6050220704792	-5.98583186910568	44.5
14.6263765090215	-5.95482326989166	44.5
14.6477330296453	-5.92377119004383	44.5
14.6690916323505	-5.89267562956219	44.5
14.6904523171372	-5.86153658844674	44.5
14.7118150840054	-5.83035406669748	44.5
14.733179932955	-5.79912806431442	44.5
14.7545468639861	-5.76785858129755	44.5
14.7759158770987	-5.73654561764687	44.5
14.7972869722927	-5.70518917336238	44.5
14.8186601495683	-5.67378924844408	44.5
14.8400354089253	-5.64234584289197	44.5
14.8614127503637	-5.61085895670606	44.5
14.8827921738837	-5.57932858988634	44.5
14.9041736794851	-5.54775474243281	44.5
14.925557267168	-5.51613741434547	44.5
14.9469429369323	-5.48447660562432	44.5
14.9683306887781	-5.45277231626937	44.5
14.9897205227054	-5.42102454628061	44.5
15.0111124387142	-5.38923329565803	44.5
15.0325064368045	-5.35739856440165	44.5
15.0539025169762	-5.32552035251146	44.5
15.0753006792294	-5.29359865998747	44.5
15.096700923564	-5.26163348682966	44.5
15.1181032499801	-5.22962483303805	44.5
15.1395076584777	-5.19757269861262	44.5
15.1609141490568	-5.1654770835534	44.5
15.1823227217174	-5.13333798786036	44.5
15.2037333764594	-5.10115541153351	44.5
15.2251461132829	-5.06892935457286	44.5
15.2465609321878	-5.03665981697839	44.5
15.2679778331743	-5.00434679875012	44.5
15.2893968162422	-4.97199029988804	44.5
15.3108178813915	-4.93959032039216	44.5
15.3322410286224	-4.90714686026246	44.5
15.3536662579347	-4.87465991949895	44.5
15.3750935693285	-4.84212949810164	44.5
15.3965229628038	-4.80955559607052	44.5
15.4179544383605	-4.77693821340559	44.5
15.4393879959987	-4.74427735010686	44.5
15.4608236357184	-4.71157300617431	44.5
15.4822613575195	-4.67882518160796	44.5
15.5037011614022	-4.64603387640779	44.5
15.5251430473663	-4.61319909057382	44.5
15.5465870154118	-4.58032082410604	44.5
15.5680330655389	-4.54739907700446	44.5
15.5894811977474	-4.51443384926906	44.5
15.6109314120374	-4.48142514089986	44.5
15.6323837084088	-4.44837295189685	44.5
15.6538380868618	-4.41527728226002	44.5
15.6752945473961	-4.38213813198939	44.5
15.696753090012	-4.34895550108496	44.5
15.7182137147094	-4.31572938954672	44.5
15.7396764214882	-4.28245979737466	44.5
15.7611412103485	-4.2491467245688	44.5
15.7826080812902	-4.21579017112913	44.5
15.8040770343134	-4.18239013705565	44.5
15.8255480694181	-4.14894662234837	44.5
15.8470211866043	-4.11545962700727	44.5
15.868496385872	-4.08192915103237	44.5
15.8899736672211	-4.04835519442366	44.5
15.9114530306517	-4.01473775718114	44.5
15.9329344761637	-3.98107683930481	44.5
15.9544180037573	-3.94737244079467	44.5
15.9759036134323	-3.91362456165073	44.5
15.9973913051887	-3.87983320187298	44.5
16.0188810790267	-3.84599836146141	44.5
16.0403729349461	-3.81212004041605	44.5
16.061866872947	-3.77819823873687	44.5
16.0833628930294	-3.74423295642388	44.5
16.1048609951932	-3.71022419347709	44.5
16.1263611794385	-3.67617194989649	44.5
16.1478634457653	-3.64207622568208	44.5
16.1693677941735	-3.60793702083385	44.5
16.1908742246633	-3.57375433535183	44.5
16.2123827372344	-3.53952816923599	44.5
16.2338933318871	-3.50525852248635	44.5
16.2554060086213	-3.4709453951029	44.5
16.2769207674369	-3.43658878708564	44.5
16.2984376083339	-3.40218869843456	44.5
16.3199565313125	-3.36774512914969	44.5
16.3414775363725	-3.333258079231	44.5
16.363000623514	-3.29872754867851	44.5
16.384525792737	-3.26415353749221	44.5
16.4060530440414	-3.2295360456721	44.5
16.4275823774273	-3.19487507321818	44.5
16.4491137928947	-3.16017062013045	44.5
16.4706472904436	-3.12542268640892	44.5
16.4921828700739	-3.09063127205357	44.5
16.5137205317857	-3.05579637706442	44.5
16.535260275579	-3.02091800144147	44.5
16.5568021014537	-2.9859961451847	44.5
16.5783460094099	-2.95103080829412	44.5
16.5998919994476	-2.91602199076974	44.5
16.6214400715668	-2.88096969261154	44.5
16.6429902257674	-2.84587391381954	44.5
16.6645424620495	-2.81073465439373	44.5
16.6860967804131	-2.77555191433412	44.5
16.7076531808581	-2.74032569364069	44.5
16.7292116633847	-2.70505599231345	44.5
16.7507722279926	-2.66974281035241	44.5
16.7723348746821	-2.63438614775756	44.5
16.793899603453	-2.5989860045289	44.5
16.8154664143054	-2.56354238066643	44.5
16.8370353072393	-2.52805527617016	44.5
16.8586062822547	-2.49252469104007	44.5
16.8801793393515	-2.45695062527619	44.5
16.9017544785298	-2.42133307887848	44.5
16.9233316997896	-2.38567205184697	44.5
16.9449110031308	-2.34996754418166	44.5
16.9664923885535	-2.31421955588253	44.5
16.9880758560577	-2.2784280869496	44.5
17.0096614056433	-2.24259313738286	44.5
17.0312490373105	-2.2067147071823	44.5
17.0528387510591	-2.17079279634795	44.5
17.0744305468891	-2.13482740487978	44.5
17.0960244248007	-2.09881853277781	44.5
17.1176203847937	-2.06276618004203	44.5
17.1392184268682	-2.02667034667243	44.5
17.1608185510241	-1.99053103266903	44.5
17.1824207572615	-1.95434823803182	44.5
17.2040250455804	-1.91812196276081	44.5
17.2256314159808	-1.88185220685599	44.5
17.2472398684626	-1.84553897031735	44.5
17.268850403026	-1.80918225314491	44.5
17.2904630196707	-1.77278205533866	44.5
17.312077718397	-1.7363383768986	44.5
17.3336944992047	-1.69985121782474	44.5
17.3553133620939	-1.66332057811706	44.5
17.3769343070646	-1.62674645777557	44.5
17.3985573341168	-1.59012885680028	44.5
17.4201824432504	-1.55346777519119	44.5
17.4418096344655	-1.51676321294828	44.5
17.463438907762	-1.48001517007156	44.5
17.4850702631401	-1.44322364656104	44.5
17.5067037005996	-1.40638864241671	44.5
17.5283392201405	-1.36951015763857	44.5
17.549976821763	-1.33258819222662	44.5
17.5716165054669	-1.29562274618086	44.5
17.5932582712523	-1.25861381950129	44.5
17.6149021191192	-1.22156141218792	44.5
17.6365480490675	-1.18446552424074	44.5
17.6581960610973	-1.14732615565975	44.5
17.6798461552086	-1.11014330644495	44.5
17.7014983314013	-1.07291697659635	44.5
17.7231525896756	-1.03564716611393	44.5
17.7448089300313	-0.998333874997705	44.5
17.7664673524684	-0.960977103247671	44.5
17.7881278569871	-0.923576850863832	44.5
17.8097904435872	-0.886133117846185	44.5
17.8314551122687	-0.848645904194733	44.5
17.8531218630318	-0.811115209909467	44.5
17.8747906958763	-0.773541034990387	44.5
17.8964616108023	-0.735923379437509	44.5
17.9181346078098	-0.69826224325082	44.5
17.9398096868987	-0.660557626430325	44.5
17.9614868480691	-0.622809528976017	44.5
17.983166091321	-0.585017950887902	44.5
18.0048474166544	-0.547182892165978	44.5
18.0265308240692	-0.509304352810247	44.5
18.0482163135655	-0.47138233282071	44.5
18.0699038851433	-0.433416832197363	44.5
18.0915935388025	-0.395407850940202	44.5
18.1132852745433	-0.357355389049239	44.5
18.1349790923654	-0.31925944652447	44.5
18.1566749922691	-0.281120023365887	44.5
18.1783729742542	-0.242937119573501	44.5
18.2000730383208	-0.204710735147302	44.5
18.2217751844689	-0.166440870087296	44.5
18.2434794126985	-0.128127524393484	44.5
18.2651857230095	-0.0897706980658626	44.5
18.286894115402	-0.051370391104431	44.5
18.3086045898759	-0.0129266035091895	44.5
18.3303171464314	0.0255606647198547	44.5
18.3520317850683	0.0640914135827089	44.5
18.3737485057867	0.102665643079373	44.5
18.3954673085865	0.141283353209843	44.5
18.4171881934678	0.179944543974127	44.5
18.4389111604306	0.218649215372213	44.5
18.4606362094749	0.25739736740411	44.5
18.4823633406006	0.296189000069816	44.5
18.5040925538078	0.335024113369329	44.5
18.5258238490965	0.373902707302655	44.5
18.5475572264667	0.41282478186978	44.5
18.5692926859183	0.451790337070719	44.5
18.5910302274514	0.490799372905464	44.5
18.612769851066	0.529851889374015	44.5
18.634511556762	0.568947886476387	44.5
18.6562553445395	0.608087364212555	44.5
18.6780012143985	0.647270322582532	44.5
18.6997491663389	0.686496761586319	44.5
18.7214992003609	0.725766681223913	44.5
18.7432513164643	0.765080081495324	44.5
18.7650055146491	0.804436962400533	44.5
18.7867617949155	0.843837323939553	44.5
18.8085201572633	0.883281166112383	44.5
18.8302806016926	0.922768488919022	44.5
18.8520431282033	0.962299292359468	44.5
18.8738077367956	1.00187357643372	44.5
18.8955744274693	1.04149134114178	44.5
18.9173432002245	1.08115258648365	44.5
18.9391140550611	1.12085731245934	44.5
18.9608869919792	1.16060551906882	44.5
18.9826620109788	1.20039720631211	44.5
19.0044391120599	1.24023237418922	44.5
19.0262182952224	1.28011102270013	44.5
19.0479995604664	1.32003315184485	44.5
19.0697829077919	1.35999876162338	44.5
19.0915683371988	1.40000785203571	44.5
19.1133558486873	1.44006042308186	44.5
19.1351454422571	1.48015647476181	44.5
19.1569371179085	1.52029600707558	44.5
19.1787308756413	1.56047902002314	44.5
19.2005267154557	1.60070551360452	44.5
19.2223246373514	1.64097548781971	44.5
19.2441246413287	1.6812889426687	44.5
19.2659267273874	1.72164587815151	44.5
19.2877308955276	1.76204629426812	44.5
19.3095371457493	1.80249019101854	44.5
19.3313454780524	1.84297756840277	44.5
19.353155892437	1.8835084264208	44.5
19.3749683889031	1.92408276507265	44.5
19.3967829674507	1.9647005843583	44.5
19.4185996280797	2.00536188427776	44.5
19.4404183707902	2.04606666483103	44.5
19.4622391955822	2.0868149260181	44.5
19.4840621024556	2.12760666783899	44.5
19.5058870914105	2.16844189029369	44.5
19.5277141624469	2.20932059338219	44.5
19.5495433155648	2.2502427771045	44.5
19.5713745507641	2.29120844146061	44.5
19.5932078680449	2.33221758645055	44.5
19.6150432674072	2.37327021207428	44.5
19.6368807488509	2.41436631833182	44.5
19.6587203123761	2.45550590522317	44.5
19.6805619579828	2.49668897274833	44.5
19.702405685671	2.5379155209073	44.5
19.7242514954406	2.57918554970008	44.5
19.7460993872917	2.62049905912667	44.5
19.7679493612243	2.66185604918706	44.5
19.7898014172383	2.70325651988126	44.5
19.8116555553339	2.74470047120927	44.5
19.8335117755108	2.78618790317109	44.5
19.8553700777693	2.82771881576672	44.5
19.8772304621092	2.86929320899615	44.5
19.8990929285306	2.91091108285939	44.5
19.9209574770335	2.95257243735645	44.5
19.9428241076179	2.99427727248731	44.5
19.9646928202837	3.03602558825197	44.5
19.986563615031	3.07781738465045	44.5
20.0084364918598	3.11965266168273	44.5
20.03031145077	3.16153141934883	44.5
20.0521884917617	3.20345365764873	44.5
20.0740676148349	3.24541937658244	44.5
20.0959488199895	3.28742857614995	44.5
20.1178321072257	3.32948125635128	44.5
20.1397174765433	3.37157741718642	44.5
20.1616049279423	3.41371705865536	44.5
20.1834944614229	3.45590018075811	44.5
20.2053860769849	3.49812678349467	44.5
20.2272797746284	3.54039686686503	44.5
20.2491755543533	3.58271043086921	44.5
20.2710734161598	3.62506747550719	44.5
20.2929733600477	3.66746800077899	44.5
20.314875386017	3.70991200668458	44.5
20.3367794940679	3.752399493224	44.5
20.3586856842002	3.79493046039721	44.5
20.380593956414	3.83750490820424	44.5
20.4025043107092	3.88012283664507	44.5
20.424416747086	3.92278424571971	44.5
20.4463312655442	3.96548913542816	44.5
20.4682478660838	4.00823750577042	44.5
20.490166548705	4.05102935674649	44.5
20.5120873134076	4.09386468835636	44.5
20.5340101601917	4.13674350060004	44.5
20.5559350890573	4.17966579347754	44.5
20.5778621000043	4.22263156698884	44.5
20.5997911930328	4.26564082113394	44.5
20.6217223681428	4.30869355591286	44.5
20.6436556253342	4.35178977132558	44.5
20.6655909646072	4.39492946737212	44.5
20.6875283859615	4.43811264405246	44.5
20.7094678893974	4.48133930136661	44.5
20.7314094749147	4.52460943931456	44.5
20.7533531425136	4.56792305789633	44.5
20.7752988921938	4.61128015711191	44.5
20.7972467239556	4.65468073696129	44.5
20.8191966377988	4.69812479744448	44.5
20.8411486337235	4.74161233856148	44.5
20.8631027117297	4.78514336031228	44.5
20.8850588718173	4.82871786269691	44.5
20.9070171139864	4.87233584571533	44.5
20.928977438237	4.91599730936756	44.5
20.9509398445691	4.9597022536536	44.5
20.9729043329826	5.00345067857344	44.5
20.9948709034776	5.0472425841271	44.5
21.0168395560541	5.09107797031457	44.5
21.038810290712	5.13495683713584	44.5
21.0607831074514	5.17887918459092	44.5
21.0827580062723	5.22284501267981	44.5
21.1047349871747	5.26685432140252	44.5
21.1267140501585	5.31090711075902	44.5
21.1486951952238	5.35500338074933	44.5
21.1706784223706	5.39914313137346	44.5
21.1926637315988	5.44332636263139	44.5
21.2146511229085	5.48755307452313	44.5
21.2366405962997	5.53182326704868	44.5
21.2586321517724	5.57613694020803	44.5
21.2806257893265	5.6204940940012	44.5
21.3026215089621	5.66489472842817	44.5
21.3246193106792	5.70933884348896	44.5
21.3466191944777	5.75382643918354	44.5
21.3686211603578	5.79835751551194	44.5
21.3906252083193	5.84293207247414	44.5
21.4126313383622	5.88755011007016	44.5
21.4346395504867	5.93221162829999	44.5
21.4566498446926	5.97691662716362	44.5
21.4786622209799	6.02166510666105	44.5
21.5006766793488	6.0664570667923	44.5
21.5226932197991	6.11129250755735	44.5
21.5447118423309	6.15617142895622	44.5
21.5667325469442	6.2010938309889	44.5
21.5887553336389	6.24605971365537	44.5
21.6107802024151	6.29106907695566	44.5
21.6328071532728	6.33612192088976	44.5
21.654836186212	6.38121824545767	44.5
21.6768673012326	6.42635805065938	44.5
21.6989004983347	6.4715413364949	44.5
21.7209357775183	6.51676810296423	44.5
21.7429731387833	6.56203835006738	44.5
21.7650125821298	6.60735207780431	44.5
21.7870541075578	6.65270928617507	44.5
21.8090977150673	6.69810997517963	44.5
21.8311434046582	6.74355414481801	44.5
21.8531911763306	6.78904179509019	44.5
21.8752410300845	6.83457292599618	44.5
21.8972929659198	6.88014753753597	44.5
21.9193469838366	6.92576562970957	44.5
21.9414030838349	6.97142720251698	44.5
21.9634612659147	7.01713225595821	44.5
21.9855215300759	7.06288079003324	44.5
22.0075838763186	7.10867280474208	44.5
22.0296483046428	7.15450830008472	44.5
22.0517148150484	7.20038727606118	44.5
22.0737834075356	7.24630973267144	44.5
22.0958540821041	7.29227566991551	44.5
22.1179268387542	7.33828508779339	44.5
22.1400016774857	7.38433798630508	44.5
22.1620785982987	7.43043436545057	44.5
22.1841576011932	7.47657422522988	44.5
22.2062386861692	7.52275756564299	44.5
22.2283218532266	7.56898438668991	44.5
22.2331376336012	7.57886914401399	44.5
22.2381080828848	7.58867703888964	44.5
22.2432319746934	7.59840565136556	44.5
22.2485080447833	7.60805258105219	44.5
22.2539349913632	7.61761544771399	44.5
22.2595114754153	7.62709189185669	44.5
22.2652361210255	7.63647957530951	44.5
22.2711075157232	7.64577618180201	44.5
22.2771242108296	7.65497941753567	44.5
22.2832847218152	7.66408701174976	44.5
22.2895875286662	7.67309671728172	44.5
22.2960310762591	7.68200631112149	44.5
22.3026137747452	7.69081359496013	44.5
22.309333999942	7.69951639573212	44.5
22.3161900937345	7.70811256615161	44.5
22.3231803644842	7.71659998524217	44.5
22.3303030874463	7.72497655886013	44.5
22.3375565051956	7.73324022021131	44.5
22.3449388280597	7.74138893036091	44.5
22.352448234561	7.74942067873664	44.5
22.3600828718658	7.75733348362476	44.5
22.3678408562415	7.76512539265908	44.5
22.3757202735216	7.77279448330263	44.5
22.3837191795777	7.78033886332204	44.5
22.3918356007996	7.78775667125444	44.5
22.4000675345816	7.79504607686671	44.5
22.4084129498174	7.80220528160711	44.5
22.4168697874006	7.80923251904897	44.5
22.425435960733	7.81612605532661	44.5
22.4341093562397	7.82288418956311	44.5
22.4428878338899	7.82950525428997	44.5
22.4517692277257	7.83598761585854	44.5
22.4607513463961	7.84232967484309	44.5
22.4698319736977	7.84852986643548	44.5
22.4790088691215	7.85458666083121	44.5
22.4882797684061	7.86049856360688	44.5
22.4976423840955	7.86626411608895	44.5
22.5070944061047	7.87188189571361	44.5
22.5166335022885	7.87735051637781	44.5
22.5262573190177	7.88266862878122	44.5
22.5359634817595	7.88783492075918	44.5
22.5457495956636	7.89284811760646	44.5
22.5556132461527	7.89770698239175	44.5
22.5655519995186	7.90241031626285	44.5
22.5755634035228	7.90695695874253	44.5
22.585644988001	7.91134578801477	44.5
22.5957942654732	7.91557572120164	44.5
22.606008731757	7.91964571463041	44.5
22.6162858665856	7.92355476409109	44.5
22.62662313423	7.92730190508424	44.5
22.6370179841238	7.93088621305886	44.5
22.6474678514935	7.93430680364062	44.5
22.6579701579907	7.93756283284998	44.5
22.6685223123283	7.94065349731042	44.5
22.6791217109203	7.94357803444676	44.5
22.6897657385235	7.94633572267321	44.5
22.7004517688835	7.94892588157147	44.5
22.7111771653821	7.95134787205858	44.5
22.7219392816883	7.95360109654465	44.5
22.7327354624109	7.95568499908023	44.5
22.7435630437538	7.95759906549355	44.5
22.7544193541735	7.95934282351738	44.5
22.7653017150376	7.96091584290552	44.5
22.7762074412865	7.96231773553897	44.5
22.7871338420955	7.96354815552169	44.5
22.7980782215387	7.96460679926597	44.5
22.8090378792541	7.96549340556729	44.5
22.8200101111102	7.96620775566884	44.5
22.8309922098731	7.96674967331541	44.5
22.8419814658741	7.96711902479692	44.5
22.8529751676788	7.96731571898142	44.5
22.8639706027557	7.96733970733759	44.5
22.8749650581458	7.96719098394662	44.5
22.8859558211318	7.96686958550381	44.5
22.8969401799073	7.96637559130941	44.5
22.9079154242461	7.96570912324909	44.5
22.918878846171	7.96487034576388	44.5
22.9298277406216	7.96385946580957	44.5
22.9407594061221	7.96267673280566	44.5
22.9516711454475	7.96132243857382	44.5
22.9625602662895	7.95979691726589	44.5
22.9734240819204	7.95810054528143	44.5
22.9842599118564	7.95623374117484	44.5
22.9950650825184	7.9541969655521	44.5
23.0058369278923	7.95199072095711	44.5
23.0165727901865	7.94961555174773	44.5
23.0272700204875	7.94707204396141	44.5
23.0379259794139	7.94436082517063	44.5
23.0485380377673	7.94148256432806	44.5
23.0591035771809	7.93843797160151	44.5
23.0696199907662	7.93522779819866	44.5
23.0800846837553	7.93185283618178	44.5
23.090495074142	7.92831391827223	44.5
23.100848593318	7.92461191764506	44.5
23.1111426867076	7.92074774771353	44.5
23.1213748143971	7.91672236190374	44.5
23.1315424517623	7.91253675341942	44.5
23.1416430900906	7.90819195499682	44.5
23.1516742372007	7.90368903864994	44.5
23.1616334180573	7.89902911540603	44.5
23.1715181753814	7.8942133350314	44.5
23.181326070257	7.8892428857478	44.5
23.1910546827329	7.88411899393923	44.5
23.2007016124196	7.8788429238493	44.5
23.2102644790814	7.87341597726937	44.5
23.2197409232241	7.86783949321732	44.5
23.2291286066769	7.86211484760712	44.5
23.2384252131694	7.85624345290943	44.5
23.247628448903	7.85022675780303	44.5
23.2567360431171	7.84406624681741	44.5
23.2657457486491	7.83776343996648	44.5
23.2746553424889	7.83131989237351	44.5
23.2834626263275	7.82473719388745	44.5
23.2921654270995	7.81801696869066	44.5
23.300761597519	7.81116087489815	44.5
23.3092490166095	7.80417060414847	44.5
23.3176255902275	7.79704788118633	44.5
23.3258892515787	7.78979446343704	44.5
23.3340379617283	7.7824121405729	44.5
23.342069710104	7.77490273407161	44.5
23.3499825149921	7.76726809676686	44.5
23.3577744240265	7.75951011239116	44.5
23.36544351467	7.75163069511107	44.5
23.3729878946894	7.74363178905492	44.5
23.3804057026218	7.73551536783306	44.5
23.3876951082341	7.72728343405099	44.5
23.3948543129745	7.7189380188152	44.5
23.4018815504163	7.71048118123202	44.5
23.408775086694	7.70191500789958	44.5
23.4155332209305	7.69324161239297	44.5
23.4221542856573	7.68446313474276	44.5
23.4286366472259	7.67558174090693	44.5
23.4349787062105	7.66659962223654	44.5
23.4411788978029	7.65751899493495	44.5
23.4472356921986	7.64834209951109	44.5
23.4531475949743	7.63907120022657	44.5
23.4589131474563	7.62970858453708	44.5
23.464530927081	7.62025656252794	44.5
23.4699995477452	7.61071746634414	44.5
23.4753176601486	7.60109364961494	44.5
23.4804839521266	7.5913874868731	44.5
23.4854971489738	7.58160137296905	44.5
23.4903560137591	7.57173772247996	44.5
23.4950593476302	7.56179896911399	44.5
23.4996059901099	7.55178756510983	44.5
23.5039948193821	7.5417059806316	44.5
23.508224752569	7.53155670315942	44.5
23.5122947459978	7.52134223687564	44.5
23.5162037954585	7.51106510204698	44.5
23.5199509364516	7.50072783440267	44.5
23.5235352444262	7.49033298450882	44.5
23.526955835008	7.47988311713911	44.5
23.5302118642173	7.46938081064194	44.5
23.5333025286778	7.45882865630429	44.5
23.5362270658141	7.44822925771236	44.5
23.5389847540406	7.43758523010912	44.5
23.5415749129388	7.42689919974914	44.5
23.543996903426	7.41617380325051	44.5
23.546250127912	7.40541168694432	44.5
23.5483340304476	7.39461550622173	44.5
23.5502480968609	7.38378792487879	44.5
23.5519918548848	7.37293161445918	44.5
23.5535648742729	7.36204925359505	44.5
23.5549667669063	7.3511435273461	44.5
23.5561971868891	7.34021712653711	44.5
23.5572558306333	7.32927274709397	44.5
23.5581424369347	7.31831308937856	44.5
23.5588567870362	7.30734085752241	44.5
23.5593987046828	7.29635875875957	44.5
23.5597680561643	7.28536950275856	44.5
23.5599647503488	7.27437580095387	44.5
23.559988738705	7.26338036587692	44.5
23.559840015314	7.25238591048679	44.5
23.5595186168712	7.24139514750082	44.5
23.5590246226768	7.23041078872534	44.5
23.5583581546165	7.21943554438651	44.5
23.5575193771313	7.20847212246163	44.5
23.5565084971769	7.19752322801102	44.5
23.555325764173	7.18659156251055	44.5
23.5539714699412	7.17567982318512	44.5
23.5524459486333	7.16479070234312	44.5
23.5507495766488	7.15392688671218	44.5
23.5488827725422	7.14309105677626	44.5
23.5468459969195	7.13228588611425	44.5
23.5446397523245	7.12151404074033	44.5
23.5422645831151	7.11077817844615	44.5
23.5397210753288	7.10008094814511	44.5
23.537009856538	7.08942498921871	44.5
23.5341315956954	7.07881293086537	44.5
23.5310870029689	7.06824739145169	44.5
23.527876829566	7.05773097786643	44.5
23.5245018675491	7.04726628487727	44.5
23.5209629496396	7.03685589449064	44.5
23.5172609490124	7.02650237531459	44.5
23.5133967790809	7.01620828192503	44.5
23.5093713932711	7.00597615423549	44.5
23.5051857847868	6.99580851687038	44.5
23.5008409863642	6.98570787854205	44.5
23.4963380700173	6.97567673143189	44.5
23.4917307821149	6.96582780380366	44.5
23.4869906992762	6.95589670533992	44.5
23.4818665510517	6.945160939441	44.5
23.4765045468479	6.93392683552935	44.5
23.4711495514857	6.92270741923363	44.5
23.4668310745158	6.91365964755696	44.5
23.4618390800652	6.90320077260553	44.5
23.456107019557	6.89119136836021	44.5
23.4495664299208	6.87748799820272	44.5
23.4421472063558	6.86194378645024	44.5
23.4337778750946	6.84440898989002	44.5
23.4292142763243	6.83484768411392	44.5
23.4243858661669	6.82473156931404	44.5
23.4192834468448	6.81404137560752	44.5
23.4138977861629	6.80275776105361	44.5
23.4082196260328	6.79086132951414	44.5
23.4022396909966	6.778332648514	44.5
23.3959486967507	6.76515226710153	44.5
23.3893373586697	6.75130073370907	44.5
23.3823964003304	6.73675861401332	44.5
23.3751165620351	6.72150650879589	44.5
23.3674886093364	6.70552507180367	44.5
23.3595033415601	6.68879502760936	44.5
23.3511516003297	6.67129718947189	44.5
23.3424242780902	6.65301247719685	44.5
23.3333123266315	6.63392193499703	44.5
23.3238067656127	6.6140067493528	44.5
23.3138986910859	6.59324826687259	44.5
23.3035792840201	6.57162801215337	44.5
23.2928398188246	6.54912770564106	44.5
23.2816716718736	6.52572928149105	44.5
23.2700663300294	6.50141490542858	44.5
23.2580153991667	6.47616699260928	44.5
23.2455106126963	6.44996822547955	44.5
23.2325438400888	6.42280157163709	44.5
23.2191070953989	6.39465030169128	44.5
23.2051925457887	6.36549800712372	44.5
23.190792520052	6.3353286181486	44.5
23.175899517138	6.30412642157324	44.5
23.1605062146751	6.27187607865847	44.5
23.1446054774949	6.23856264297917	44.5
23.1281903661558	6.20417157828464	44.5
23.1112541454673	6.16868877635911	44.5
23.0937902930134	6.13210057488222	44.5
23.0757925076769	6.09439377528938	44.5
23.0572547181627	6.05555566063235	44.5
23.0381710915223	6.01557401343961	44.5
23.0185360416771	5.97443713357683	44.5
22.9983442379428	5.93213385610738	44.5
22.9775906135526	5.88865356915273	44.5
22.9562703741817	5.84398623175291	44.5
22.9343790064707	5.79812239172698	44.5
22.9119122865499	5.75105320353353	44.5
22.8888662885628	5.70277044613104	44.5
22.8652373931898	5.65326654083845	44.5
22.8410222961728	5.60253456919551	44.5
22.8162180168383	5.55056829082334	44.5
22.7908219066215	5.49736216128478	44.5
22.7648316575904	5.44291134994493	44.5
22.7382453109695	5.38721175783158	44.5
22.7110612656566	5.33026003548157	44.5
22.6832782857131	5.27205359863369	44.5
22.6548955015994	5.2125906308148	44.5
22.6259124059041	5.15187007438449	44.5
22.5963288484112	5.08989162019209	44.5
22.5661450311649	5.02665569723013	44.5
22.5353615035353	4.96216346228779	44.5
22.5039791572837	4.89641678960455	44.5
22.4719992216277	4.82941826052352	44.5
22.4394232583064	4.76117115314504	44.5
22.4062531566461	4.69167943198023	44.5
22.3724911286253	4.62094773760433	44.5
22.33813970394	4.54898137631042	44.5
22.3032017250691	4.47578630976271	44.5
22.2676803423396	4.40136914465016	44.5
22.2315790089922	4.32573712234002	44.5
22.1949014762459	4.24889810853117	44.5
22.1576517883643	4.17086058290783	44.5
22.1198342777198	4.09163362879293	44.5
22.0814535598598	4.0112269228016	44.5
22.0425145285715	3.92965072449473	44.5
22.0030223509474	3.84691586603253	44.5
21.9629824624505	3.76303374182783	44.5
21.9224005619795	3.67801629819986	44.5
21.8812826069345	3.59187602302749	44.5
21.8396348082818	3.50462593540288	44.5
21.7974636256195	3.41627957528501	44.5
21.7547757622427	3.32685099315302	44.5
21.7115781602088	3.23635473965994	44.5
21.6678779954028	3.14480585528598	44.5
21.6236826726027	3.05221985999211	44.5
21.5789998205445	2.95861274287369	44.5
21.533837286988	2.8640009518137	44.5
21.4882031337815	2.76840138313653	44.5
21.4421056319277	2.67183137126134	44.5
21.3955532566482	2.5743086783555	44.5
21.3485546824499	2.47585148398819	44.5
21.3011187781892	2.37647837478397	44.5
21.2532546021381	2.27620833407606	44.5
21.2049713970489	2.17506073156012	44.5
21.15627858522	2.07305531294749	44.5
21.1071857635608	1.97021218961885	44.5
21.0577026986575	1.86655182827775	44.5
21.0078393218375	1.76209504060393	44.5
20.9576057242357	1.65686297290707	44.5
20.9070121518594	1.55087709578007	44.5
20.8560690006532	1.44415919375264	44.5
20.8047868115649	1.33673135494489	44.5
20.7531762656105	1.22861596072073	44.5
20.7012481789396	1.11983567534132	44.5
20.6490134979005	1.01041343561875	44.5
20.5964832941058	0.900372440569377	44.5
20.5436687594975	0.789736141067358	44.5
20.4905812014121	0.678528229498308	44.5
20.4372320376466	0.566772629412537	44.5
20.3836327915229	0.454493485178833	44.5
20.3297950869537	0.341715151637736	44.5
20.2757306435075	0.228462183755109	44.5
20.2214512714744	0.114759326275795	44.5
20.1669688669304	0.000631503376830267	44.5
20.112295406804	-0.113896191678741	44.5
20.0574429439401	-0.22879850688863	44.5
20.0024236021666	-0.344050041857681	44.5
19.9472495713588	-0.45962525814431	44.5
19.891933102505	-0.575498489607057	44.5
19.8364865027719	-0.691643952751217	44.5
19.7809221305699	-0.808035757075061	44.5
19.7252523906179	-0.924647915416578	44.5
19.6694897290093	-1.04145435429991	44.5
19.613646628277	-1.15842892428169	44.5
19.5577356024585	-1.27554541029781	44.5
19.5017691921616	-1.39277754200965	44.5
19.4457599596291	-1.5100990041508	44.5
19.3897204838049	-1.62748344687346	44.5
19.3336633553987	-1.74490449609483	44.5
19.2776011719514	-1.86233576384383	44.5
19.2215465329008	-1.97975085860482	44.5
19.1655120346499	-2.09712339564751	44.5
19.1095102656359	-2.21442700734516	44.5
19.0535538014009	-2.33163535349132	44.5
18.9976551996613	-2.44872213161662	44.5
18.941826995378	-2.56566108730585	44.5
18.8860816958262	-2.68242602451444	44.5
18.8304317756657	-2.79899081588567	44.5
18.7748896720102	-2.9153294130673	44.5
18.7194677794978	-3.03141585702839	44.5
18.6641784453608	-3.14722428837631	44.5
18.6090339644956	-3.26272895767336	44.5
18.5540465745324	-3.37790423575385	44.5
18.4992284509057	-3.49272462404071	44.5
18.4445917019236	-3.6071647648625	44.5
18.3901483638384	-3.72119945177023	44.5
18.335910395916	-3.83480363985407	44.5
18.2818896755061	-3.94795245606029	44.5
18.228097993112	-4.06062120950818	44.5
18.1745470474608	-4.17278540180679	44.5
18.1212484405731	-4.28442073737167	44.5
18.068213672833	-4.39550313374199	44.5
18.015454138058	-4.50600873189706	44.5
17.9629811185691	-4.61591390657346	44.5
17.9108057802607	-4.72519527658173	44.5
17.8589391676703	-4.83382971512313	44.5
17.8073921990488	-4.94179436010672	44.5
17.7561756614303	-5.04906662446593	44.5
17.7053002057017	-5.15562420647569	44.5
17.6547763416734	-5.26144510006894	44.5
17.6046144331484	-5.36650760515382	44.5
17.554824692993	-5.47079033793018	44.5
17.505417178206	-5.57427224120672	44.5
17.4564017849894	-5.67693259471758	44.5
17.4077882438177	-5.77875102543934	44.5
17.3595861145083	-5.87970751790785	44.5
17.3118047812911	-5.97978242453495	44.5
17.2644534478787	-6.07895647592547	44.5
17.2175411325361	-6.17721079119392	44.5
17.171076663151	-6.27452688828151	44.5
17.1250686723033	-6.37088669427276	44.5
17.0795255923354	-6.46627255571256	44.5
17.034455650422	-6.56066724892294	44.5
16.9898668636399	-6.65405399031978	44.5
16.9457670340384	-6.74641644672989	44.5
16.9021637437086	-6.8377387457076	44.5
16.8590643498539	-6.92800548585185	44.5
16.8164759798596	-7.01720174712278	44.5
16.774405526363	-7.10531310115881	44.5
16.7328596423233	-7.19232562159327	44.5
16.6918447360915	-7.27822589437142	44.5
16.6513669664806	-7.36300102806714	44.5
16.611432237835	-7.44663866419988	44.5
16.5720461951009	-7.52912698755149	44.5
16.5332142188964	-7.61045473648294	44.5
16.4949414205807	-7.69061121325137	44.5
16.4572326373247	-7.76958629432669	44.5
16.4200924271809	-7.84737044070865	44.5
16.3835250641529	-7.92395470824355	44.5
16.3475345332658	-7.99933075794108	44.5
16.312124525636	-8.07349086629117	44.5
16.277298433541	-8.14642793558095	44.5
16.2430593454894	-8.21813550421135	44.5
16.2094100412911	-8.2886077570142	44.5
16.1763529871269	-8.35783953556893	44.5
16.1438903306186	-8.42582634851937	44.5
16.1120238958989	-8.49256438189073	44.5
16.0807551786815	-8.55805050940631	44.5
16.0500853413307	-8.62228230280444	44.5
16.0200152079316	-8.68525804215528	44.5
15.9905452593602	-8.7469767261776	44.5
15.9616756283529	-8.80743808255576	44.5
15.9334060945767	-8.86664257825639	44.5
15.9057360796993	-8.9245914298454	44.5
15.8786646424708	-8.98128661377909	44.5
15.8521904750699	-9.03673087405035	44.5
15.8263119060298	-9.09092771605837	44.5
15.8010269082372	-9.14388138985912	44.5
15.7763331074446	-9.19559687234048	44.5
15.7522277907834	-9.24607984939594	44.5
15.7287079152773	-9.29533669809854	44.5
15.7057701163551	-9.34337446887451	44.5
15.6834107163637	-9.39020086767717	44.5
15.6616257330817	-9.43582423816059	44.5
15.6404108882318	-9.48025354385351	44.5
15.6197616159945	-9.52349835033299	44.5
15.5996730715211	-9.56556880739828	44.5
15.5801401394464	-9.6064756312446	44.5
15.5611574424022	-9.64623008663686	44.5
15.5427193495303	-9.68484396908353	44.5
15.5248199849956	-9.72232958701034	44.5
15.5074532364991	-9.75869974393413	44.5
15.4906127637911	-9.79396772063658	44.5
15.4742920071843	-9.82814725733803	44.5
15.4584841960668	-9.86125253587126	44.5
15.4431823574155	-9.89329816185524	44.5
15.4283793243087	-9.92429914686896	44.5
15.4140677444397	-9.95427089062517	44.5
15.4002400886294	-9.98322916314421	44.5
15.38688865934	-10.0111900869277	44.5
15.3740055991876	-10.0381701191325	44.5
15.3615828994556	-10.0641860337444	44.5
15.3496124086074	-10.0892549037516	44.5
15.3380858408001	-10.1133940833191	44.5
15.3269947843971	-10.1366211899621	44.5
15.3163307104814	-10.1589540867197	44.5
15.3060849813688	-10.1804108643289	44.5
15.2962488591207	-10.2010098233985	44.5
15.2868135140574	-10.2207694565824	44.5
15.2777700332713	-10.2397084307538	44.5
15.2691094291399	-10.2578455691789	44.5
15.2608226478386	-10.2751998336906	44.5
15.2529005778545	-10.2917903068623	44.5
15.2453340584986	-10.3076361741818	44.5
15.2381138884198	-10.322756706225	44.5
15.2312308341173	-10.3371712408295	44.5
15.2246756384542	-10.3508991652687	44.5
15.2184390291701	-10.3639598984255	44.5
15.2125117273948	-10.3763728729658	44.5
15.2068844561607	-10.3881575175128	44.5
15.2015479489168	-10.3993332388203	44.5
15.1964929580407	-10.4099194039467	44.5
15.1917102633527	-10.4199353224288	44.5
15.1871906806282	-10.4294002284555	44.5
15.1789043450277	-10.4467534562019	44.5
15.1715615200487	-10.4621307763438	44.5
15.1650908946254	-10.4756815315955	44.5
15.1594225502353	-10.4875521477889	44.5
15.1544882333191	-10.4978855634342	44.5
15.148318589614	-10.5108059875896	44.5
15.1434376070658	-10.5210277031448	44.5
15.1385890584862	-10.5311814934898	44.5
15.1340134536505	-10.5407636864092	44.5
15.1296946913696	-10.5498080017623	44.5
15.1253382465656	-10.5589307551069	44.5
15.1208105684049	-10.5684031298023	44.5
15.1155541085525	-10.5793779773975	44.5
15.1109187278505	-10.5890340740688	44.5
15.1052117095256	-10.6008942424168	44.5
15.1001371382213	-10.611414648742	44.5
15.0943078825458	-10.6234712947423	44.5
15.087655289118	-10.637195449692	44.5
15.0827280873765	-10.6473368620971	44.5
15.0773823858066	-10.6583180998231	44.5
15.0715966034875	-10.6701789583806	44.5
15.0653488909102	-10.6829592890322	44.5
15.0586171555744	-10.6966989224525	44.5
15.0513790875856	-10.7114375923864	44.5
15.0436121852521	-10.7272148593089	44.5
15.0352937806818	-10.7440700340837	44.5
15.0264010653791	-10.7620421016227	44.5
15.0217321814013	-10.7714590450493	44.5
15.0169111158422	-10.781169644545	44.5
15.0119349894939	-10.7911786475543	44.5
15.00680091916	-10.8014907668358	44.5
15.001506018456	-10.8121106780765	44.5
14.9960473986088	-10.8230430175061	44.5
14.9904221692567	-10.8342923795116	44.5
14.9846274392494	-10.8458633142513	44.5
14.978660317448	-10.8577603252694	44.5
14.9725179135244	-10.8699878671104	44.5
14.9661973387618	-10.8825503429332	44.5
14.9596957068544	-10.8954521021256	44.5
14.9530101347072	-10.9086974379186	44.5
14.9461377432359	-10.9222905850009	44.5
14.939075658167	-10.9362357171328	44.5
14.9318210108376	-10.9505369447612	44.5
14.9243709389952	-10.9651983126335	44.5
14.9167225875977	-10.980223797412	44.5
14.9088731096133	-10.9956173052885	44.5
14.9008196668206	-11.0113826695982	44.5
14.892559430608	-11.0275236484344	44.5
14.8840895827742	-11.0440439222628	44.5
14.8754073163276	-11.0609470915358	44.5
14.8665098362865	-11.0782366743069	44.5
14.8573943604792	-11.0959161038447	44.5
14.8480581203431	-11.1139887262481	44.5
14.8384983617257	-11.1324577980594	44.5
14.8287123456836	-11.15132648388	44.5
14.8186973492829	-11.1705978539836	44.5
14.8084506663988	-11.1902748819314	44.5
14.797969608516	-11.2103604421857	44.5
14.7872515055279	-11.230857307725	44.5
14.776293706537	-11.2517681476577	44.5
14.7650935806549	-11.2730955248369	44.5
14.7536485178017	-11.2948418934746	44.5
14.7419559295062	-11.3170095967559	44.5
14.7300132497062	-11.3396008644535	44.5
14.7178179355474	-11.362617810542	44.5
14.7053674681844	-11.3860624308123	44.5
14.6926593535798	-11.409936600486	44.5
14.6796911233047	-11.4342420718295	44.5
14.6664603353381	-11.4589804717687	44.5
14.6529645748671	-11.484153299503	44.5
14.6392014550867	-11.5097619241198	44.5
14.6251686179999	-11.535807582209	44.5
14.6108637352173	-11.562291375477	44.5
14.5962845087571	-11.5892142683615	44.5
14.5814286718452	-11.6165770856454	44.5
14.5662939897149	-11.6443805100714	44.5
14.5508782604069	-11.6726250799562	44.5
14.5351793155691	-11.7013111868053	44.5
14.5191950212567	-11.7304390729265	44.5
14.5029232787318	-11.760008829045	44.5
14.4863620252637	-11.7900203919176	44.5
14.4695092349285	-11.8204735419466	44.5
14.452362919409	-11.8513679007948	44.5
14.4349211287948	-11.8827029289993	44.5
14.4171819523822	-11.9144779235863	44.5
14.3991435194739	-11.946692015685	44.5
14.380804000179	-11.9793441681423	44.5
14.3621616062131	-12.012433173137	44.5
14.3432145916977	-12.0459576497942	44.5
14.3239612539609	-12.0799160417994	44.5
14.3043999343363	-12.1143066150135	44.5
14.284529018964	-12.1491274550862	44.5
14.2643469395895	-12.1843764650713	44.5
14.2438521743629	-12.22005136305	44.5
14.2230432485405	-12.2561496803969	44.5
14.2019187347754	-12.2926687627786	44.5
14.1804772531435	-12.3296057729159	44.5
14.1587174711479	-12.3669576934855	44.5
14.136638103723	-12.404721330023	44.5
14.1142379132392	-12.442893313825	44.5
14.0915157095074	-12.4814701048517	44.5
14.0684703497831	-12.5204479946291	44.5
14.0451007387714	-12.5598231091515	44.5
14.0214058286307	-12.5995914117839	44.5
13.997384618978	-12.6397487061646	44.5
13.9730361568925	-12.6802906391071	44.5
13.9483595369207	-12.7212127035032	44.5
13.9233539010805	-12.7625102412248	44.5
13.8980184388656	-12.8041784460265	44.5
13.8723523872502	-12.8462123664483	44.5
13.8463550306932	-12.8886069087175	44.5
13.8200257011427	-12.9313568396516	44.5
13.7933637780407	-12.9744567895602	44.5
13.766368688327	-13.0179012551478	44.5
13.7390399064442	-13.0616846024163	44.5
13.7113769543417	-13.1058010695668	44.5
13.6833794014805	-13.1502447699026	44.5
13.6550468648374	-13.1950096947315	44.5
13.6263790089095	-13.2400897162679	44.5
13.5973755457186	-13.2854785905356	44.5
13.5680362348159	-13.3311699602698	44.5
13.5383608832861	-13.37715735782	44.5
13.5083493457519	-13.4234342080519	44.5
13.4780015243785	-13.4699938312501	44.5
13.4473173688784	-13.5168294460206	44.5
13.416296876515	-13.5639341721929	44.5
13.3849400921079	-13.6113010337225	44.5
13.3532471080368	-13.6589229615936	44.5
13.3212180642462	-13.706792796721	44.5
13.2888531482497	-13.754903292853	44.5
13.2561525951346	-13.8032471194735	44.5
13.223116687566	-13.8518168647045	44.5
13.1897457557918	-13.9006050382084	44.5
13.1560401776466	-13.9496040740906	44.5
13.1220003785563	-13.9988063338019	44.5
13.0876268315428	-14.0482041090406	44.5
13.0529200572282	-14.0977896246554	44.5
13.0178806238391	-14.1475550415473	44.5
12.9825091472113	-14.1974924595723	44.5
12.9468062907944	-14.2475939204437	44.5
12.9107727656556	-14.2978514106347	44.5
12.8744093304848	-14.3482568642805	44.5
12.8377167915987	-14.398802166081	44.5
12.8006960029454	-14.449479154203	44.5
12.7633478661086	-14.5002796231825	44.5
12.7256733303123	-14.5511953268276	44.5
12.6876733924251	-14.6022179811204	44.5
12.6493490969648	-14.6533392671197	44.5
12.6107015361026	-14.7045508338631	44.5
12.5717318496675	-14.7558443012699	44.5
12.5324412251514	-14.8072112630429	44.5
12.4928308977124	-14.8586432895714	44.5
12.4529021501805	-14.9101319308331	44.5
12.4126563130609	-14.961668719297	44.5
12.3720947645393	-15.0132451728252	44.5
12.3312189304858	-15.0648527975759	44.5
12.2900302844597	-15.1164830909054	44.5
12.2485303477137	-15.1681275442709	44.5
12.2067206891984	-15.2197776461323	44.5
12.1646029255669	-15.2714248848553	44.5
12.1221787211788	-15.3230607516134	44.5
12.0794497881053	-15.3746767432902	44.5
12.036417886133	-15.4262643653822	44.5
11.9930848227688	-15.4778151349009	44.5
11.9494524532441	-15.5293205832753	44.5
11.9055226805193	-15.5807722592543	44.5
11.8612974552883	-15.6321617318093	44.5
11.8167787759828	-15.6834805930362	44.5
11.7719686887767	-15.7347204610581	44.5
11.7268692875911	-15.7858729829276	44.5
11.6814827140978	-15.8369298375294	44.5
11.6358111577245	-15.8878827384823	44.5
11.589856855659	-15.9387234370421	44.5
11.5436220928536	-15.9894437250036	44.5
11.4971092020295	-16.0400354376031	44.5
11.4503205636813	-16.0904904564212	44.5
11.4032586060815	-16.1408007122846	44.5
11.355925805285	-16.1909581881689	44.5
11.3083246851331	-16.2409549221007	44.5
11.2604578172586	-16.2907830100605	44.5
11.2123278210897	-16.3404346088846	44.5
11.1639373638547	-16.3899019391678	44.5
11.1152891605865	-16.4391772881657	44.5
11.0663859741267	-16.4882530126971	44.5
11.0172306151305	-16.5371215420464	44.5
10.9678259420707	-16.5857753808663	44.5
10.9181748612425	-16.6342071120795	44.5
10.8682803267678	-16.6824093997819	44.5
10.8181453405994	-16.7303749921445	44.5
10.7677729525259	-16.778096724316	44.5
10.7171662601759	-16.8255675213253	44.5
10.6663284090223	-16.8727804009835	44.5
10.6152625923869	-16.9197284767869	44.5
10.5639720514451	-16.9664049608188	44.5
10.5124600752297	-17.0128031666524	44.5
10.4607300006359	-17.0589165122529	44.5
10.4087852124256	-17.1047385228801	44.5
10.3566291432316	-17.1502628339905	44.5
10.3042652735623	-17.1954831941403	44.5
10.2516971318063	-17.2403934678871	44.5
10.1989282942363	-17.2849876386927	44.5
10.1459623850139	-17.3292598118256	44.5
10.0928030761942	-17.373204217263	44.5
10.0394540877298	-17.4168152125937	44.5
9.98591918747554	-17.46008728592	44.5
9.93220219119292	-17.5030150587607	44.5
9.87830696255445	-17.545593288953	44.5
9.82423741314812	-17.5878168735548	44.5
9.76999750248189	-17.6296808517479	44.5
9.71559123798805	-17.6711804077396	44.5
9.66102267502771	-17.7123108736655	44.5
9.60629591689526	-17.7530677324916	44.5
9.55141511482274	-17.7934466209171	44.5
9.49638446798436	-17.8334433322767	44.5
9.44120822350088	-17.8730538194428	44.5
9.38589067644407	-17.9122741977279	44.5
9.33043616984116	-17.9511007477874	44.5
9.27484909467927	-17.9895299185216	44.5
9.21913388990356	-18.0275583299541	44.5
9.16329504219087	-18.06518277525	44.5
9.10733708503424	-18.1024002200935	44.5
9.05126459750034	-18.1392078008119	44.5
8.99508220296999	-18.1756028224356	44.5
8.93879456787881	-18.2115827567578	44.5
8.88240640045776	-18.2471452403943	44.5
8.82592244947374	-18.2822880728431	44.5
8.76934750297017	-18.3170092145447	44.5
8.71268638700759	-18.3513067849413	44.5
8.65594396440422	-18.3851790605367	44.5
8.59912513347659	-18.4186244729565	44.5
8.54223482678006	-18.4516416070074	44.5
8.48527800984947	-18.4842291987374	44.5
8.42825967993967	-18.516386133495	44.5
8.37118486476617	-18.5481114439897	44.5
8.31405862124565	-18.5794043083512	44.5
8.25688603423658	-18.6102640481895	44.5
8.19967221527985	-18.6406901266547	44.5
8.14242230133925	-18.6706821464966	44.5
8.08514145354218	-18.7002398481245	44.5
8.02783485592013	-18.7293631076672	44.5
7.97050771414932	-18.7580519350326	44.5
7.91316525429129	-18.7863064719674	44.5
7.85581272153343	-18.8141269901173	44.5
7.79845537892965	-18.8415138890861	44.5
7.74109850614088	-18.8684676944963	44.5
7.68374739817571	-18.8949890560481	44.5
7.62640736413097	-18.9210787455799	44.5
7.56908372593228	-18.9467376551274	44.5
7.51178181707468	-18.971966794984	44.5
7.45450698136318	-18.9967672917602	44.5
7.39726457165338	-19.0211403864434	44.5
7.34005994859201	-19.045087432458	44.5
7.28289847935757	-19.0686098937247	44.5
7.22578553640084	-19.0917093427207	44.5
7.16872649618557	-19.1143874585394	44.5
7.11172673792896	-19.13664602495	44.5
7.0547916423423	-19.1584869284574	44.5
6.99792659037157	-19.179912156362	44.5
6.94113696193798	-19.2009237948196	44.5
6.88442813467858	-19.2215240269008	44.5
6.82780548268685	-19.2417151306513	44.5
6.77127437525326	-19.2614994771513	44.5
6.71484017560589	-19.2808795285754	44.5
6.65850823965099	-19.2998578362525	44.5
6.60228391471359	-19.3184370387254	44.5
6.54617253827803	-19.3366198598107	44.5
6.49017943672862	-19.3544091066584	44.5
6.43430992409017	-19.3718076678122	44.5
6.37856930076861	-19.3888185112684	44.5
6.32296285229154	-19.4054446825368	44.5
6.26749584804884	-19.4216893026994	44.5
6.21217354003326	-19.437555566471	44.5
6.15700116158098	-19.4530467402584	44.5
6.10198392611222	-19.4681661602207	44.5
6.04712702587181	-19.4829172303287	44.5
5.99243563066977	-19.4973034204247	44.5
5.93791488662195	-19.5113282642827	44.5
5.88356991489051	-19.5249953576676	44.5
5.8294058104246	-19.5383083563954	44.5
5.77542764070091	-19.551270974393	44.5
5.72164044446425	-19.5638869817575	44.5
5.66804923046815	-19.5761602028166	44.5
5.61465897621542	-19.588094514188	44.5
5.56147462669876	-19.5996938428394	44.5
5.50850109314136	-19.610962164148	44.5
5.45574325173742	-19.6219034999606	44.5
5.40320594239281	-19.6325219166532	44.5
5.35089396746561	-19.642821523191	44.5
5.29881209050672	-19.6528064691877	44.5
5.24696503500041	-19.6624809429659	44.5
5.19535748310494	-19.6718491696165	44.5
5.14399407439316	-19.6809154090584	44.5
5.09287940459303	-19.6896839540988	44.5
5.04201802432825	-19.6981591284924	44.5
4.99141443785886	-19.7063452850014	44.5
4.9410731018218	-19.7142468034555	44.5
4.89099842397148	-19.7218680888114	44.5
4.8411947619204	-19.7292135692126	44.5
4.79166642187973	-19.7362876940495	44.5
4.74241765739986	-19.7430949320189	44.5
4.69345266811104	-19.7496397691835	44.5
4.6447755984639	-19.7559267070324	44.5
4.59639053647011	-19.7619602605405	44.5
4.5483015124429	-19.7677449562281	44.5
4.50051249773768	-19.7732853302209	44.5
4.45302740349261	-19.77858592631	44.5
4.4058500793692	-19.7836512940112	44.5
4.3589843122929	-19.7884859866252	44.5
4.31243382519364	-19.793094559297	44.5
4.26620227574647	-19.7974815670762	44.5
4.22029325511212	-19.8016515629763	44.5
4.17471028667758	-19.8056090960347	44.5
4.12945682479671	-19.8093587093724	44.5
4.08453625353079	-19.812904938254	44.5
4.03995188538913	-19.8162523081473	44.5
3.99570696006965	-19.819405332783	44.5
3.95180464319946	-19.8223685122147	44.5
3.90824802507546	-19.8251463308785	44.5
3.86504011940491	-19.8277432556529	44.5
3.82218386204601	-19.8301637339187	44.5
3.7796821097485	-19.8324121916184	44.5
3.73753763889426	-19.8344930313164	44.5
3.69575314423784	-19.8364106302585	44.5
3.65433123764709	-19.8381693384319	44.5
3.61327444684377	-19.8397734766247	44.5
3.57258521414406	-19.8412273344862	44.5
3.5322658951992	-19.8425351685859	44.5
3.49231875773606	-19.8437012004742	44.5
3.45274598029774	-19.8447296147413	44.5
3.41354965098412	-19.8456245570777	44.5
3.37473176619248	-19.8463901323335	44.5
3.33629422935807	-19.8470304025786	44.5
3.29823884969471	-19.8475493851619	44.5
3.26056734093533	-19.8479510507719	44.5
3.22328132007262	-19.8482393214956	44.5
3.18638230609957	-19.848418068879	44.5
3.14987171875007	-19.8484911119865	44.5
3.11375087723949	-19.8484622154607	44.5
3.07802099900526	-19.8483350875825	44.5
3.0426831984475	-19.8481133783303	44.5
3.00773848566953	-19.8478006774405	44.5
2.97318776521851	-19.8474005124668	44.5
2.93903183482601	-19.84691634684	44.5
2.9052713841786	-19.8463515779572	44.5
2.87190699432916	-19.8457095358956	44.5
2.8389391385419	-19.8449934835239	44.5
2.80636818363473	-19.844206617099	44.5
2.77419439133693	-19.8433520668776	44.5
2.74241791964704	-19.8424328977273	44.5
2.71103882419055	-19.8414521097389	44.5
2.68005705957775	-19.8404126388374	44.5
2.64947248076149	-19.8393173573939	44.5
2.61928484439493	-19.8381690748371	44.5
2.58949381018939	-19.8369705382646	44.5
2.56009894227208	-19.8357244330549	44.5
2.53109971054389	-19.8344333834787	44.5
2.5024954920372	-19.8330999533105	44.5
2.47428557227364	-19.8317266464405	44.5
2.44646914662188	-19.8303159074855	44.5
2.41904532165539	-19.828870122401	44.5
2.39201311651027	-19.8273916190929	44.5
2.36537146424299	-19.8258826680286	44.5
2.3391192131882	-19.8243454828487	44.5
2.31325512831649	-19.8227822209788	44.5
2.2877778925922	-19.8211949842411	44.5
2.26268610833118	-19.8195858194654	44.5
2.23797829855857	-19.8179567191014	44.5
2.21365290836662	-19.81630962183	44.5
2.18970830627241	-19.8146464131746	44.5
2.16614278557571	-19.8129689261131	44.5
2.14295456571669	-19.8112789416891	44.5
2.12014179363375	-19.809578189624	44.5
2.09770254512128	-19.8078683489277	44.5
2.07563482618746	-19.8061510485113	44.5
2.05393657441203	-19.8044278677976	44.5
2.03260566030408	-19.8027003373334	44.5
2.01163988865981	-19.8009699394007	44.5
1.99103699992035	-19.7992381086286	44.5
1.97079467152953	-19.7975062326043	44.5
1.95091051929165	-19.7957756524855	44.5
1.93138209872926	-19.7940476636113	44.5
1.91220690644098	-19.7923235161138	44.5
1.89338238145922	-19.7906044155302	44.5
1.87490590660803	-19.7888915234139	44.5
1.85677480986084	-19.7871859579462	44.5
1.83898636569826	-19.785488794548	44.5
1.82153779646585	-19.783801066491	44.5
1.80442627373192	-19.7821237655098	44.5
1.7876489196453	-19.7804578424131	44.5
1.77120280829312	-19.7788042076954	44.5
1.7550849670586	-19.7771637321486	44.5
1.73929237797885	-19.7755372474735	44.5
1.72382197910261	-19.7739255468914	44.5
1.70867066584808	-19.7723293857556	44.5
1.69383529236067	-19.7707494821633	44.5
1.67931267287078	-19.7691865175665	44.5
1.66509958305163	-19.7676411373845	44.5
1.65119276137698	-19.7661139516146	44.5
1.63758891047895	-19.7646055354443	44.5
1.6242846985058	-19.7631164298624	44.5
1.61127676047971	-19.7616471422709	44.5
1.59856169965455	-19.7601981470965	44.5
1.58613608887368	-19.7587698864021	44.5
1.57399647192773	-19.7573627704985	44.5
1.56213936491237	-19.7559771785557	44.5
1.55056125758611	-19.7546134592149	44.5
1.53925861472808	-19.7532719311997	44.5
1.52822787749579	-19.7519528839278	44.5
1.51746546478294	-19.7506565781226	44.5
1.50696777457721	-19.7493832464249	44.5
1.496731185318	-19.748133094004	44.5
1.48675205725425	-19.7469062991701	44.5
1.46755154290327	-19.7445233648739	44.5
1.44933680130211	-19.7422353560635	44.5
1.43207819807922	-19.7400427946537	44.5
1.41574593816266	-19.7379458315165	44.5
1.40031010922918	-19.735944266052	44.5
1.38574072515324	-19.7340375657587	44.5
1.37200776945608	-19.7322248858036	44.5
1.35908123875479	-19.7305050885929	44.5
1.34693118621132	-19.7288767633422	44.5
1.33552776498157	-19.7273382456466	44.5
1.32484127166441	-19.7258876370517	44.5
1.31484218975077	-19.7245228246233	44.5
1.30106847344584	-19.7226313769065	44.5
1.28867796315072	-19.720919228781	44.5
1.27757473492958	-19.7193771331654	44.5
1.26766491079162	-19.7179952525509	44.5
1.25615044989901	-19.716384156581	44.5
1.24419470091073	-19.7147067900655	44.5
1.23291591042141	-19.7131221568917	44.5
1.2220913554985	-19.7116008734879	44.5
1.21187500938659	-19.7101650596778	44.5
