1.20515765865591	1.79860563082334	44.5
1.1921002262679	1.80050352237696	44.5
1.17906126073989	1.80252439121885	44.5
1.16604192026819	1.80466805784376	44.5
1.1530433613059	1.80693433183882	44.5
1.14006673846019	1.80932301190047	44.5
1.12711320438973	1.81183388585234	44.5
1.11418390970232	1.81446673066409	44.5
1.10128000285266	1.8172213124712	44.5
1.08840263004038	1.82009738659581	44.5
1.07555293510818	1.82309469756838	44.5
1.06273205944027	1.82621297915041	44.5
1.04994114186096	1.82945195435811	44.5
1.03718131853351	1.83281133548697	44.5
1.0244537228592	1.83629082413734	44.5
1.01175948537667	1.8398901112409	44.5
0.999099733661496	1.84360887708818	44.5
0.986475592226023	1.84744679135689	44.5
0.973888182419488	1.85140351314128	44.5
0.961338622328412	1.85547869098246	44.5
0.948828026677284	1.85967196289956	44.5
0.93635750672955	1.86398295642193	44.5
0.923928170188894	1.86841128862219	44.5
0.911541121100857	1.87295656615028	44.5
0.899197459754763	1.87761838526836	44.5
0.886898282585984	1.8823963318867	44.5
0.874644682078551	1.88728998160046	44.5
0.862437746668113	1.89229889972738	44.5
0.850278560645255	1.89742264134638	44.5
0.838168204059185	1.90266075133711	44.5
0.826107752621798	1.90801276442035	44.5
0.814098277612126	1.91347820519936	44.5
0.802140845781179	1.91905658820207	44.5
0.790236519257192	1.92474741792427	44.5
0.778386355451278	1.93055018887355	44.5
0.766591406963504	1.93646438561424	44.5
0.754852721489397	1.94248948281318	44.5
0.743171341726873	1.94862494528642	44.5
0.731548305283626	1.95487022804668	44.5
0.719984644584959	1.96122477635186	44.5
0.708481386782077	1.96768802575423	44.5
0.69703955366085	1.9742594021506	44.5
0.685660161551056	1.98093832183332	44.5
0.674344221236097	1.98772419154214	44.5
0.663092737863223	1.99461640851687	44.5
0.651906710854243	2.00161436055093	44.5
0.640787133816756	2.00871742604579	44.5
0.629734994455888	2.01592497406607	44.5
0.618751274486562	2.0232363643957	44.5
0.607836949546295	2.03065094759471	44.5
0.596992989108535	2.03816806505695	44.5
0.58622035639655	2.04578704906857	44.5
0.575520008297866	2.05350722286738	44.5
0.56489289527927	2.06132790070288	44.5
0.554339961302389	2.06924838789726	44.5
0.543862143739837	2.07726798090705	44.5
0.533460373291951	2.08538596738562	44.5
0.52313557390413	2.09360162624648	44.5
0.512888662684753	2.1019142277273	44.5
0.502720549823722	2.11032303345476	44.5
0.492632138511617	2.1188272965101	44.5
0.48262432485946	2.12742626149552	44.5
0.472697997819128	2.13611916460123	44.5
0.462854039104383	2.14490523367329	44.5
0.453093323112557	2.15378368828227	44.5
0.443416716846881	2.16275373979248	44.5
0.433825079839476	2.17181459143208	44.5
0.424319264074999	2.18096543836385	44.5
0.414900113914972	2.19020546775664	44.5
0.405568466022772	2.19953385885762	44.5
0.396325149289324	2.20894978306514	44.5
0.387170984759465	2.21845240400239	44.5
0.378106785559018	2.22804087759162	44.5
0.369133356822567	2.23771435212917	44.5
0.360251495621938	2.24747196836109	44.5
0.351461990895397	2.2573128595595	44.5
0.342765623377577	2.26723615159953	44.5
0.334163165530124	2.27724096303702	44.5
0.325655381473085	2.28732640518674	44.5
0.317243026917031	2.29749158220143	44.5
0.308926849095936	2.30773559115129	44.5
0.300707586700799	2.3180575221042	44.5
0.29258596981403	2.32845645820658	44.5
0.284562719844602	2.33893147576479	44.5
0.276638549463967	2.34948164432721	44.5
0.268814162542757	2.36010602676686	44.5
0.261090254088261	2.37080367936466	44.5
0.253467510182687	2.38157365189326	44.5
0.245946607922224	2.39241498770142	44.5
0.238528215356898	2.40332672379901	44.5
0.231212991431231	2.41430789094254	44.5
0.224001585925709	2.42535751372125	44.5
0.216894639399065	2.43647461064374	44.5
0.209892783131384	2.4476581942252	44.5
0.202996639068025	2.45890727107507	44.5
0.196206819764377	2.47022084198529	44.5
0.189523928331451	2.48159790201908	44.5
0.182948558382305	2.49303744060018	44.5
0.176481293979317	2.50453844160264	44.5
0.170122709582305	2.51609988344105	44.5
0.163873369997502	2.52772073916129	44.5
0.157733830327385	2.53939997653176	44.5
0.151704635921365	2.55113655813507	44.5
0.145786322327352	2.56292944146018	44.5
0.13997941524418	2.57477757899501	44.5
0.13428443047491	2.58667991831947	44.5
0.128701873881021	2.59863540219896	44.5
0.123232241337467	2.61064296867827	44.5
0.117876018688636	2.62270155117594	44.5
0.112633681705195	2.63481007857892	44.5
0.107505696041827	2.64696747533781	44.5
0.102492517195868	2.65917266156233	44.5
0.0975945904668494	2.67142455311727	44.5
0.092812350916945	2.68372206171877	44.5
0.0881462233323225	2.69606409503102	44.5
0.0835966221854134	2.70844955676327	44.5
0.0791639515980986	2.72087734676717	44.5
0.0748486053058095	2.73334636113456	44.5
0.0706509666225552	2.7458554922955	44.5
0.0665714084068756	2.75840362911663	44.5
0.0626102930287189	2.77098965699987	44.5
0.0587679723372567	2.78361245798146	44.5
0.0550447876296305	2.79627091083122	44.5
0.0514410696206324	2.80896389115218	44.5
0.0479571384133337	2.82169027148044	44.5
0.0445933034706494	2.83444892138532	44.5
0.0413498635878478	2.84723870756974	44.5
0.0382271068660136	2.86005849397097	44.5
0.0352253106864557	2.87290714186143	44.5
0.0323447416860667	2.88578350994994	44.5
0.0295856557336409	2.89868645448303	44.5
0.0269482979071465	2.91161482934655	44.5
0.0244329024719545	2.9245674861675	44.5
0.0220396928600322	2.93754327441602	44.5
0.0197688816500947	2.95054104150754	44.5
0.0176206705487241	2.96355963290526	44.5
0.0155952503724512	2.9765978922226	44.5
0.0136928010308077	2.98965466132599	44.5
0.0119134915103438	3.0027287804377	44.5
0.0102574798596196	3.01581908823887	44.5
0.00872491317516499	3.02892442197268	44.5
0.00731592758841448	3.0420436175476	44.5
0.00603064825361477	3.05517550964083	44.5
0.00486918933670766	3.06831893180179	44.5
0.00383165400519014	3.08147271655572	44.5
0.00291813441894928	3.09463569550739	44.5
0.00212871172207718	3.10780669944492	44.5
0.00146345603566189	3.12098455844358	44.5
0.000922426451560376	3.13416810196973	44.5
0.000505671027148269	3.14735615898481	44.5
0.000213226781052178	3.16054755804934	44.5
4.51196898612061e-05	3.17374112742698	44.5
1.36468581879434e-06	3.18693569518861	44.5
8.19656554977843e-05	3.20013008931644	44.5
0.000286915439454027	3.21332313780808	44.5
0.000616195832862321	3.22651366878069	44.5
0.00106977758713445	3.23970051057503	44.5
0.00164762041251598	3.25288249185957	44.5
0.00234967298166655	3.26605844173451	44.5
0.00317587293421751	3.27922718983579	44.5
0.00412614688231172	3.29238756643908	44.5
0.00520041041712238	3.30553840256362	44.5
0.0063985681163512	3.31867853007611	44.5
0.0077205135527032	3.33180678179445	44.5
0.00916612930334137	3.34492199159141	44.5
0.0107352869603157	3.35802299449822	44.5
0.0124278471419703	3.37110862680806	44.5
0.0142436595053232	3.3841777261794	44.5
0.0161825627594212	3.39722913173926	44.5
0.0182443846796663	3.41026168418634	44.5
0.0204289421231139	3.42327422589398	44.5
0.0227360410447399	3.43626560101298	44.5
0.0251654765146794	3.44923465557429	44.5
0.027717032736426	3.46218023759149	44.5
0.0303904830660027	3.47510119716313	44.5
0.0331855900320932	3.48799638657488	44.5
0.0361021053571353	3.50086466040145	44.5
0.0391397699793739	3.51370487560835	44.5
0.0422983140758735	3.52651589165342	44.5
0.0455774570864844	3.53929657058816	44.5
0.0489769077387636	3.55204577715875	44.5
0.0524963640738492	3.56476237890694	44.5
0.0561355134732786	3.57744524627065	44.5
0.0598940326867607	3.59009325268425	44.5
0.0637715878608871	3.6027052746787	44.5
0.0677678345687862	3.61528019198126	44.5
0.0718824178407191	3.62781688761509	44.5
0.0761149721956089	3.64031424799837	44.5
0.0804651216735039	3.6527711630433	44.5
0.0849324798689752	3.66518652625467	44.5
0.0895166499654372	3.67755923482812	44.5
0.0942172247703952	3.68988818974813	44.5
0.0990337867516162	3.70217229588565	44.5
0.103965908074216	3.71441046209534	44.5
0.109013150638659	3.72660160131251	44.5
0.114175066119678	3.73874463064968	44.5
0.119451196006093	3.75083847149279	44.5
0.12484107164154	3.76288204959696	44.5
0.130344214266102	3.77487429518194	44.5
0.135960135058829	3.78681414302714	44.5
0.141688335181166	3.79870053256624	44.5
0.147528305821256	3.81053240798139	44.5
0.153479528239141	3.82230871829701	44.5
0.159541473812834	3.83402841747311	44.5
0.165713604085278	3.84569046449825	44.5
0.171995370812176	3.857293823482	44.5
0.178386216010683	3.8688374637469	44.5
0.184885572008979	3.88032035992009	44.5
0.191492861496682	3.89174149202432	44.5
0.198207497576137	3.90309984556862	44.5
0.205028883814541	3.91439441163834	44.5
0.211956414296929	3.92562418698482	44.5
0.218989473679986	3.93678817411448	44.5
0.226127437246711	3.94788538137743	44.5
0.23336967096191	3.95891482305555	44.5
0.240715531528507	3.96987551945007	44.5
0.248164366444694	3.98076649696856	44.5
0.255715514061882	3.99158678821141	44.5
0.263368303643479	4.00233543205781	44.5
0.271122055424464	4.01301147375104	44.5
0.278976080671773	4.02361396498335	44.5
0.286929681745469	4.03414196398019	44.5
0.294982152160717	4.04459453558378	44.5
0.303132776650534	4.0549707513363	44.5
0.311380831229325	4.06526968956225	44.5
0.319725583257192	4.0754904354504	44.5
0.328166291505009	4.08563208113501	44.5
0.336702206220264	4.09569372577645	44.5
0.345332569193658	4.10567447564127	44.5
0.354056613826449	4.11557344418157	44.5
0.36287356519855	4.12538975211372	44.5
0.371782640137358	4.13512252749649	44.5
0.380783047287326	4.1447709058085	44.5
0.389873987180249	4.15433403002499	44.5
0.399054652306279	4.16381105069397	44.5
0.408324227185659	4.17320112601169	44.5
0.417681888441149	4.18250342189734	44.5
0.42712680487117	4.19171711206723	44.5
0.436658137523632	4.20084137810812	44.5
0.446275039770459	4.20987540954993	44.5
0.455976657382787	4.21881840393777	44.5
0.465762128606844	4.22766956690316	44.5
0.475630584240495	4.23642811223463	44.5
0.485581147710451	4.24509326194754	44.5
0.495612935150129	4.25366424635319	44.5
0.505725055478162	4.26214030412719	44.5
0.515916610477557	4.27052068237707	44.5
0.526186694875468	4.27880463670918	44.5
0.536534396423616	4.2869914312948	44.5
0.546958795979319	4.29508033893551	44.5
0.557458967587131	4.30307064112774	44.5
0.568033978561101	4.31096162812667	44.5
0.578682889567606	4.31875259900919	44.5
0.589404754708796	4.32644286173623	44.5
0.600198621606618	4.33403173321418	44.5
0.6110635314874	4.3415185393556	44.5
0.621998519267024	4.34890261513909	44.5
0.63300261363665	4.35618330466832	44.5
0.64407483714899	4.36335996123037	44.5
0.655214206305128	4.37043194735309	44.5
0.666419731641889	4.3773986348618	44.5
0.67769041781972	4.38425940493502	44.5
0.689025263711106	4.39101364815949	44.5
0.700423262489498	4.39766076458427	44.5
0.711883401718738	4.40420016377404	44.5
0.723404663442996	4.41063126486156	44.5
0.73498602427719	4.41695349659924	44.5
0.746626455497885	4.42316629740991	44.5
0.758324923134673	4.42926911543667	44.5
0.770080388062019	4.43526140859194	44.5
0.781891806091557	4.44114264460559	44.5
0.793758128064839	4.44691230107224	44.5
0.805678299946539	4.45256986549764	44.5
0.817651262918066	4.45811483534419	44.5
0.829675953471618	4.46354671807563	44.5
0.841751303504655	4.46886503120071	44.5
0.853876240414764	4.47406930231611	44.5
0.866049687194941	4.47915906914839	44.5
0.878270562529257	4.48413387959502	44.5
0.890537780888901	4.48899329176457	44.5
0.902850252628607	4.49373687401595	44.5
0.915206884083446	4.49836420499678	44.5
0.927606577665962	4.50287487368074	44.5
0.940048231963676	4.50726847940416	44.5
0.952530741836914	4.51154463190159	44.5
0.965052998516975	4.51570295134043	44.5
0.977613889704614	4.51974306835471	44.5
0.990212299668849	4.52366462407786	44.5
1.00284710934606	4.52746727017465	44.5
1.0155171964394	4.53115066887205	44.5
1.02822143551847	4.53471449298929	44.5
1.04095869811929	4.53815842596691	44.5
1.05372785284457	4.54148216189487	44.5
1.06652776546413	4.54468540553973	44.5
1.07935729901573	4.54776787237086	44.5
1.09221531390603	4.55072928858573	44.5
1.10510066801178	4.55356939113425	44.5
1.11801221678134	4.55628792774206	44.5
1.13094881333629	4.55888465693305	44.5
1.14390930857332	4.56135934805069	44.5
1.1568925512663	4.56371178127863	44.5
1.16989738816855	4.56594174766013	44.5
1.18292266411526	4.56804904911669	44.5
1.1959672221261	4.57003349846562	44.5
1.22516290840443	4.57418937180599	44.5
1.24517024023443	4.57706600094606	44.5
1.2651796541459	4.57998611071994	44.5
1.28519115013884	4.58294970112761	44.5
1.30520472821325	4.58595677216911	44.5
1.32522038836914	4.5890073238444	44.5
1.34523813060649	4.59210135615351	44.5
1.36525795492532	4.59523886909643	44.5
1.38527986132562	4.59841986267315	44.5
1.40530384980739	4.60164433688368	44.5
1.42532992037064	4.60491229172802	44.5
1.44535807301535	4.60822372720617	44.5
1.46538830774154	4.61157864331813	44.5
1.4854206245492	4.61497704006389	44.5
1.50545502343833	4.61841891744347	44.5
1.52549150440893	4.62190427545685	44.5
1.54553006746101	4.62543311410404	44.5
1.56557071259455	4.62900543338504	44.5
1.58561343980957	4.63262123329985	44.5
1.60565824910606	4.63628051384846	44.5
1.62570514048402	4.63998327503088	44.5
1.64575411394346	4.64372951684711	44.5
1.66580516948436	4.64751923929716	44.5
1.68585830710674	4.65135244238101	44.5
1.70591352681059	4.65522912609866	44.5
1.72597082859591	4.65914929045012	44.5
1.74603021246271	4.6631129354354	44.5
1.76609167841097	4.66712006105448	44.5
1.78615522644071	4.67117066730737	44.5
1.80622085655192	4.67526475419406	44.5
1.8262885687446	4.67940232171457	44.5
1.84635836301875	4.68358336986888	44.5
1.86643023937437	4.68780789865701	44.5
1.88650419781147	4.69207590807894	44.5
1.90658023833004	4.69638739813468	44.5
1.92665836093008	4.70074236882422	44.5
1.94673856561159	4.70514082014758	44.5
1.96682085237457	4.70958275210475	44.5
1.98690522121903	4.71406816469572	44.5
2.00699167214495	4.7185970579205	44.5
2.02708020515235	4.72316943177908	44.5
2.04717082024122	4.72778528627149	44.5
2.06726351741157	4.73244462139769	44.5
2.08735829666338	4.73714743715771	44.5
2.10745515799667	4.74189373355153	44.5
2.12755410141142	4.74668351057916	44.5
2.14765512690765	4.7515167682406	44.5
2.16775823448536	4.75639350653584	44.5
2.18786342414453	4.7613137254649	44.5
2.20797069588517	4.76627742502776	44.5
2.22808004970729	4.77128460522443	44.5
2.24819148561088	4.77633526605492	44.5
2.26830500359594	4.7814294075192	44.5
2.28842060366247	4.7865670296173	44.5
2.30853828581048	4.7917481323492	44.5
2.32865805003996	4.79697271571491	44.5
2.3487798963509	4.80224077971444	44.5
2.36890382474332	4.80755232434777	44.5
2.38902983521722	4.81290734961491	44.5
2.40915792777258	4.81830585551585	44.5
2.42928810240942	4.8237478420506	44.5
2.44942035912772	4.82923330921917	44.5
2.4695546979275	4.83476225702154	44.5
2.48969111880875	4.84033468545772	44.5
2.50982962177148	4.8459505945277	44.5
2.52997020681567	4.8516099842315	44.5
2.55011287394134	4.85731285456911	44.5
2.57025762314848	4.86305920554052	44.5
2.59040445443709	4.86884903714574	44.5
2.61055336780717	4.87468234938477	44.5
2.63070436325872	4.8805591422576	44.5
2.65085744079175	4.88647941576426	44.5
2.67101260040625	4.89244316990471	44.5
2.69116984210222	4.89845040467896	44.5
2.71132916587966	4.90450112008704	44.5
2.73149057173857	4.91059531612892	44.5
2.75165405967896	4.91673299280461	44.5
2.77181962970081	4.9229141501141	44.5
2.79198728180414	4.9291387880574	44.5
2.81215701598894	4.93540690663451	44.5
2.83232883225521	4.94171850584544	44.5
2.85250273060296	4.94807358569016	44.5
2.87267871103218	4.95447214616869	44.5
2.89285677354286	4.96091418728104	44.5
2.91303691813502	4.96739970902719	44.5
2.93321914480865	4.97392871140716	44.5
2.95340345356376	4.98050119442093	44.5
2.97358984440033	4.98711715806851	44.5
2.99377831731838	4.99377660234989	44.5
3.0139688723179	5.00047952726509	44.5
3.03416150939889	5.00722593281409	44.5
3.05435622856135	5.0140158189969	44.5
3.07455302980529	5.02084918581352	44.5
3.09475191313069	5.02772603326395	44.5
3.11495287853757	5.03464636134818	44.5
3.13515592602592	5.04161017006623	44.5
3.15536105559574	5.04861745941808	44.5
3.17556826724704	5.05566822940374	44.5
3.1957775609798	5.06276248002321	44.5
3.21598893679404	5.06990021127649	44.5
3.23620239468975	5.07708142316357	44.5
3.25641793466693	5.08430611568447	44.5
3.27663555672558	5.09157428883917	44.5
3.29685526086571	5.09888594262768	44.5
3.31707704708731	5.10624107704999	44.5
3.33730091539037	5.11363969210613	44.5
3.35752686577491	5.12108178779607	44.5
3.37775489824093	5.1285673641198	44.5
3.39798501278841	5.13609642107736	44.5
3.41821720941737	5.14366895866871	44.5
3.43845148812779	5.15128497689389	44.5
3.45868784891969	5.15894447575286	44.5
3.47892629179307	5.16664745524564	44.5
3.49916681674791	5.17439391537224	44.5
3.51940942378422	5.18218385613264	44.5
3.53965411290201	5.19001727752686	44.5
3.55990088410127	5.19789417955487	44.5
3.580149737382	5.2058145622167	44.5
3.6004006727442	5.21377842551233	44.5
3.62065369018788	5.22178576944177	44.5
3.64090878971302	5.22983659400503	44.5
3.66116597131964	5.23793089920208	44.5
3.68142523500773	5.24606868503295	44.5
3.70168658077729	5.25424995149762	44.5
3.72195000862833	5.26247469859611	44.5
3.74221551856083	5.27074292632841	44.5
3.76248311057481	5.27905463469451	44.5
3.78275278467026	5.28740982369441	44.5
3.80302454084718	5.29580849332813	44.5
3.82329837910557	5.30425064359565	44.5
3.84357429944543	5.312736274497	44.5
3.86385230186677	5.32126538603214	44.5
3.88413238636958	5.32983797820108	44.5
3.90441455295386	5.33845405100384	44.5
3.92469880161961	5.34711360444041	44.5
3.94498513236684	5.35581663851079	44.5
3.96527354519553	5.36456315321497	44.5
3.9855640401057	5.37335314855297	44.5
4.00585661709734	5.38218662452476	44.5
4.02615127617045	5.39106358113037	44.5
4.04644801732503	5.39998401836979	44.5
4.06674684056109	5.40894793624301	44.5
4.08704774587861	5.41795533475005	44.5
4.10735073327761	5.42700621389089	44.5
4.12765580275808	5.43610057366553	44.5
4.14796295432002	5.445238414074	44.5
4.16827218796344	5.45441973511626	44.5
4.18858350368832	5.46364453679234	44.5
4.20889690149468	5.47291281910222	44.5
4.22921238138251	5.48222458204591	44.5
4.24952994335181	5.49157982562341	44.5
4.26984958740259	5.50097854983472	44.5
4.29017131353483	5.51042075467984	44.5
4.31049512174855	5.51990644015876	44.5
4.33082101204374	5.52943560627149	44.5
4.3511489844204	5.53900825301803	44.5
4.37147903887853	5.54862438039839	44.5
4.39181117541813	5.55828398841254	44.5
4.41214539403921	5.56798707706051	44.5
4.43248169474176	5.57773364634228	44.5
4.45282007752578	5.58752369625786	44.5
4.47316054239127	5.59735722680725	44.5
4.49350308933823	5.60723423799045	44.5
4.51384771836667	5.61715472980746	44.5
4.53419442947657	5.62711870225827	44.5
4.55454322266795	5.6371261553429	44.5
4.5748940979408	5.64717708906133	44.5
4.59524705529513	5.65727150341357	44.5
4.61560209473092	5.66740939839962	44.5
4.63595921624819	5.67759077401948	44.5
4.65631841984692	5.68781563027315	44.5
4.67667970552713	5.69808396716062	44.5
4.69704307328882	5.7083957846819	44.5
4.71740852313197	5.71875108283699	44.5
4.7377760550566	5.72914986162589	44.5
4.75814566906269	5.7395921210486	44.5
4.77851736515026	5.75007786110511	44.5
4.7988911433193	5.76060708179543	44.5
4.81926700356982	5.77117978311956	44.5
4.8396449459018	5.7817959650775	44.5
4.86002497031526	5.79245562766925	44.5
4.88040707681018	5.80315877089481	44.5
4.90079126538659	5.81390539475417	44.5
4.92117753604446	5.82469549924735	44.5
4.9415658887838	5.83552908437432	44.5
4.96195632360462	5.84640615013512	44.5
4.9823488405069	5.85732669652971	44.5
5.00274343949066	5.86829072355811	44.5
5.0231401205559	5.87929823122034	44.5
5.0435388837026	5.89034921951635	44.5
5.06393972893077	5.90144368844619	44.5
5.08434265624042	5.91258163800983	44.5
5.10474766563154	5.92376306820728	44.5
5.12515475710413	5.93498797903854	44.5
5.14556393065819	5.94625637050359	44.5
5.16597518629372	5.95756824260247	44.5
5.18638852401073	5.96892359533515	44.5
5.20680394380921	5.98032242870163	44.5
5.22722144568916	5.99176474270194	44.5
5.24764102965058	6.00325053733604	44.5
5.26806269569347	6.01477981260395	44.5
5.28848644381784	6.02635256850568	44.5
5.30891227402368	6.0379688050412	44.5
5.32934018631098	6.04962852221054	44.5
5.34977018067977	6.06133172001369	44.5
5.37020225713002	6.07307839845064	44.5
5.39063641566174	6.0848685575214	44.5
5.41107265627494	6.09670219722598	44.5
5.43151097896961	6.10857931756436	44.5
5.45195138374575	6.12049991853655	44.5
5.47239387060336	6.13246400014254	44.5
5.49283843954244	6.14447156238235	44.5
5.513285090563	6.15652260525596	44.5
5.53373382366502	6.16861712876338	44.5
5.55418463884852	6.18075513290461	44.5
5.57463753611349	6.19293661767965	44.5
5.59509251545994	6.2051615830885	44.5
5.61554957688785	6.21743002913115	44.5
5.63600872039724	6.22974195580762	44.5
5.6564699459881	6.24209736311789	44.5
5.67693325366043	6.25449625106196	44.5
5.69739864341423	6.26693861963985	44.5
5.7178661152495	6.27942446885154	44.5
5.73833566916625	6.29195379869705	44.5
5.75880730516447	6.30452660917636	44.5
5.77928102324416	6.31714290028948	44.5
5.79975682340532	6.32980267203641	44.5
5.82023470564795	6.34250592441715	44.5
5.84071466997205	6.3552526574317	44.5
5.86119671637763	6.36804287108005	44.5
5.88168084486468	6.38087656536221	44.5
5.9021670554332	6.39375374027818	44.5
5.92265534808319	6.40667439582796	44.5
5.94314572281466	6.41963853201155	44.5
5.96363817962759	6.43264614882894	44.5
5.984132718522	6.44569724628014	44.5
6.00462933949788	6.45879182436515	44.5
6.02512804255523	6.47192988308397	44.5
6.04562882769406	6.48511142243661	44.5
6.06613169491435	6.49833644242304	44.5
6.08663664421612	6.51160494304329	44.5
6.10714367559936	6.52491692429734	44.5
6.12765278906407	6.5382723861852	44.5
6.14816398461025	6.55167132870687	44.5
6.1686772622379	6.56511375186234	44.5
6.18919262194703	6.57859965565163	44.5
6.20971006373763	6.59212904007473	44.5
6.2302295876097	6.60570190513162	44.5
6.25075119356324	6.61931825082234	44.5
6.27127488159825	6.63297807714686	44.5
6.29180065171474	6.64668138410519	44.5
6.31232850391269	6.66042817169732	44.5
6.33285843819212	6.67421843992326	44.5
6.35339045455302	6.68805218878303	44.5
6.3739245529954	6.70192941827658	44.5
6.39446073351924	6.71585012840395	44.5
6.41499899612456	6.72981431916513	44.5
6.43553934081135	6.74382199056011	44.5
6.45608176757961	6.75787314258891	44.5
6.47662627642934	6.77196777525151	44.5
6.49717286736054	6.78610588854792	44.5
6.51772154037322	6.80028748247814	44.5
6.53827229546737	6.81451255704216	44.5
6.55882513264298	6.82878111224	44.5
6.57938005190008	6.84309314807164	44.5
6.59993705323864	6.8574486645371	44.5
6.62049613665867	6.87184766163636	44.5
6.64105730216018	6.88629013936942	44.5
6.66162054974316	6.9007760977363	44.5
6.68218587940761	6.91530553673698	44.5
6.70275329115353	6.92987845637148	44.5
6.72332278498093	6.94449485663978	44.5
6.74389436088979	6.95915473754189	44.5
6.76446801888013	6.97385809907781	44.5
6.78504375895194	6.98860494124753	44.5
6.80562158110522	7.00339526405107	44.5
6.82620148533997	7.01822906748841	44.5
6.8467834716562	7.03310635155956	44.5
6.86736754005389	7.04802711626452	44.5
6.88795369053306	7.06299136160329	44.5
6.9085419230937	7.07799908757586	44.5
6.92913223773582	7.09305029418225	44.5
6.9497246344594	7.10814498142244	44.5
6.97031911326446	7.12328314929645	44.5
6.99091567415099	7.13846479780425	44.5
7.01151431711898	7.15368992694587	44.5
7.03211504216846	7.1689585367213	44.5
7.0527178492994	7.18427062713053	44.5
7.07332273851181	7.19962619817358	44.5
7.0939297098057	7.21502524985042	44.5
7.11453876318106	7.23046778216108	44.5
7.13514989863789	7.24595379510555	44.5
7.1557631161762	7.26148328868382	44.5
7.17637841579597	7.27705626289591	44.5
7.19699579749722	7.2926727177418	44.5
7.21761526127993	7.30833265322149	44.5
7.23823680714412	7.32403606933501	44.5
7.25886043508979	7.33978296608232	44.5
7.27948614511692	7.35557334346345	44.5
7.30011393722553	7.37140720147838	44.5
7.3207438114156	7.38728454012712	44.5
7.34137576768715	7.40320535940968	44.5
7.36200980604017	7.41916965932603	44.5
7.38264592647467	7.4351774398762	44.5
7.40328412899063	7.45122870106017	44.5
7.42392441358807	7.46732344287796	44.5
7.44456678026698	7.48346166532955	44.5
7.46521122902736	7.49964336841494	44.5
7.48585775986921	7.51586855213416	44.5
7.50650637279253	7.53213721648717	44.5
7.52715706779733	7.54844936147399	44.5
7.5478098448836	7.56480498709463	44.5
7.56846470405133	7.58120409334906	44.5
7.58912164530055	7.59764668023732	44.5
7.60978066863123	7.61413274775937	44.5
7.63044177404338	7.63066229591524	44.5
7.65110496153701	7.64723532470492	44.5
7.67177023111211	7.66385183412839	44.5
7.69243758276868	7.68051182418569	44.5
7.71310701650672	7.69721529487678	44.5
7.73377853232624	7.71396224620169	44.5
7.75445213022722	7.73075267816041	44.5
7.77512781020968	7.74758659075293	44.5
7.79580557227361	7.76446398397927	44.5
7.81648541641901	7.7813848578394	44.5
7.83716734264588	7.79834921233336	44.5
7.85785135095423	7.81535704746112	44.5
7.87853744134405	7.83240836322267	44.5
7.89922561381534	7.84950315961805	44.5
7.9199158683681	7.86664143664724	44.5
7.94060820500233	7.88382319431022	44.5
7.96130262371803	7.90104843260702	44.5
7.98199912451521	7.91831715153762	44.5
8.00269770739386	7.93562935110204	44.5
8.02339837235398	7.95298503130026	44.5
8.04410111939557	7.97038419213229	44.5
8.06480594851863	7.98782683359814	44.5
8.08551285972317	8.00531295569778	44.5
8.10622185300918	8.02284255843124	44.5
8.12693292837666	8.0404156417985	44.5
8.14764608582561	8.05803220579957	44.5
8.16836132535603	8.07569225043446	44.5
8.18907864696792	8.09339577570314	44.5
8.20979805066129	8.11114278160564	44.5
8.23051953643613	8.12893326814195	44.5
8.25124310429244	8.14676723531206	44.5
8.27196875423022	8.16464468311599	44.5
8.29269648624948	8.18256561155371	44.5
8.3134263003502	8.20053002062525	44.5
8.3341581965324	8.2185379103306	44.5
8.35489217479607	8.23658928066976	44.5
8.37562823514121	8.25468413164272	44.5
8.39636637756782	8.27282246324949	44.5
8.41710660207591	8.29100427549007	44.5
8.43784890866547	8.30922956836446	44.5
8.45859329733649	8.32749834187266	44.5
8.47933976808899	8.34581059601467	44.5
8.50008832092297	8.36416633079048	44.5
8.52083895583841	8.3825655462001	44.5
8.54159167283533	8.40100824224353	44.5
8.56234647191372	8.41949441892077	44.5
8.58310335307357	8.43802407623182	44.5
8.60386231631491	8.45659721417667	44.5
8.62462336163771	8.47521383275534	44.5
8.64538648904198	8.4938739319678	44.5
8.66615169852773	8.51257751181408	44.5
8.68691899009495	8.53132457229418	44.5
8.70768836374364	8.55011511340807	44.5
8.7284598194738	8.56894913515577	44.5
8.74923335728544	8.58782663753729	44.5
8.77000897717854	8.60674762055261	44.5
8.79078667915312	8.62571208420174	44.5
8.81156646320917	8.64472002848468	44.5
8.83234832934669	8.66377145340142	44.5
8.85313227756569	8.68286635895198	44.5
8.87391830786615	8.70200474513634	44.5
8.89470642024809	8.72118661195451	44.5
8.9154966147115	8.74041195940649	44.5
8.93628889125638	8.75968078749228	44.5
8.95708324988273	8.77899309621187	44.5
8.97787969059056	8.79834888556527	44.5
8.99867821337985	8.81774815555249	44.5
9.01947881825062	8.83719090617351	44.5
9.04028150520286	8.85667713742833	44.5
9.06108627423657	8.87620684931697	44.5
9.08189312535176	8.89578004183942	44.5
9.10270205854841	8.91539671499568	44.5
9.12351307382654	8.93505686878573	44.5
9.14432617118614	8.95476050320961	44.5
9.16514135062721	8.97450761826728	44.5
9.18595861214975	8.99429821395877	44.5
9.20677795575377	9.01413229028407	44.5
9.22759938143926	9.03400984724317	44.5
9.24842288920621	9.05393088483608	44.5
9.26924847905465	9.0738954030628	44.5
9.29007615098455	9.09390340192332	44.5
9.31090590499592	9.11395488141767	44.5
9.33173774108877	9.13404984154581	44.5
9.35257165926308	9.15418828230776	44.5
9.37340765951888	9.17437020370353	44.5
9.39424574185614	9.19459560573309	44.5
9.41508590627487	9.21486448839647	44.5
9.43592815277507	9.23517685169366	44.5
9.45677248135675	9.25553269562465	44.5
9.4776188920199	9.27593202018945	44.5
9.49846738476452	9.29637482538806	44.5
9.51931795959061	9.31686111122049	44.5
9.54017061649818	9.33739087768671	44.5
9.56102535548721	9.35796412478675	44.5
9.58188217655772	9.37858085252059	44.5
9.6027410797097	9.39924106088824	44.5
9.62360206494315	9.41994474988971	44.5
9.64446513225808	9.44069191952497	44.5
9.66533028165447	9.46148256979405	44.5
9.68619751313234	9.48231670069694	44.5
9.70706682669168	9.50319431223363	44.5
9.72793822233249	9.52411540440413	44.5
9.74881170005477	9.54507997720844	44.5
9.76968725985853	9.56608803064656	44.5
9.79056490174375	9.58713956471849	44.5
9.81144462571045	9.60823457942422	44.5
9.83232643175862	9.62937307476377	44.5
9.85321031988826	9.65055505073711	44.5
9.87409629009938	9.67178050734428	44.5
9.89498434239196	9.69304944458525	44.5
9.91587447676602	9.71436186246002	44.5
9.93676669322155	9.73571776096861	44.5
9.95766099175855	9.757117140111	44.5
9.97855737237702	9.7785599998872	44.5
9.99945583507697	9.80004634029721	44.5
10.0203563798584	9.82157616134102	44.5
10.0412590067213	9.84314946301865	44.5
10.0621637156656	9.86476624533008	44.5
10.0830705066915	9.88642650827533	44.5
10.1039793797988	9.90813025185438	44.5
10.1248903349875	9.92987747606724	44.5
10.1458033722578	9.95166818091391	44.5
10.1667184916095	9.97350236639439	44.5
10.1876356930427	9.99538003250867	44.5
10.2085549765574	10.0173011792568	44.5
10.2294763421535	10.0392658066387	44.5
10.2503997898311	10.0612739146544	44.5
10.2713253195902	10.0833255033039	44.5
10.2922529314307	10.1054205725872	44.5
10.3131826253528	10.1275591225044	44.5
10.3341144013563	10.1497411530553	44.5
10.3550482594412	10.17196666424	44.5
10.3759841996077	10.1942356560586	44.5
10.3969222218556	10.216548128511	44.5
10.417862326185	10.2389040815971	44.5
10.4388045125958	10.2613035153171	44.5
10.4597487810881	10.2837464296709	44.5
10.4806951316619	10.3062328246585	44.5
10.5016435643172	10.3287627002799	44.5
10.5225940790539	10.3513360565351	44.5
10.5435466758722	10.3739528934242	44.5
10.5645013547718	10.396613210947	44.5
10.585458115753	10.4193170091036	44.5
10.6064169588156	10.4420642878941	44.5
10.6273778839597	10.4648550473184	44.5
10.6483408911853	10.4876892873764	44.5
10.6693059804923	10.5105670080683	44.5
10.6902731518809	10.533488209394	44.5
10.7112424053508	10.5564528913535	44.5
10.7322137409023	10.5794610539468	44.5
10.7531871585352	10.6025126971739	44.5
10.7741626582496	10.6256078210348	44.5
10.7951402400455	10.6487464255295	44.5
10.8161199039229	10.671928510658	44.5
10.8371016498817	10.6951540764204	44.5
10.858085477922	10.7184231228165	44.5
10.8790713880437	10.7417356498465	44.5
10.900059380247	10.7650916575103	44.5
10.9210494545317	10.7884911458078	44.5
10.9420416108978	10.8119341147392	44.5
10.9630358493455	10.8354205643044	44.5
10.9840321698746	10.8589504945034	44.5
11.0050305724852	10.8825239053362	44.5
11.0260310571773	10.9061407968028	44.5
11.0470336239508	10.9298011689032	44.5
11.0680382728058	10.9535050216375	44.5
11.0890450037423	10.9772523550055	44.5
11.1100538167602	11.0010431690074	44.5
11.1310647118597	11.024877463643	44.5
11.1520776890406	11.0487552389125	44.5
11.1730927483029	11.0726764948158	44.5
11.1941098896468	11.0966412313528	44.5
11.2151291130721	11.1206494485237	44.5
11.2361504185789	11.1447011463284	44.5
11.2571738061671	11.1687963247669	44.5
11.2781992758369	11.1929349838393	44.5
11.2992268275881	11.2171171235454	44.5
11.3202564614207	11.2413427438853	44.5
11.3412881773349	11.265611844859	44.5
11.3623219753305	11.2899244264666	44.5
11.3833578554076	11.314280488708	44.5
11.4043958175661	11.3386800315831	44.5
11.4254358618062	11.3631230550921	44.5
11.4464779881277	11.3876095592349	44.5
11.4675221965306	11.4121395440115	44.5
11.4885684870151	11.4367130094219	44.5
11.509616859581	11.4613299554661	44.5
11.5306673142284	11.4859903821441	44.5
11.5517198509572	11.5106942894559	44.5
11.5727744697676	11.5354416774015	44.5
11.5938311706594	11.560232545981	44.5
11.6148899536327	11.5850668951942	44.5
11.6359508186874	11.6099447250413	44.5
11.6570137658236	11.6348660355221	44.5
11.6780787950413	11.6598308266368	44.5
11.6991459063405	11.6848390983853	44.5
11.7202150997211	11.7098908507676	44.5
11.7412863751832	11.7349860837837	44.5
11.7623597327268	11.7601247974336	44.5
11.7834351723519	11.7853069917173	44.5
11.8045126940584	11.8105326666348	44.5
11.8255922978464	11.8358018221861	44.5
11.8466739837158	11.8611144583713	44.5
11.8677577516668	11.8864705751902	44.5
11.8888436016992	11.911870172643	44.5
11.9099315338131	11.9373132507295	44.5
11.9310215480084	11.9627998094499	44.5
11.9521136442853	11.9883298488041	44.5
11.9732078226436	12.0139033687921	44.5
11.9943040830833	12.0395203694139	44.5
12.0154024256046	12.0651808506695	44.5
12.0365028502073	12.0908848125589	44.5
12.0576053568915	12.1166322550821	44.5
12.0787099456571	12.1424231782391	44.5
12.0998166165042	12.16825758203	44.5
12.1209253694328	12.1941354664546	44.5
12.1420362044429	12.2200568315131	44.5
12.1631491215345	12.2460216772053	44.5
12.1842641207075	12.2720300035314	44.5
12.205381201962	12.2980818104913	44.5
12.2265003652979	12.324177098085	44.5
12.2476216107154	12.3503158663125	44.5
12.2687449382143	12.3764981151738	44.5
12.2898703477946	12.4027238446689	44.5
12.3109978394565	12.4289930547978	44.5
12.3321274131998	12.4553057455605	44.5
12.3532590690246	12.4816619169571	44.5
12.3743928069309	12.5080615689874	44.5
12.3955286269186	12.5345047016516	44.5
12.4166665289878	12.5609913149495	44.5
12.4378065131385	12.5875214088813	44.5
12.4589485793706	12.6140949834469	44.5
12.4800927276842	12.6407120386463	44.5
12.5012389580793	12.6673725744795	44.5
12.5223872705559	12.6940765909465	44.5
12.5435376651139	12.7208240880473	44.5
12.5646901417535	12.7476150657819	44.5
12.5858447004744	12.7744495241503	44.5
12.6070013412769	12.8013274631526	44.5
12.6281600641608	12.8282488827886	44.5
12.6493208691262	12.8552137830585	44.5
12.6704837561731	12.8822221639621	44.5
12.6916487253014	12.9092740254996	44.5
12.7128157765112	12.9363693676709	44.5
12.7339849098025	12.963508190476	44.5
12.7551561251753	12.9906904939149	44.5
12.7763294226295	13.0179162779876	44.5
12.7975048021652	13.0451855426941	44.5
12.8186822637824	13.0724982880344	44.5
12.839861807481	13.0998545140085	44.5
12.8610434332611	13.1272542206165	44.5
12.8822271411227	13.1546974078582	44.5
12.9034129310658	13.1821840757337	44.5
12.9246008030903	13.2097142242431	44.5
12.9457907571963	13.2372878533863	44.5
12.9669827933838	13.2649049631633	44.5
12.9881769116527	13.292565553574	44.5
13.0093731120031	13.3202696246186	44.5
13.030571394435	13.348017176297	44.5
13.0517717589484	13.3758082086092	44.5
13.0729742055432	13.4036427215553	44.5
13.0941787342195	13.4315207151351	44.5
13.1153853449773	13.4594421893487	44.5
13.1365940378166	13.4874071441962	44.5
13.1578048127373	13.5154155796774	44.5
13.1790176697395	13.5434674957925	44.5
13.2002326088231	13.5715628925413	44.5
13.2214496299883	13.599701769924	44.5
13.2426687332349	13.6278841279405	44.5
13.263889918563	13.6561099665908	44.5
13.2851131859725	13.6843792858749	44.5
13.3063385354635	13.7126920857928	44.5
13.327565967036	13.7410483663445	44.5
13.34879548069	13.7694481275301	44.5
13.3700270764254	13.7978913693494	44.5
13.3912607542424	13.8263780918025	44.5
13.4124965141407	13.8549082948895	44.5
13.4337343561206	13.8834819786102	44.5
13.4549742801819	13.9120991429648	44.5
13.4762162863247	13.9407597879532	44.5
13.497460374549	13.9694639135754	44.5
13.5187065448547	13.9982115198314	44.5
13.539954797242	14.0270026067212	44.5
13.5612051317106	14.0558371742448	44.5
13.5824575482608	14.0847152224022	44.5
13.6037120468924	14.1136367511934	44.5
13.6249686276055	14.1426017606184	44.5
13.6462272904001	14.1716102506773	44.5
13.6674880352761	14.2006622213699	44.5
13.6887508622337	14.2297576726964	44.5
13.7100157712726	14.2588966046567	44.5
13.7312827623931	14.2880790172507	44.5
13.752551835595	14.3173049104786	44.5
13.7738229908784	14.3465742843403	44.5
13.7950962282433	14.3758871388358	44.5
13.8163715476897	14.4052434739651	44.5
13.8376489492175	14.4346432897282	44.5
13.8589284328268	14.4640865861252	44.5
13.8802099985175	14.4935733631559	44.5
13.9014936462898	14.5231036208204	44.5
13.9227793761435	14.5526773591188	44.5
13.9440671880787	14.5822945780509	44.5
13.9653570820953	14.6119552776169	44.5
13.9866490581934	14.6416594578167	44.5
14.007943116373	14.6714071186503	44.5
14.0292392566341	14.7011982601177	44.5
14.0505374789766	14.7310328822189	44.5
14.0718377834006	14.7609109849539	44.5
14.0931401699061	14.7908325683227	44.5
14.1144446384931	14.8207976323253	44.5
14.1357511891615	14.8508061769617	44.5
14.1570598219114	14.880858202232	44.5
14.1783705367428	14.910953708136	44.5
14.1996833336556	14.9410926946739	44.5
14.2209982126499	14.9712751618456	44.5
14.2423151737257	15.001501109651	44.5
14.263634216883	15.0317705380903	44.5
14.2849553421217	15.0620834471634	44.5
14.3062785494419	15.0924398368703	44.5
14.3276038388436	15.122839707211	44.5
14.3489312103267	15.1532830581855	44.5
14.3702606638913	15.1837698897938	44.5
14.3915921995374	15.214300202036	44.5
14.412925817265	15.2448739949119	44.5
14.434261517074	15.2754912684217	44.5
14.4555992989645	15.3061520225652	44.5
14.4769391629365	15.3368562573426	44.5
14.4982811089899	15.3676039727538	44.5
14.5196251371249	15.3983951687987	44.5
14.5409712473412	15.4292298454775	44.5
14.5623194396391	15.4601080027901	44.5
14.5836697140184	15.4910296407365	44.5
14.6050220704792	15.5219947593168	44.5
14.6263765090215	15.5530033585308	44.5
14.6477330296453	15.5840554383786	44.5
14.6690916323505	15.6151509988602	44.5
14.6904523171372	15.6462900399757	44.5
14.7118150840054	15.677472561725	44.5
14.733179932955	15.708698564108	44.5
14.7545468639861	15.7399680471249	44.5
14.7759158770987	15.7712810107756	44.5
14.7972869722927	15.8026374550601	44.5
14.8186601495683	15.8340373799784	44.5
14.8400354089253	15.8654807855305	44.5
14.8614127503637	15.8969676717164	44.5
14.8827921738837	15.9284980385361	44.5
14.9041736794851	15.9600718859896	44.5
14.925557267168	15.991689214077	44.5
14.9469429369323	16.0233500227981	44.5
14.9683306887781	16.0550543121531	44.5
14.9897205227054	16.0868020821418	44.5
15.0111124387142	16.1185933327644	44.5
15.0325064368045	16.1504280640208	44.5
15.0539025169762	16.182306275911	44.5
15.0753006792294	16.214227968435	44.5
15.096700923564	16.2461931415928	44.5
15.1181032499801	16.2782017953844	44.5
15.1395076584777	16.3102539298098	44.5
15.1609141490568	16.342349544869	44.5
15.1823227217174	16.3744886405621	44.5
15.2037333764594	16.4066712168889	44.5
15.2251461132829	16.4388972738496	44.5
15.2465609321878	16.471166811444	44.5
15.2679778331743	16.5034798296723	44.5
15.2893968162422	16.5358363285344	44.5
15.3108178813915	16.5682363080303	44.5
15.3322410286224	16.60067976816	44.5
15.3536662579347	16.6331667089235	44.5
15.3750935693285	16.6656971303208	44.5
15.3965229628038	16.6982710323519	44.5
15.4179544383605	16.7308884150168	44.5
15.4393879959987	16.7635492783156	44.5
15.4608236357184	16.7962536222481	44.5
15.4822613575195	16.8290014468145	44.5
15.5037011614022	16.8617927520146	44.5
15.5251430473663	16.8946275378486	44.5
15.5465870154118	16.9275058043164	44.5
15.5680330655389	16.960427551418	44.5
15.5894811977474	16.9933927791534	44.5
15.6109314120374	17.0264014875226	44.5
15.6323837084088	17.0594536765256	44.5
15.6538380868618	17.0925493461624	44.5
15.6752945473961	17.125688496433	44.5
15.696753090012	17.1588711273375	44.5
15.7182137147094	17.1920972388757	44.5
15.7396764214882	17.2253668310478	44.5
15.7611412103485	17.2586799038536	44.5
15.7826080812902	17.2920364572933	44.5
15.8040770343134	17.3254364913668	44.5
15.8255480694181	17.3588800060741	44.5
15.8470211866043	17.3923670014152	44.5
15.868496385872	17.4258974773901	44.5
15.8899736672211	17.4594714339988	44.5
15.9114530306517	17.4930888712413	44.5
15.9329344761637	17.5267497891176	44.5
15.9544180037573	17.5604541876278	44.5
15.9759036134323	17.5942020667717	44.5
15.9973913051887	17.6279934265495	44.5
16.0188810790267	17.661828266961	44.5
16.0403729349461	17.6957065880064	44.5
16.061866872947	17.7296283896856	44.5
16.0833628930294	17.7635936719986	44.5
16.1048609951932	17.7976024349453	44.5
16.1263611794385	17.8316546785259	44.5
16.1478634457653	17.8657504027404	44.5
16.1693677941735	17.8998896075886	44.5
16.1908742246633	17.9340722930706	44.5
16.2123827372344	17.9682984591864	44.5
16.2338933318871	18.0025681059361	44.5
16.2554060086213	18.0368812333195	44.5
16.2769207674369	18.0712378413368	44.5
16.2984376083339	18.1056379299879	44.5
16.3199565313125	18.1400814992727	44.5
16.3414775363725	18.1745685491914	44.5
16.363000623514	18.2090990797439	44.5
16.384525792737	18.2436730909302	44.5
16.4060530440414	18.2782905827503	44.5
16.4275823774273	18.3129515552043	44.5
16.4491137928947	18.347656008292	44.5
16.4706472904436	18.3824039420135	44.5
16.4921828700739	18.4171953563689	44.5
16.5137205317857	18.452030251358	44.5
16.535260275579	18.486908626981	44.5
16.5568021014537	18.5218304832377	44.5
16.5783460094099	18.5567958201283	44.5
16.5998919994476	18.5918046376527	44.5
16.6214400715668	18.6268569358109	44.5
16.6429902257674	18.6619527146029	44.5
16.6645424620495	18.6970919740287	44.5
16.6860967804131	18.7322747140883	44.5
16.7076531808581	18.7675009347817	44.5
16.7292116633847	18.802770636109	44.5
16.7507722279926	18.83808381807	44.5
16.7723348746821	18.8734404806649	44.5
16.793899603453	18.9088406238935	44.5
16.8154664143054	18.944284247756	44.5
16.8370353072393	18.9797713522523	44.5
16.8586062822547	19.0153019373824	44.5
16.8801793393515	19.0508760031462	44.5
16.9017544785298	19.0864935495439	44.5
16.9233316997896	19.1221545765755	44.5
16.9449110031308	19.1578590842408	44.5
16.9664923885535	19.1936070725399	44.5
16.9880758560577	19.2293985414728	44.5
17.0096614056433	19.2652334910396	44.5
17.0312490373105	19.3011119212401	44.5
17.0528387510591	19.3370338320745	44.5
17.0744305468891	19.3729992235427	44.5
17.0960244248007	19.4090080956446	44.5
17.1176203847937	19.4450604483804	44.5
17.1392184268682	19.48115628175	44.5
17.1608185510241	19.5172955957534	44.5
17.1824207572615	19.5534783903906	44.5
17.2040250455804	19.5897046656616	44.5
17.2256314159808	19.6259744215664	44.5
17.2472398684626	19.6622876581051	44.5
17.268850403026	19.6986443752775	44.5
17.2904630196707	19.7350445730838	44.5
17.312077718397	19.7714882515238	44.5
17.3336944992047	19.8079754105977	44.5
17.3553133620939	19.8445060503054	44.5
17.3769343070646	19.8810801706469	44.5
17.3985573341168	19.9176977716221	44.5
17.4201824432504	19.9543588532312	44.5
17.4418096344655	19.9910634154741	44.5
17.463438907762	20.0278114583509	44.5
17.4850702631401	20.0646029818614	44.5
17.5067037005996	20.1014379860057	44.5
17.5283392201405	20.1383164707839	44.5
17.549976821763	20.1752384361958	44.5
17.5716165054669	20.2122038822416	44.5
17.5932582712523	20.2492128089211	44.5
17.6149021191192	20.2862652162345	44.5
17.6365480490675	20.3233611041817	44.5
17.6581960610973	20.3605004727627	44.5
17.6798461552086	20.3976833219775	44.5
17.7014983314013	20.4349096518261	44.5
17.7231525896756	20.4721794623085	44.5
17.7448089300313	20.5094927534247	44.5
17.7664673524684	20.5468495251748	44.5
17.7881278569871	20.5842497775586	44.5
17.8097904435872	20.6216935105762	44.5
17.8314551122687	20.6591807242277	44.5
17.8531218630318	20.696711418513	44.5
17.8747906958763	20.734285593432	44.5
17.8964616108023	20.7719032489849	44.5
17.9181346078098	20.8095643851716	44.5
17.9398096868987	20.8472690019921	44.5
17.9614868480691	20.8850170994464	44.5
17.983166091321	20.9228086775345	44.5
18.0048474166544	20.9606437362565	44.5
18.0265308240692	20.9985222756122	44.5
18.0482163135655	21.0364442956017	44.5
18.0699038851433	21.0744097962251	44.5
18.0915935388025	21.1124187774822	44.5
18.1132852745433	21.1504712393732	44.5
18.1349790923654	21.188567181898	44.5
18.1566749922691	21.2267066050565	44.5
18.1783729742542	21.2648895088489	44.5
18.2000730383208	21.3031158932751	44.5
18.2217751844689	21.3413857583351	44.5
18.2434794126985	21.3796991040289	44.5
18.2651857230095	21.4180559303566	44.5
18.286894115402	21.456456237318	44.5
18.3086045898759	21.4949000249132	44.5
18.3303171464314	21.5333872931423	44.5
18.3520317850683	21.5719180420051	44.5
18.3737485057867	21.6104922715018	44.5
18.3954673085865	21.6491099816323	44.5
18.4171881934678	21.6877711723966	44.5
18.4389111604306	21.7264758437946	44.5
18.4606362094749	21.7652239958265	44.5
18.4823633406006	21.8040156284922	44.5
18.5040925538078	21.8428507417918	44.5
18.5258238490965	21.8817293357251	44.5
18.5475572264667	21.9206514102922	44.5
18.5692926859183	21.9596169654932	44.5
18.5910302274514	21.9986260013279	44.5
18.612769851066	22.0376785177964	44.5
18.634511556762	22.0767745148988	44.5
18.6562553445395	22.115913992635	44.5
18.6780012143985	22.155096951005	44.5
18.6997491663389	22.1943233900088	44.5
18.7214992003609	22.2335933096463	44.5
18.7432513164643	22.2729067099178	44.5
18.7650055146491	22.312263590823	44.5
18.7867617949155	22.351663952362	44.5
18.8085201572633	22.3911077945348	44.5
18.8302806016926	22.4305951173415	44.5
18.8520431282033	22.4701259207819	44.5
18.8738077367956	22.5097002048561	44.5
18.8955744274693	22.5493179695642	44.5
18.9173432002245	22.5889792149061	44.5
18.9391140550611	22.6286839408818	44.5
18.9608869919792	22.6684321474912	44.5
18.9826620109788	22.7082238347345	44.5
19.0044391120599	22.7480590026116	44.5
19.0262182952224	22.7879376511226	44.5
19.0479995604664	22.8278597802673	44.5
19.0697829077919	22.8678253900458	44.5
19.0915683371988	22.9078344804581	44.5
19.1133558486873	22.9478870515043	44.5
19.1351454422571	22.9879831031842	44.5
19.1569371179085	23.028122635498	44.5
19.1787308756413	23.0683056484456	44.5
19.2005267154557	23.108532142027	44.5
19.2223246373514	23.1488021162421	44.5
19.2441246413287	23.1891155710911	44.5
19.2659267273874	23.2294725065739	44.5
19.2877308955276	23.2698729226905	44.5
19.3095371457493	23.310316819441	44.5
19.3313454780524	23.3508041968252	44.5
19.353155892437	23.3913350548432	44.5
19.3749683889031	23.4319093934951	44.5
19.3967829674507	23.4725272127807	44.5
19.4185996280797	23.5131885127002	44.5
19.4404183707902	23.5538932932535	44.5
19.4622391955822	23.5946415544405	44.5
19.4840621024556	23.6354332962614	44.5
19.5058870914105	23.6762685187161	44.5
19.5277141624469	23.7171472218046	44.5
19.5495433155648	23.7580694055269	44.5
19.5713745507641	23.7990350698831	44.5
19.5932078680449	23.840044214873	44.5
19.6150432674072	23.8810968404967	44.5
19.6368807488509	23.9221929467543	44.5
19.6587203123761	23.9633325336456	44.5
19.6805619579828	24.0045156011708	44.5
19.702405685671	24.0457421493297	44.5
19.7242514954406	24.0870121781225	44.5
19.7460993872917	24.1283256875491	44.5
19.7679493612243	24.1696826776095	44.5
19.7898014172383	24.2110831483037	44.5
19.8116555553339	24.2525270996317	44.5
19.8335117755108	24.2940145315935	44.5
19.8553700777693	24.3355454441891	44.5
19.8772304621092	24.3771198374186	44.5
19.8990929285306	24.4187377112818	44.5
19.9209574770335	24.4603990657789	44.5
19.9428241076179	24.5021039009097	44.5
19.9646928202837	24.5438522166744	44.5
19.986563615031	24.5856440130729	44.5
20.0084364918598	24.6274792901052	44.5
20.03031145077	24.6693580477713	44.5
20.0521884917617	24.7112802860712	44.5
20.0740676148349	24.7532460050049	44.5
20.0959488199895	24.7952552045724	44.5
20.1178321072257	24.8373078847737	44.5
20.1397174765433	24.8794040456088	44.5
20.1616049279423	24.9215436870778	44.5
20.1834944614229	24.9637268091805	44.5
20.2053860769849	25.0059534119171	44.5
20.2272797746284	25.0482234952875	44.5
20.2491755543533	25.0905370592916	44.5
20.2710734161598	25.1328941039296	44.5
20.2929733600477	25.1752946292014	44.5
20.314875386017	25.217738635107	44.5
20.3367794940679	25.2602261216464	44.5
20.3586856842002	25.3027570888196	44.5
20.380593956414	25.3453315366267	44.5
20.4025043107092	25.3879494650675	44.5
20.424416747086	25.4306108741421	44.5
20.4463312655442	25.4733157638506	44.5
20.4682478660838	25.5160641341928	44.5
20.490166548705	25.5588559851689	44.5
20.5120873134076	25.6016913167788	44.5
20.5340101601917	25.6445701290225	44.5
20.5559350890573	25.6874924219	44.5
20.5778621000043	25.7304581954113	44.5
20.5997911930328	25.7734674495564	44.5
20.6217223681428	25.8165201843353	44.5
20.6436556253342	25.859616399748	44.5
20.6655909646072	25.9027560957945	44.5
20.6875283859615	25.9459392724749	44.5
20.7094678893974	25.989165929789	44.5
20.7314094749147	26.032436067737	44.5
20.7533531425136	26.0757496863188	44.5
20.7752988921938	26.1191067855343	44.5
20.7972467239556	26.1625073653837	44.5
20.8191966377988	26.2059514258669	44.5
20.8411486337235	26.2494389669839	44.5
20.8631027117297	26.2929699887347	44.5
20.8850588718173	26.3365444911193	44.5
20.9070171139864	26.3801624741378	44.5
20.928977438237	26.42382393779	44.5
20.9509398445691	26.467528882076	44.5
20.9729043329826	26.5112773069959	44.5
20.9948709034776	26.5550692125495	44.5
21.0168395560541	26.598904598737	44.5
21.038810290712	26.6427834655583	44.5
21.0607831074514	26.6867058130134	44.5
21.0827580062723	26.7306716411022	44.5
21.1047349871747	26.7746809498249	44.5
21.1267140501585	26.8187337391815	44.5
21.1486951952238	26.8628300091718	44.5
21.1706784223706	26.9069697597959	44.5
21.1926637315988	26.9511529910538	44.5
21.2146511229085	26.9953797029456	44.5
21.2366405962997	27.0396498954711	44.5
21.2586321517724	27.0839635686305	44.5
21.2806257893265	27.1283207224236	44.5
21.3026215089621	27.1727213568506	44.5
21.3246193106792	27.2171654719114	44.5
21.3466191944777	27.261653067606	44.5
21.3686211603578	27.3061841439344	44.5
21.3906252083193	27.3507587008966	44.5
21.4126313383622	27.3953767384926	44.5
21.4346395504867	27.4400382567224	44.5
21.4566498446926	27.4847432555861	44.5
21.4786622209799	27.5294917350835	44.5
21.5006766793488	27.5742836952147	44.5
21.5226932197991	27.6191191359798	44.5
21.5447118423309	27.6639980573787	44.5
21.5667325469442	27.7089204594113	44.5
21.5887553336389	27.7538863420778	44.5
21.6107802024151	27.7988957053781	44.5
21.6328071532728	27.8439485493122	44.5
21.654836186212	27.8890448738801	44.5
21.6768673012326	27.9341846790818	44.5
21.6989004983347	27.9793679649173	44.5
21.7209357775183	28.0245947313867	44.5
21.7429731387833	28.0698649784898	44.5
21.7650125821298	28.1151787062267	44.5
21.7870541075578	28.1605359145975	44.5
21.8090977150673	28.2059366036021	44.5
21.8311434046582	28.2513807732404	44.5
21.8531911763306	28.2968684235126	44.5
21.8752410300845	28.3423995544186	44.5
21.8972929659198	28.3879741659584	44.5
21.9193469838366	28.433592258132	44.5
21.9414030838349	28.4792538309394	44.5
21.9634612659147	28.5249588843806	44.5
21.9855215300759	28.5707074184557	44.5
22.0075838763186	28.6164994331645	44.5
22.0296483046428	28.6623349285072	44.5
22.0517148150484	28.7082139044836	44.5
22.0737834075356	28.7541363610939	44.5
22.0958540821041	28.8001022983379	44.5
22.1179268387542	28.8461117162158	44.5
22.1400016774857	28.8921646147275	44.5
22.1620785982987	28.938260993873	44.5
22.1841576011932	28.9844008536523	44.5
22.2062386861692	29.0305841940654	44.5
22.2283218532266	29.0768110151123	44.5
22.2331376336012	29.0866957724364	44.5
22.2381080828848	29.0965036673121	44.5
22.2432319746934	29.106232279788	44.5
22.2485080447833	29.1158792094746	44.5
22.2539349913632	29.1254420761364	44.5
22.2595114754153	29.1349185202791	44.5
22.2652361210255	29.1443062037319	44.5
22.2711075157232	29.1536028102244	44.5
22.2771242108296	29.1628060459581	44.5
22.2832847218152	29.1719136401722	44.5
22.2895875286662	29.1809233457041	44.5
22.2960310762591	29.1898329395439	44.5
22.3026137747452	29.1986402233826	44.5
22.309333999942	29.2073430241546	44.5
22.3161900937345	29.215939194574	44.5
22.3231803644842	29.2244266136646	44.5
22.3303030874463	29.2328031872826	44.5
22.3375565051956	29.2410668486337	44.5
22.3449388280597	29.2492155587833	44.5
22.352448234561	29.2572473071591	44.5
22.3600828718658	29.2651601120472	44.5
22.3678408562415	29.2729520210815	44.5
22.3757202735216	29.2806211117251	44.5
22.3837191795777	29.2881654917445	44.5
22.3918356007996	29.2955832996769	44.5
22.4000675345816	29.3028727052891	44.5
22.4084129498174	29.3100319100295	44.5
22.4168697874006	29.3170591474714	44.5
22.425435960733	29.323952683749	44.5
22.4341093562397	29.3307108179855	44.5
22.4428878338899	29.3373318827124	44.5
22.4517692277257	29.343814244281	44.5
22.4607513463961	29.3501563032655	44.5
22.4698319736977	29.3563564948579	44.5
22.4790088691215	29.3624132892536	44.5
22.4882797684061	29.3683251920293	44.5
22.4976423840955	29.3740907445114	44.5
22.5070944061047	29.379708524136	44.5
22.5166335022885	29.3851771448002	44.5
22.5262573190177	29.3904952572036	44.5
22.5359634817595	29.3956615491816	44.5
22.5457495956636	29.4006747460289	44.5
22.5556132461527	29.4055336108142	44.5
22.5655519995186	29.4102369446853	44.5
22.5755634035228	29.414783587165	44.5
22.585644988001	29.4191724164372	44.5
22.5957942654732	29.4234023496241	44.5
22.606008731757	29.4274723430528	44.5
22.6162858665856	29.4313813925135	44.5
22.62662313423	29.4351285335067	44.5
22.6370179841238	29.4387128414813	44.5
22.6474678514935	29.4421334320631	44.5
22.6579701579907	29.4453894612724	44.5
22.6685223123283	29.4484801257329	44.5
22.6791217109203	29.4514046628692	44.5
22.6897657385235	29.4541623510956	44.5
22.7004517688835	29.4567525099939	44.5
22.7111771653821	29.459174500481	44.5
22.7219392816883	29.4614277249671	44.5
22.7327354624109	29.4635116275027	44.5
22.7435630437538	29.465425693916	44.5
22.7544193541735	29.4671694519398	44.5
22.7653017150376	29.468742471328	44.5
22.7762074412865	29.4701443639614	44.5
22.7871338420955	29.4713747839441	44.5
22.7980782215387	29.4724334276884	44.5
22.8090378792541	29.4733200339897	44.5
22.8200101111102	29.4740343840913	44.5
22.8309922098731	29.4745763017378	44.5
22.8419814658741	29.4749456532194	44.5
22.8529751676788	29.4751423474039	44.5
22.8639706027557	29.47516633576	44.5
22.8749650581458	29.4750176123691	44.5
22.8859558211318	29.4746962139262	44.5
22.8969401799073	29.4742022197318	44.5
22.9079154242461	29.4735357516715	44.5
22.918878846171	29.4726969741863	44.5
22.9298277406216	29.471686094232	44.5
22.9407594061221	29.4705033612281	44.5
22.9516711454475	29.4691490669963	44.5
22.9625602662895	29.4676235456883	44.5
22.9734240819204	29.4659271737039	44.5
22.9842599118564	29.4640603695973	44.5
22.9950650825184	29.4620235939745	44.5
23.0058369278923	29.4598173493795	44.5
23.0165727901865	29.4574421801702	44.5
23.0272700204875	29.4548986723838	44.5
23.0379259794139	29.4521874535931	44.5
23.0485380377673	29.4493091927505	44.5
23.0591035771809	29.4462646000239	44.5
23.0696199907662	29.4430544266211	44.5
23.0800846837553	29.4396794646042	44.5
23.090495074142	29.4361405466947	44.5
23.100848593318	29.4324385460675	44.5
23.1111426867076	29.428574376136	44.5
23.1213748143971	29.4245489903262	44.5
23.1315424517623	29.4203633818418	44.5
23.1416430900906	29.4160185834192	44.5
23.1516742372007	29.4115156670724	44.5
23.1616334180573	29.4068557438285	44.5
23.1715181753814	29.4020399634538	44.5
23.181326070257	29.3970695141702	44.5
23.1910546827329	29.3919456223617	44.5
23.2007016124196	29.3866695522717	44.5
23.2102644790814	29.3812426056918	44.5
23.2197409232241	29.3756661216397	44.5
23.2291286066769	29.3699414760296	44.5
23.2384252131694	29.3640700813319	44.5
23.247628448903	29.3580533862255	44.5
23.2567360431171	29.3518928752398	44.5
23.2657457486491	29.3455900683889	44.5
23.2746553424889	29.3391465207959	44.5
23.2834626263275	29.3325638223099	44.5
23.2921654270995	29.3258435971131	44.5
23.300761597519	29.3189875033206	44.5
23.3092490166095	29.3119972325709	44.5
23.3176255902275	29.3048745096088	44.5
23.3258892515787	29.2976210918595	44.5
23.3340379617283	29.2902387689953	44.5
23.342069710104	29.282729362494	44.5
23.3499825149921	29.2750947251893	44.5
23.3577744240265	29.2673367408136	44.5
23.36544351467	29.2594573235335	44.5
23.3729878946894	29.2514584174773	44.5
23.3804057026218	29.2433419962555	44.5
23.3876951082341	29.2351100624734	44.5
23.3948543129745	29.2267646472376	44.5
23.4018815504163	29.2183078096545	44.5
23.408775086694	29.209741636322	44.5
23.4155332209305	29.2010682408154	44.5
23.4221542856573	29.1922897631652	44.5
23.4286366472259	29.1834083693294	44.5
23.4349787062105	29.174426250659	44.5
23.4411788978029	29.1653456233574	44.5
23.4472356921986	29.1561687279335	44.5
23.4531475949743	29.146897828649	44.5
23.4589131474563	29.1375352129595	44.5
23.464530927081	29.1280831909504	44.5
23.4699995477452	29.1185440947666	44.5
23.4753176601486	29.1089202780374	44.5
23.4804839521266	29.0992141152955	44.5
23.4854971489738	29.0894280013915	44.5
23.4903560137591	29.0795643509024	44.5
23.4950593476302	29.0696255975364	44.5
23.4996059901099	29.0596141935323	44.5
23.5039948193821	29.049532609054	44.5
23.508224752569	29.0393833315818	44.5
23.5122947459978	29.0291688652981	44.5
23.5162037954585	29.0188917304694	44.5
23.5199509364516	29.0085544628251	44.5
23.5235352444262	28.9981596129312	44.5
23.526955835008	28.9877097455615	44.5
23.5302118642173	28.9772074390644	44.5
23.5333025286778	28.9666552847267	44.5
23.5362270658141	28.9560558861348	44.5
23.5389847540406	28.9454118585316	44.5
23.5415749129388	28.9347258281716	44.5
23.543996903426	28.9240004316729	44.5
23.546250127912	28.9132383153668	44.5
23.5483340304476	28.9024421346442	44.5
23.5502480968609	28.8916145533012	44.5
23.5519918548848	28.8807582428816	44.5
23.5535648742729	28.8698758820175	44.5
23.5549667669063	28.8589701557685	44.5
23.5561971868891	28.8480437549595	44.5
23.5572558306333	28.8370993755164	44.5
23.5581424369347	28.826139717801	44.5
23.5588567870362	28.8151674859448	44.5
23.5593987046828	28.804185387182	44.5
23.5597680561643	28.793196131181	44.5
23.5599647503488	28.7822024293763	44.5
23.559988738705	28.7712069942994	44.5
23.559840015314	28.7602125389092	44.5
23.5595186168712	28.7492217759233	44.5
23.5590246226768	28.7382374171478	44.5
23.5583581546165	28.7272621728089	44.5
23.5575193771313	28.7162987508841	44.5
23.5565084971769	28.7053498564335	44.5
23.555325764173	28.694418190933	44.5
23.5539714699412	28.6835064516076	44.5
23.5524459486333	28.6726173307656	44.5
23.5507495766488	28.6617535151346	44.5
23.5488827725422	28.6509176851987	44.5
23.5468459969195	28.6401125145367	44.5
23.5446397523245	28.6293406691628	44.5
23.5422645831151	28.6186048068686	44.5
23.5397210753288	28.6079075765675	44.5
23.537009856538	28.5972516176411	44.5
23.5341315956954	28.5866395592878	44.5
23.5310870029689	28.5760740198741	44.5
23.527876829566	28.5655576062889	44.5
23.5245018675491	28.5550929132997	44.5
23.5209629496396	28.5446825229131	44.5
23.5172609490124	28.534329003737	44.5
23.5133967790809	28.5240349103475	44.5
23.5093713932711	28.5138027826579	44.5
23.5051857847868	28.5036351452928	44.5
23.5008409863642	28.4935345069645	44.5
23.4963380700173	28.4835033598543	44.5
23.4917307821149	28.4736544322261	44.5
23.4869906992762	28.4637233337623	44.5
23.4818665510517	28.4529875678634	44.5
23.4765045468479	28.4417534639518	44.5
23.4711495514857	28.4305340476561	44.5
23.4668310745158	28.4214862759794	44.5
23.4618390800652	28.411027401028	44.5
23.456107019557	28.3990179967826	44.5
23.4495664299208	28.3853146266252	44.5
23.4421472063558	28.3697704148727	44.5
23.4337778750946	28.3522356183125	44.5
23.4292142763243	28.3426743125363	44.5
23.4243858661669	28.3325581977365	44.5
23.4192834468448	28.3218680040299	44.5
23.4138977861629	28.310584389476	44.5
23.4082196260328	28.2986879579366	44.5
23.4022396909966	28.2861592769364	44.5
23.3959486967507	28.272978895524	44.5
23.3893373586697	28.2591273621315	44.5
23.3823964003304	28.2445852424358	44.5
23.3751165620351	28.2293331372183	44.5
23.3674886093364	28.2133517002261	44.5
23.3595033415601	28.1966216560318	44.5
23.3511516003297	28.1791238178943	44.5
23.3424242780902	28.1608391056193	44.5
23.3333123266315	28.1417485634195	44.5
23.3238067656127	28.1218333777752	44.5
23.3138986910859	28.101074895295	44.5
23.3035792840201	28.0794546405758	44.5
23.2928398188246	28.0569543340635	44.5
23.2816716718736	28.0335559099135	44.5
23.2700663300294	28.009241533851	44.5
23.2580153991667	27.9839936210317	44.5
23.2455106126963	27.957794853902	44.5
23.2325438400888	27.9306282000595	44.5
23.2191070953989	27.9024769301137	44.5
23.2051925457887	27.8733246355462	44.5
23.190792520052	27.843155246571	44.5
23.175899517138	27.8119530499957	44.5
23.1605062146751	27.7797027070809	44.5
23.1446054774949	27.7463892714016	44.5
23.1281903661558	27.7119982067071	44.5
23.1112541454673	27.6765154047815	44.5
23.0937902930134	27.6399272033046	44.5
23.0757925076769	27.6022204037118	44.5
23.0572547181627	27.5633822890548	44.5
23.0381710915223	27.523400641862	44.5
23.0185360416771	27.4822637619993	44.5
22.9983442379428	27.4399604845298	44.5
22.9775906135526	27.3964801975752	44.5
22.9562703741817	27.3518128601753	44.5
22.9343790064707	27.3059490201494	44.5
22.9119122865499	27.258879831956	44.5
22.8888662885628	27.2105970745535	44.5
22.8652373931898	27.1610931692609	44.5
22.8410222961728	27.1103611976179	44.5
22.8162180168383	27.0583949192458	44.5
22.7908219066215	27.0051887897072	44.5
22.7648316575904	26.9507379783674	44.5
22.7382453109695	26.895038386254	44.5
22.7110612656566	26.838086663904	44.5
22.6832782857131	26.7798802270561	44.5
22.6548955015994	26.7204172592372	44.5
22.6259124059041	26.6596967028069	44.5
22.5963288484112	26.5977182486145	44.5
22.5661450311649	26.5344823256526	44.5
22.5353615035353	26.4699900907102	44.5
22.5039791572837	26.404243418027	44.5
22.4719992216277	26.3372448889459	44.5
22.4394232583064	26.2689977815675	44.5
22.4062531566461	26.1995060604027	44.5
22.3724911286253	26.1287743660268	44.5
22.33813970394	26.0568080047328	44.5
22.3032017250691	25.9836129381851	44.5
22.2676803423396	25.9091957730726	44.5
22.2315790089922	25.8335637507624	44.5
22.1949014762459	25.7567247369536	44.5
22.1576517883643	25.6786872113303	44.5
22.1198342777198	25.5994602572154	44.5
22.0814535598598	25.519053551224	44.5
22.0425145285715	25.4374773529172	44.5
22.0030223509474	25.354742494455	44.5
21.9629824624505	25.2708603702503	44.5
21.9224005619795	25.1858429266223	44.5
21.8812826069345	25.0997026514499	44.5
21.8396348082818	25.0124525638253	44.5
21.7974636256195	24.9241062037074	44.5
21.7547757622427	24.8346776215755	44.5
21.7115781602088	24.7441813680824	44.5
21.6678779954028	24.6526324837084	44.5
21.6236826726027	24.5600464884145	44.5
21.5789998205445	24.4664393712961	44.5
21.533837286988	24.3718275802361	44.5
21.4882031337815	24.276228011559	44.5
21.4421056319277	24.1796579996838	44.5
21.3955532566482	24.0821353067779	44.5
21.3485546824499	23.9836781124106	44.5
21.3011187781892	23.8843050032064	44.5
21.2532546021381	23.7840349624985	44.5
21.2049713970489	23.6828873599825	44.5
21.15627858522	23.5808819413699	44.5
21.1071857635608	23.4780388180413	44.5
21.0577026986575	23.3743784567002	44.5
21.0078393218375	23.2699216690264	44.5
20.9576057242357	23.1646896013295	44.5
20.9070121518594	23.0587037242025	44.5
20.8560690006532	22.9519858221751	44.5
20.8047868115649	22.8445579833673	44.5
20.7531762656105	22.7364425891432	44.5
20.7012481789396	22.6276623037637	44.5
20.6490134979005	22.5182400640412	44.5
20.5964832941058	22.4081990689918	44.5
20.5436687594975	22.2975627694898	44.5
20.4905812014121	22.1863548579207	44.5
20.4372320376466	22.074599257835	44.5
20.3836327915229	21.9623201136013	44.5
20.3297950869537	21.8495417800602	44.5
20.2757306435075	21.7362888121775	44.5
20.2214512714744	21.6225859546982	44.5
20.1669688669304	21.5084581317993	44.5
20.112295406804	21.3939304367437	44.5
20.0574429439401	21.2790281215338	44.5
20.0024236021666	21.1637765865648	44.5
19.9472495713588	21.0482013702781	44.5
19.891933102505	20.9323281388154	44.5
19.8364865027719	20.8161826756712	44.5
19.7809221305699	20.6997908713474	44.5
19.7252523906179	20.5831787130059	44.5
19.6694897290093	20.4663722741225	44.5
19.613646628277	20.3493977041407	44.5
19.5577356024585	20.2322812181246	44.5
19.5017691921616	20.1150490864128	44.5
19.4457599596291	19.9977276242716	44.5
19.3897204838049	19.880343181549	44.5
19.3336633553987	19.7629221323276	44.5
19.2776011719514	19.6454908645786	44.5
19.2215465329008	19.5280757698176	44.5
19.1655120346499	19.4107032327749	44.5
19.1095102656359	19.2933996210773	44.5
19.0535538014009	19.1761912749311	44.5
18.9976551996613	19.0591044968058	44.5
18.941826995378	18.9421655411166	44.5
18.8860816958262	18.825400603908	44.5
18.8304317756657	18.7088358125368	44.5
18.7748896720102	18.5924972153551	44.5
18.7194677794978	18.476410771394	44.5
18.6641784453608	18.3606023400461	44.5
18.6090339644956	18.2450976707491	44.5
18.5540465745324	18.1299223926686	44.5
18.4992284509057	18.0151020043817	44.5
18.4445917019236	17.9006618635599	44.5
18.3901483638384	17.7866271766522	44.5
18.335910395916	17.6730229885684	44.5
18.2818896755061	17.5598741723621	44.5
18.228097993112	17.4472054189143	44.5
18.1745470474608	17.3350412266156	44.5
18.1212484405731	17.2234058910508	44.5
18.068213672833	17.1123234946804	44.5
18.015454138058	17.0018178965254	44.5
17.9629811185691	16.891912721849	44.5
17.9108057802607	16.7826313518407	44.5
17.8589391676703	16.6739969132993	44.5
17.8073921990488	16.5660322683157	44.5
17.7561756614303	16.4587600039565	44.5
17.7053002057017	16.3522024219467	44.5
17.6547763416734	16.2463815283535	44.5
17.6046144331484	16.1413190232686	44.5
17.554824692993	16.0370362904922	44.5
17.505417178206	15.9335543872157	44.5
17.4564017849894	15.8308940337049	44.5
17.4077882438177	15.7290756029831	44.5
17.3595861145083	15.6281191105146	44.5
17.3118047812911	15.5280442038875	44.5
17.2644534478787	15.428870152497	44.5
17.2175411325361	15.3306158372285	44.5
17.171076663151	15.2332997401409	44.5
17.1250686723033	15.1369399341497	44.5
17.0795255923354	15.0415540727099	44.5
17.034455650422	14.9471593794995	44.5
16.9898668636399	14.8537726381027	44.5
16.9457670340384	14.7614101816925	44.5
16.9021637437086	14.6700878827148	44.5
16.8590643498539	14.5798211425706	44.5
16.8164759798596	14.4906248812997	44.5
16.774405526363	14.4025135272636	44.5
16.7328596423233	14.3155010068292	44.5
16.6918447360915	14.229600734051	44.5
16.6513669664806	14.1448256003553	44.5
16.611432237835	14.0611879642226	44.5
16.5720461951009	13.9786996408709	44.5
16.5332142188964	13.8973718919395	44.5
16.4949414205807	13.8172154151711	44.5
16.4572326373247	13.7382403340957	44.5
16.4200924271809	13.6604561877138	44.5
16.3835250641529	13.5838719201789	44.5
16.3475345332658	13.5084958704814	44.5
16.312124525636	13.4343357621313	44.5
16.277298433541	13.3613986928415	44.5
16.2430593454894	13.2896911242111	44.5
16.2094100412911	13.2192188714082	44.5
16.1763529871269	13.1499870928535	44.5
16.1438903306186	13.0820002799031	44.5
16.1120238958989	13.0152622465317	44.5
16.0807551786815	12.9497761190161	44.5
16.0500853413307	12.885544325618	44.5
16.0200152079316	12.8225685862671	44.5
15.9905452593602	12.7608499022448	44.5
15.9616756283529	12.7003885458667	44.5
15.9334060945767	12.641184050166	44.5
15.9057360796993	12.583235198577	44.5
15.8786646424708	12.5265400146433	44.5
15.8521904750699	12.4710957543721	44.5
15.8263119060298	12.4168989123641	44.5
15.8010269082372	12.3639452385633	44.5
15.7763331074446	12.312229756082	44.5
15.7522277907834	12.2617467790265	44.5
15.7287079152773	12.2124899303239	44.5
15.7057701163551	12.1644521595479	44.5
15.6834107163637	12.1176257607453	44.5
15.6616257330817	12.0720023902618	44.5
15.6404108882318	12.0275730845689	44.5
15.6197616159945	11.9843282780894	44.5
15.5996730715211	11.9422578210242	44.5
15.5801401394464	11.9013509971778	44.5
15.5611574424022	11.8615965417856	44.5
15.5427193495303	11.8229826593389	44.5
15.5248199849956	11.7854970414121	44.5
15.5074532364991	11.7491268844883	44.5
15.4906127637911	11.7138589077859	44.5
15.4742920071843	11.6796793710844	44.5
15.4584841960668	11.6465740925512	44.5
15.4431823574155	11.6145284665672	44.5
15.4283793243087	11.5835274815535	44.5
15.4140677444397	11.5535557377973	44.5
15.4002400886294	11.5245974652782	44.5
15.38688865934	11.4966365414947	44.5
15.3740055991876	11.4696565092899	44.5
15.3615828994556	11.4436405946781	44.5
15.3496124086074	11.4185717246708	44.5
15.3380858408001	11.3944325451033	44.5
15.3269947843971	11.3712054384604	44.5
15.3163307104814	11.3488725417028	44.5
15.3060849813688	11.3274157640935	44.5
15.2962488591207	11.3068168050239	44.5
15.2868135140574	11.2870571718401	44.5
15.2777700332713	11.2681181976687	44.5
15.2691094291399	11.2499810592436	44.5
15.2608226478386	11.2326267947319	44.5
15.2529005778545	11.2160363215601	44.5
15.2453340584986	11.2001904542406	44.5
15.2381138884198	11.1850699221974	44.5
15.2312308341173	11.1706553875929	44.5
15.2246756384542	11.1569274631537	44.5
15.2184390291701	11.1438667299969	44.5
15.2125117273948	11.1314537554566	44.5
15.2068844561607	11.1196691109096	44.5
15.2015479489168	11.1084933896021	44.5
15.1964929580407	11.0979072244757	44.5
15.1917102633527	11.0878913059936	44.5
15.1871906806282	11.0784263999669	44.5
15.1789043450277	11.0610731722205	44.5
15.1715615200487	11.0456958520787	44.5
15.1650908946254	11.032145096827	44.5
15.1594225502353	11.0202744806336	44.5
15.1544882333191	11.0099410649882	44.5
15.148318589614	10.9970206408328	44.5
15.1434376070658	10.9867989252776	44.5
15.1385890584862	10.9766451349327	44.5
15.1340134536505	10.9670629420132	44.5
15.1296946913696	10.9580186266601	44.5
15.1253382465656	10.9488958733155	44.5
15.1208105684049	10.9394234986201	44.5
15.1155541085525	10.9284486510249	44.5
15.1109187278505	10.9187925543536	44.5
15.1052117095256	10.9069323860057	44.5
15.1001371382213	10.8964119796804	44.5
15.0943078825458	10.8843553336802	44.5
15.087655289118	10.8706311787304	44.5
15.0827280873765	10.8604897663253	44.5
15.0773823858066	10.8495085285993	44.5
15.0715966034875	10.8376476700419	44.5
15.0653488909102	10.8248673393902	44.5
15.0586171555744	10.81112770597	44.5
15.0513790875856	10.796389036036	44.5
15.0436121852521	10.7806117691135	44.5
15.0352937806818	10.7637565943387	44.5
15.0264010653791	10.7457845267997	44.5
15.0217321814013	10.7363675833732	44.5
15.0169111158422	10.7266569838774	44.5
15.0119349894939	10.7166479808681	44.5
15.00680091916	10.7063358615866	44.5
15.001506018456	10.6957159503459	44.5
14.9960473986088	10.6847836109163	44.5
14.9904221692567	10.6735342489109	44.5
14.9846274392494	10.6619633141712	44.5
14.978660317448	10.650066303153	44.5
14.9725179135244	10.637838761312	44.5
14.9661973387618	10.6252762854892	44.5
14.9596957068544	10.6123745262968	44.5
14.9530101347072	10.5991291905038	44.5
14.9461377432359	10.5855360434216	44.5
14.939075658167	10.5715909112897	44.5
14.9318210108376	10.5572896836612	44.5
14.9243709389952	10.5426283157889	44.5
14.9167225875977	10.5276028310104	44.5
14.9088731096133	10.5122093231339	44.5
14.9008196668206	10.4964439588243	44.5
14.892559430608	10.4803029799881	44.5
14.8840895827742	10.4637827061596	44.5
14.8754073163276	10.4468795368866	44.5
14.8665098362865	10.4295899541156	44.5
14.8573943604792	10.4119105245777	44.5
14.8480581203431	10.3938379021744	44.5
14.8384983617257	10.375368830363	44.5
14.8287123456836	10.3565001445424	44.5
14.8186973492829	10.3372287744388	44.5
14.8084506663988	10.3175517464911	44.5
14.797969608516	10.2974661862367	44.5
14.7872515055279	10.2769693206975	44.5
14.776293706537	10.2560584807647	44.5
14.7650935806549	10.2347311035855	44.5
14.7536485178017	10.2129847349478	44.5
14.7419559295062	10.1908170316665	44.5
14.7300132497062	10.168225763969	44.5
14.7178179355474	10.1452088178805	44.5
14.7053674681844	10.1217641976101	44.5
14.6926593535798	10.0978900279364	44.5
14.6796911233047	10.0735845565929	44.5
14.6664603353381	10.0488461566537	44.5
14.6529645748671	10.0236733289194	44.5
14.6392014550867	9.99806470430261	44.5
14.6251686179999	9.97201904621344	44.5
14.6108637352173	9.9455352529454	44.5
14.5962845087571	9.91861236006092	44.5
14.5814286718452	9.89124954277706	44.5
14.5662939897149	9.86344611835108	44.5
14.5508782604069	9.8352015484662	44.5
14.5351793155691	9.80651544161718	44.5
14.5191950212567	9.77738755549598	44.5
14.5029232787318	9.74781779937743	44.5
14.4863620252637	9.71780623650488	44.5
14.4695092349285	9.68735308647583	44.5
14.452362919409	9.65645872762764	44.5
14.4349211287948	9.62512369942309	44.5
14.4171819523822	9.5933487048361	44.5
14.3991435194739	9.56113461273739	44.5
14.380804000179	9.52848246028008	44.5
14.3621616062131	9.49539345528539	44.5
14.3432145916977	9.46186897862825	44.5
14.3239612539609	9.42791058662298	44.5
14.3043999343363	9.39352001340895	44.5
14.284529018964	9.35869917333621	44.5
14.2643469395895	9.32345016335114	44.5
14.2438521743629	9.28777526537245	44.5
14.2230432485405	9.25167694802556	44.5
14.2019187347754	9.21515786564378	44.5
14.1804772531435	9.17822085550652	44.5
14.1587174711479	9.14086893493692	44.5
14.136638103723	9.10310529839941	44.5
14.1142379132392	9.06493331459739	44.5
14.0915157095074	9.0263565235707	44.5
14.0684703497831	8.98737863379334	44.5
14.0451007387714	8.94800351927096	44.5
14.0214058286307	8.90823521663853	44.5
13.997384618978	8.86807792225787	44.5
13.9730361568925	8.82753598931531	44.5
13.9483595369207	8.78661392491922	44.5
13.9233539010805	8.74531638719765	44.5
13.8980184388656	8.7036481823959	44.5
13.8723523872502	8.66161426197412	44.5
13.8463550306932	8.61921971970489	44.5
13.8200257011427	8.57646978877085	44.5
13.7933637780407	8.53336983886226	44.5
13.766368688327	8.48992537327459	44.5
13.7390399064442	8.44614202600616	44.5
13.7113769543417	8.40202555885566	44.5
13.6833794014805	8.35758185851981	44.5
13.6550468648374	8.31281693369092	44.5
13.6263790089095	8.2677369121545	44.5
13.5973755457186	8.22234803788686	44.5
13.5680362348159	8.17665666815262	44.5
13.5383608832861	8.13066927060246	44.5
13.5083493457519	8.08439242037057	44.5
13.4780015243785	8.03783279717232	44.5
13.4473173688784	7.99099718240182	44.5
13.416296876515	7.94389245622956	44.5
13.3849400921079	7.89652559469992	44.5
13.3532471080368	7.84890366682885	44.5
13.3212180642462	7.80103383170142	44.5
13.2888531482497	7.75292333556941	44.5
13.2561525951346	7.70457950894892	44.5
13.223116687566	7.65600976371798	44.5
13.1897457557918	7.60722159021408	44.5
13.1560401776466	7.55822255433184	44.5
13.1220003785563	7.50902029462055	44.5
13.0876268315428	7.45962251938179	44.5
13.0529200572282	7.41003700376701	44.5
13.0178806238391	7.36027158687513	44.5
12.9825091472113	7.31033416885017	44.5
12.9468062907944	7.26023270797872	44.5
12.9107727656556	7.20997521778773	44.5
12.8744093304848	7.1595697641419	44.5
12.8377167915987	7.10902446234141	44.5
12.8006960029454	7.05834747421948	44.5
12.7633478661086	7.00754700523993	44.5
12.7256733303123	6.95663130159481	44.5
12.6876733924251	6.905608647302	44.5
12.6493490969648	6.85448736130274	44.5
12.6107015361026	6.8032757945593	44.5
12.5717318496675	6.75198232715254	44.5
12.5324412251514	6.70061536537951	44.5
12.4928308977124	6.64918333885103	44.5
12.4529021501805	6.5976946975893	44.5
12.4126563130609	6.54615790912547	44.5
12.3720947645393	6.49458145559727	44.5
12.3312189304858	6.44297383084658	44.5
12.2900302844597	6.39134353751703	44.5
12.2485303477137	6.33969908415157	44.5
12.2067206891984	6.28804898229012	44.5
12.1646029255669	6.23640174356709	44.5
12.1221787211788	6.18476587680905	44.5
12.0794497881053	6.13314988513224	44.5
12.036417886133	6.08156226304027	44.5
11.9930848227688	6.03001149352158	44.5
11.9494524532441	5.97850604514717	44.5
11.9055226805193	5.9270543691681	44.5
11.8612974552883	5.8756648966131	44.5
11.8167787759828	5.82434603538622	44.5
11.7719686887767	5.77310616736432	44.5
11.7268692875911	5.72195364549479	44.5
11.6814827140978	5.67089679089304	44.5
11.6358111577245	5.61994388994011	44.5
11.589856855659	5.56910319138034	44.5
11.5436220928536	5.51838290341887	44.5
11.4971092020295	5.46779119081929	44.5
11.4503205636813	5.41733617200119	44.5
11.4032586060815	5.36702591613781	44.5
11.355925805285	5.31686844025357	44.5
11.3083246851331	5.26687170632175	44.5
11.2604578172586	5.21704361836195	44.5
11.2123278210897	5.16739201953784	44.5
11.1639373638547	5.11792468925464	44.5
11.1152891605865	5.06864934025675	44.5
11.0663859741267	5.01957361572535	44.5
11.0172306151305	4.97070508637599	44.5
10.9678259420707	4.92205124755617	44.5
10.9181748612425	4.87361951634297	44.5
10.8682803267678	4.82541722864057	44.5
10.8181453405994	4.77745163627797	44.5
10.7677729525259	4.72972990410642	44.5
10.7171662601759	4.68225910709716	44.5
10.6663284090223	4.63504622743892	44.5
10.6152625923869	4.58809815163557	44.5
10.5639720514451	4.54142166760366	44.5
10.5124600752297	4.49502346177006	44.5
10.4607300006359	4.44891011616955	44.5
10.4087852124256	4.40308810554238	44.5
10.3566291432316	4.3575637944319	44.5
10.3042652735623	4.31234343428213	44.5
10.2516971318063	4.26743316053535	44.5
10.1989282942363	4.22283898972972	44.5
10.1459623850139	4.17856681659686	44.5
10.0928030761942	4.13462241115944	44.5
10.0394540877298	4.09101141582876	44.5
9.98591918747554	4.04773934250239	44.5
9.93220219119292	4.00481156966169	44.5
9.87830696255445	3.96223333946948	44.5
9.82423741314812	3.9200097548676	44.5
9.76999750248189	3.87814577667449	44.5
9.71559123798805	3.8366462206828	44.5
9.66102267502771	3.79551575475697	44.5
9.60629591689526	3.75475889593086	44.5
9.55141511482274	3.71438000750529	44.5
9.49638446798436	3.6743832961457	44.5
9.44120822350088	3.63477280897967	44.5
9.38589067644407	3.59555243069453	44.5
9.33043616984116	3.55672588063503	44.5
9.27484909467927	3.51829670990085	44.5
9.21913388990356	3.48026829846832	44.5
9.16329504219087	3.4426438531724	44.5
9.10733708503424	3.40542640832892	44.5
9.05126459750034	3.36861882761054	44.5
8.99508220296999	3.33222380598683	44.5
8.93879456787881	3.29624387166463	44.5
8.88240640045776	3.26068138802816	44.5
8.82592244947374	3.22553855557928	44.5
8.76934750297017	3.1908174138777	44.5
8.71268638700759	3.15651984348118	44.5
8.65594396440422	3.12264756788574	44.5
8.59912513347659	3.08920215546594	44.5
8.54223482678006	3.056185021415	44.5
8.48527800984947	3.02359742968508	44.5
8.42825967993967	2.99144049492746	44.5
8.37118486476617	2.95971518443278	44.5
8.31405862124565	2.92842232007128	44.5
8.25688603423658	2.89756258023293	44.5
8.19967221527985	2.86713650176771	44.5
8.14242230133925	2.83714448192583	44.5
8.08514145354218	2.8075867802979	44.5
8.02783485592013	2.77846352075519	44.5
7.97050771414932	2.74977469338982	44.5
7.91316525429129	2.72152015645499	44.5
7.85581272153343	2.69369963830516	44.5
7.79845537892965	2.66631273933633	44.5
7.74109850614088	2.63935893392618	44.5
7.68374739817571	2.61283757237433	44.5
7.62640736413097	2.58674788284257	44.5
7.56908372593228	2.56108897329502	44.5
7.51178181707468	2.53585983343842	44.5
7.45450698136318	2.51105933666225	44.5
7.39726457165338	2.486686241979	44.5
7.34005994859201	2.46273919596445	44.5
7.28289847935757	2.43921673469774	44.5
7.22578553640084	2.41611728570169	44.5
7.16872649618557	2.39343916988299	44.5
7.11172673792896	2.37118060347242	44.5
7.0547916423423	2.34933969996504	44.5
6.99792659037157	2.3279144720604	44.5
6.94113696193798	2.30690283360286	44.5
6.88442813467858	2.28630260152163	44.5
6.82780548268685	2.26611149777112	44.5
6.77127437525326	2.24632715127113	44.5
6.71484017560589	2.22694709984699	44.5
6.65850823965099	2.20796879216989	44.5
6.60228391471359	2.189389589697	44.5
6.54617253827803	2.17120676861175	44.5
6.49017943672862	2.153417521764	44.5
6.43430992409017	2.13601896061028	44.5
6.37856930076861	2.11900811715399	44.5
6.32296285229154	2.10238194588563	44.5
6.26749584804884	2.08613732572301	44.5
6.21217354003326	2.07027106195145	44.5
6.15700116158098	2.05477988816401	44.5
6.10198392611222	2.03966046820174	44.5
6.04712702587181	2.02490939809378	44.5
5.99243563066977	2.01052320799774	44.5
5.93791488662195	1.99649836413976	44.5
5.88356991489051	1.98283127075485	44.5
5.8294058104246	1.96951827202699	44.5
5.77542764070091	1.95655565402945	44.5
5.72164044446425	1.94393964666495	44.5
5.66804923046815	1.93166642560585	44.5
5.61465897621542	1.91973211423443	44.5
5.56147462669876	1.90813278558308	44.5
5.50850109314136	1.89686446427448	44.5
5.45574325173742	1.88592312846186	44.5
5.40320594239281	1.87530471176921	44.5
5.35089396746561	1.86500510523144	44.5
5.29881209050672	1.85502015923471	44.5
5.24696503500041	1.8453456854565	44.5
5.19535748310494	1.83597745880594	44.5
5.14399407439316	1.82691121936399	44.5
5.09287940459303	1.81814267432362	44.5
5.04201802432825	1.80966749993008	44.5
4.99141443785886	1.80148134342105	44.5
4.9410731018218	1.79357982496696	44.5
4.89099842397148	1.78595853961106	44.5
4.8411947619204	1.7786130592098	44.5
4.79166642187973	1.77153893437288	44.5
4.74241765739986	1.76473169640358	44.5
4.69345266811104	1.75818685923896	44.5
4.6447755984639	1.75189992139002	44.5
4.59639053647011	1.74586636788195	44.5
4.5483015124429	1.74008167219437	44.5
4.50051249773768	1.7345412982015	44.5
4.45302740349261	1.72924070211241	44.5
4.4058500793692	1.7241753344112	44.5
4.3589843122929	1.71934064179724	44.5
4.31243382519364	1.71473206912539	44.5
4.26620227574647	1.7103450613462	44.5
4.22029325511212	1.70617506544614	44.5
4.17471028667758	1.70221753238778	44.5
4.12945682479671	1.69846791905003	44.5
4.08453625353079	1.69492169016839	44.5
4.03995188538913	1.69157432027512	44.5
3.99570696006965	1.68842129563943	44.5
3.95180464319946	1.68545811620776	44.5
3.90824802507546	1.68268029754396	44.5
3.86504011940491	1.68008337276951	44.5
3.82218386204601	1.67766289450375	44.5
3.7796821097485	1.67541443680404	44.5
3.73753763889426	1.67333359710607	44.5
3.69575314423784	1.67141599816395	44.5
3.65433123764709	1.66965728999058	44.5
3.61327444684377	1.6680531517977	44.5
3.57258521414406	1.66659929393626	44.5
3.5322658951992	1.66529145983649	44.5
3.49231875773606	1.66412542794825	44.5
3.45274598029774	1.66309701368113	44.5
3.41354965098412	1.66220207134475	44.5
3.37473176619248	1.66143649608891	44.5
3.33629422935807	1.66079622584386	44.5
3.29823884969471	1.6602772432605	44.5
3.26056734093533	1.65987557765055	44.5
3.22328132007262	1.65958730692683	44.5
3.18638230609957	1.65940855954343	44.5
3.14987171875007	1.65933551643596	44.5
3.11375087723949	1.65936441296173	44.5
3.07802099900526	1.65949154083998	44.5
3.0426831984475	1.65971325009212	44.5
3.00773848566953	1.66002595098188	44.5
2.97318776521851	1.66042611595562	44.5
2.93903183482601	1.66091028158244	44.5
2.9052713841786	1.6614750504652	44.5
2.87190699432916	1.66211709252681	44.5
2.8389391385419	1.66283314489851	44.5
2.80636818363473	1.66362001132339	44.5
2.77419439133693	1.66447456154487	44.5
2.74241791964704	1.66539373069516	44.5
2.71103882419055	1.66637451868357	44.5
2.68005705957775	1.66741398958503	44.5
2.64947248076149	1.6685092710285	44.5
2.61928484439493	1.66965755358533	44.5
2.58949381018939	1.67085609015784	44.5
2.56009894227208	1.67210219536755	44.5
2.53109971054389	1.67339324494376	44.5
2.5024954920372	1.6747266751119	44.5
2.47428557227364	1.67609998198197	44.5
2.44646914662188	1.67751072093698	44.5
2.41904532165539	1.67895650602139	44.5
2.39201311651027	1.68043500932949	44.5
2.36537146424299	1.68194396039384	44.5
2.3391192131882	1.68348114557373	44.5
2.31325512831649	1.68504440744358	44.5
2.2877778925922	1.68663164418137	44.5
2.26268610833118	1.68824080895704	44.5
2.23797829855857	1.68986990932101	44.5
2.21365290836662	1.69151700659243	44.5
2.18970830627241	1.69318021524783	44.5
2.16614278557571	1.69485770230936	44.5
2.14295456571669	1.69654768673329	44.5
2.12014179363375	1.69824843879847	44.5
2.09770254512128	1.69995827949468	44.5
2.07563482618746	1.70167557991114	44.5
2.05393657441203	1.70339876062484	44.5
2.03260566030408	1.70512629108905	44.5
2.01163988865981	1.70685668902172	44.5
1.99103699992035	1.70858851979388	44.5
1.97079467152953	1.7103203958181	44.5
1.95091051929165	1.71205097593689	44.5
1.93138209872926	1.71377896481117	44.5
1.91220690644098	1.71550311230863	44.5
1.89338238145922	1.71722221289221	44.5
1.87490590660803	1.71893510500851	44.5
1.85677480986084	1.7206406704762	44.5
1.83898636569826	1.72233783387448	44.5
1.82153779646585	1.72402556193148	44.5
1.80442627373192	1.72570286291268	44.5
1.7876489196453	1.72736878600935	44.5
1.77120280829312	1.72902242072701	44.5
1.7550849670586	1.73066289627379	44.5
1.73929237797885	1.7322893809489	44.5
1.72382197910261	1.73390108153102	44.5
1.70867066584808	1.73549724266679	44.5
1.69383529236067	1.73707714625917	44.5
1.67931267287078	1.73864011085589	44.5
1.66509958305163	1.74018549103792	44.5
1.65119276137698	1.74171267680781	44.5
1.63758891047895	1.74322109297815	44.5
1.6242846985058	1.74471019856007	44.5
1.61127676047971	1.74617948615156	44.5
1.59856169965455	1.74762848132595	44.5
1.58613608887368	1.74905674202032	44.5
1.57399647192773	1.75046385792394	44.5
1.56213936491237	1.7518494498667	44.5
1.55056125758611	1.7532131692075	44.5
1.53925861472808	1.75455469722273	44.5
1.52822787749579	1.75587374449464	44.5
1.51746546478294	1.75717005029981	44.5
1.50696777457721	1.75844338199757	44.5
1.496731185318	1.7596935344184	44.5
1.48675205725425	1.76092032925237	44.5
1.46755154290327	1.76330326354858	44.5
1.44933680130211	1.76559127235888	44.5
1.43207819807922	1.76778383376872	44.5
1.41574593816266	1.76988079690593	44.5
1.40031010922918	1.77188236237042	44.5
1.38574072515324	1.77378906266375	44.5
1.37200776945608	1.77560174261883	44.5
1.35908123875479	1.77732153982951	44.5
1.34693118621132	1.77894986508027	44.5
1.33552776498157	1.7804883827758	44.5
1.32484127166441	1.78193899137071	44.5
1.31484218975077	1.78330380379909	44.5
1.30106847344584	1.78519525151593	44.5
1.28867796315072	1.78690739964148	44.5
1.27757473492958	1.788449495257	44.5
1.26766491079162	1.78983137587157	44.5
1.25615044989901	1.79144247184142	44.5
1.24419470091073	1.79311983835693	44.5
1.23291591042141	1.79470447153068	44.5
1.2220913554985	1.79622575493448	44.5
1.21187500938659	1.79766156874465	44.5
