1.20515765865591	23.3064322592458	44.5
1.1921002262679	23.3083301507994	44.5
1.17906126073989	23.3103510196413	44.5
1.16604192026819	23.3124946862662	44.5
1.1530433613059	23.3147609602613	44.5
1.14006673846019	23.3171496403229	44.5
1.12711320438973	23.3196605142748	44.5
1.11418390970232	23.3222933590865	44.5
1.10128000285266	23.3250479408936	44.5
1.08840263004038	23.3279240150182	44.5
1.07555293510818	23.3309213259908	44.5
1.06273205944027	23.3340396075728	44.5
1.04994114186096	23.3372785827805	44.5
1.03718131853351	23.3406379639094	44.5
1.0244537228592	23.3441174525598	44.5
1.01175948537667	23.3477167396633	44.5
0.999099733661496	23.3514355055106	44.5
0.986475592226023	23.3552734197793	44.5
0.973888182419488	23.3592301415637	44.5
0.961338622328412	23.3633053194049	44.5
0.948828026677284	23.367498591322	44.5
0.93635750672955	23.3718095848444	44.5
0.923928170188894	23.3762379170446	44.5
0.911541121100857	23.3807831945727	44.5
0.899197459754763	23.3854450136908	44.5
0.886898282585984	23.3902229603091	44.5
0.874644682078551	23.3951166100229	44.5
0.862437746668113	23.4001255281498	44.5
0.850278560645255	23.4052492697688	44.5
0.838168204059185	23.4104873797595	44.5
0.826107752621798	23.4158393928428	44.5
0.814098277612126	23.4213048336218	44.5
0.802140845781179	23.4268832166245	44.5
0.790236519257192	23.4325740463467	44.5
0.778386355451278	23.438376817296	44.5
0.766591406963504	23.4442910140367	44.5
0.754852721489397	23.4503161112356	44.5
0.743171341726873	23.4564515737089	44.5
0.731548305283626	23.4626968564691	44.5
0.719984644584959	23.4690514047743	44.5
0.708481386782077	23.4755146541767	44.5
0.69703955366085	23.482086030573	44.5
0.685660161551056	23.4887649502558	44.5
0.674344221236097	23.4955508199646	44.5
0.663092737863223	23.5024430369393	44.5
0.651906710854243	23.5094409889734	44.5
0.640787133816756	23.5165440544682	44.5
0.629734994455888	23.5237516024885	44.5
0.618751274486562	23.5310629928181	44.5
0.607836949546295	23.5384775760171	44.5
0.596992989108535	23.5459946934794	44.5
0.58622035639655	23.553613677491	44.5
0.575520008297866	23.5613338512898	44.5
0.56489289527927	23.5691545291253	44.5
0.554339961302389	23.5770750163197	44.5
0.543862143739837	23.5850946093295	44.5
0.533460373291951	23.5932125958081	44.5
0.52313557390413	23.6014282546689	44.5
0.512888662684753	23.6097408561497	44.5
0.502720549823722	23.6181496618772	44.5
0.492632138511617	23.6266539249325	44.5
0.48262432485946	23.635252889918	44.5
0.472697997819128	23.6439457930237	44.5
0.462854039104383	23.6527318620957	44.5
0.453093323112557	23.6616103167047	44.5
0.443416716846881	23.6705803682149	44.5
0.433825079839476	23.6796412198545	44.5
0.424319264074999	23.6887920667863	44.5
0.414900113914972	23.6980320961791	44.5
0.405568466022772	23.70736048728	44.5
0.396325149289324	23.7167764114876	44.5
0.387170984759465	23.7262790324248	44.5
0.378106785559018	23.7358675060141	44.5
0.369133356822567	23.7455409805516	44.5
0.360251495621938	23.7552985967835	44.5
0.351461990895397	23.7651394879819	44.5
0.342765623377577	23.775062780022	44.5
0.334163165530124	23.7850675914594	44.5
0.325655381473085	23.7951530336092	44.5
0.317243026917031	23.8053182106239	44.5
0.308926849095936	23.8155622195737	44.5
0.300707586700799	23.8258841505266	44.5
0.29258596981403	23.836283086629	44.5
0.284562719844602	23.8467581041872	44.5
0.276638549463967	23.8573082727496	44.5
0.268814162542757	23.8679326551893	44.5
0.261090254088261	23.8786303077871	44.5
0.253467510182687	23.8894002803157	44.5
0.245946607922224	23.9002416161239	44.5
0.238528215356898	23.9111533522214	44.5
0.231212991431231	23.922134519365	44.5
0.224001585925709	23.9331841421437	44.5
0.216894639399065	23.9443012390662	44.5
0.209892783131384	23.9554848226476	44.5
0.202996639068025	23.9667338994975	44.5
0.196206819764377	23.9780474704077	44.5
0.189523928331451	23.9894245304415	44.5
0.182948558382305	24.0008640690226	44.5
0.176481293979317	24.0123650700251	44.5
0.170122709582305	24.0239265118635	44.5
0.163873369997502	24.0355473675837	44.5
0.157733830327385	24.0472266049542	44.5
0.151704635921365	24.0589631865575	44.5
0.145786322327352	24.0707560698826	44.5
0.13997941524418	24.0826042074174	44.5
0.13428443047491	24.0945065467419	44.5
0.128701873881021	24.1064620306214	44.5
0.123232241337467	24.1184695971007	44.5
0.117876018688636	24.1305281795984	44.5
0.112633681705195	24.1426367070013	44.5
0.107505696041827	24.1547941037602	44.5
0.102492517195868	24.1669992899848	44.5
0.0975945904668494	24.1792511815397	44.5
0.092812350916945	24.1915486901412	44.5
0.0881462233323225	24.2038907234535	44.5
0.0835966221854134	24.2162761851857	44.5
0.0791639515980986	24.2287039751896	44.5
0.0748486053058095	24.241172989557	44.5
0.0706509666225552	24.2536821207179	44.5
0.0665714084068756	24.2662302575391	44.5
0.0626102930287189	24.2788162854223	44.5
0.0587679723372567	24.2914390864039	44.5
0.0550447876296305	24.3040975392537	44.5
0.0514410696206324	24.3167905195746	44.5
0.0479571384133337	24.3295168999029	44.5
0.0445933034706494	24.3422755498077	44.5
0.0413498635878478	24.3550653359922	44.5
0.0382271068660136	24.3678851223934	44.5
0.0352253106864557	24.3807337702839	44.5
0.0323447416860667	24.3936101383724	44.5
0.0295856557336409	24.4065130829055	44.5
0.0269482979071465	24.419441457769	44.5
0.0244329024719545	24.4323941145899	44.5
0.0220396928600322	24.4453699028384	44.5
0.0197688816500947	24.45836766993	44.5
0.0176206705487241	24.4713862613277	44.5
0.0155952503724512	24.484424520645	44.5
0.0136928010308077	24.4974812897484	44.5
0.0119134915103438	24.5105554088601	44.5
0.0102574798596196	24.5236457166613	44.5
0.00872491317516499	24.5367510503951	44.5
0.00731592758841448	24.54987024597	44.5
0.00603064825361477	24.5630021380633	44.5
0.00486918933670766	24.5761455602242	44.5
0.00383165400519014	24.5892993449781	44.5
0.00291813441894928	24.6024623239298	44.5
0.00212871172207718	24.6156333278674	44.5
0.00146345603566189	24.628811186866	44.5
0.000922426451560376	24.6419947303922	44.5
0.000505671027148269	24.6551827874072	44.5
0.000213226781052178	24.6683741864718	44.5
4.51196898612061e-05	24.6815677558494	44.5
1.36468581879434e-06	24.694762323611	44.5
8.19656554977843e-05	24.7079567177389	44.5
0.000286915439454027	24.7211497662305	44.5
0.000616195832862321	24.7343402972031	44.5
0.00106977758713445	24.7475271389975	44.5
0.00164762041251598	24.760709120282	44.5
0.00234967298166655	24.7738850701569	44.5
0.00317587293421751	24.7870538182582	44.5
0.00412614688231172	24.8002141948615	44.5
0.00520041041712238	24.8133650309861	44.5
0.0063985681163512	24.8265051584985	44.5
0.0077205135527032	24.8396334102169	44.5
0.00916612930334137	24.8527486200138	44.5
0.0107352869603157	24.8658496229207	44.5
0.0124278471419703	24.8789352552305	44.5
0.0142436595053232	24.8920043546018	44.5
0.0161825627594212	24.9050557601617	44.5
0.0182443846796663	24.9180883126088	44.5
0.0204289421231139	24.9311008543164	44.5
0.0227360410447399	24.9440922294354	44.5
0.0251654765146794	24.9570612839967	44.5
0.027717032736426	24.9700068660139	44.5
0.0303904830660027	24.9829278255856	44.5
0.0331855900320932	24.9958230149973	44.5
0.0361021053571353	25.0086912888239	44.5
0.0391397699793739	25.0215315040308	44.5
0.0422983140758735	25.0343425200759	44.5
0.0455774570864844	25.0471231990106	44.5
0.0489769077387636	25.0598724055812	44.5
0.0524963640738492	25.0725890073294	44.5
0.0561355134732786	25.0852718746931	44.5
0.0598940326867607	25.0979198811067	44.5
0.0637715878608871	25.1105319031011	44.5
0.0677678345687862	25.1231068204037	44.5
0.0718824178407191	25.1356435160375	44.5
0.0761149721956089	25.1481408764208	44.5
0.0804651216735039	25.1605977914657	44.5
0.0849324798689752	25.1730131546771	44.5
0.0895166499654372	25.1853858632505	44.5
0.0942172247703952	25.1977148181706	44.5
0.0990337867516162	25.2099989243081	44.5
0.103965908074216	25.2222370905178	44.5
0.109013150638659	25.2344282297349	44.5
0.114175066119678	25.2465712590721	44.5
0.119451196006093	25.2586650999152	44.5
0.12484107164154	25.2707086780194	44.5
0.130344214266102	25.2827009236044	44.5
0.135960135058829	25.2946407714496	44.5
0.141688335181166	25.3065271609887	44.5
0.147528305821256	25.3183590364038	44.5
0.153479528239141	25.3301353467194	44.5
0.159541473812834	25.3418550458955	44.5
0.165713604085278	25.3535170929207	44.5
0.171995370812176	25.3651204519044	44.5
0.178386216010683	25.3766640921693	44.5
0.184885572008979	25.3881469883425	44.5
0.191492861496682	25.3995681204468	44.5
0.198207497576137	25.4109264739911	44.5
0.205028883814541	25.4222210400608	44.5
0.211956414296929	25.4334508154073	44.5
0.218989473679986	25.4446148025369	44.5
0.226127437246711	25.4557120097999	44.5
0.23336967096191	25.466741451478	44.5
0.240715531528507	25.4777021478725	44.5
0.248164366444694	25.488593125391	44.5
0.255715514061882	25.4994134166338	44.5
0.263368303643479	25.5101620604802	44.5
0.271122055424464	25.5208381021735	44.5
0.278976080671773	25.5314405934058	44.5
0.286929681745469	25.5419685924026	44.5
0.294982152160717	25.5524211640062	44.5
0.303132776650534	25.5627973797587	44.5
0.311380831229325	25.5730963179847	44.5
0.319725583257192	25.5833170638728	44.5
0.328166291505009	25.5934587095574	44.5
0.336702206220264	25.6035203541989	44.5
0.345332569193658	25.6135011040637	44.5
0.354056613826449	25.623400072604	44.5
0.36287356519855	25.6332163805362	44.5
0.371782640137358	25.6429491559189	44.5
0.380783047287326	25.6525975342309	44.5
0.389873987180249	25.6621606584474	44.5
0.399054652306279	25.6716376791164	44.5
0.408324227185659	25.6810277544341	44.5
0.417681888441149	25.6903300503198	44.5
0.42712680487117	25.6995437404897	44.5
0.436658137523632	25.7086680065305	44.5
0.446275039770459	25.7177020379724	44.5
0.455976657382787	25.7266450323602	44.5
0.465762128606844	25.7354961953256	44.5
0.475630584240495	25.7442547406571	44.5
0.485581147710451	25.75291989037	44.5
0.495612935150129	25.7614908747756	44.5
0.505725055478162	25.7699669325496	44.5
0.515916610477557	25.7783473107995	44.5
0.526186694875468	25.7866312651316	44.5
0.536534396423616	25.7948180597172	44.5
0.546958795979319	25.8029069673579	44.5
0.557458967587131	25.8108972695502	44.5
0.568033978561101	25.8187882565491	44.5
0.578682889567606	25.8265792274316	44.5
0.589404754708796	25.8342694901587	44.5
0.600198621606618	25.8418583616366	44.5
0.6110635314874	25.849345167778	44.5
0.621998519267024	25.8567292435615	44.5
0.63300261363665	25.8640099330908	44.5
0.64407483714899	25.8711865896528	44.5
0.655214206305128	25.8782585757755	44.5
0.666419731641889	25.8852252632842	44.5
0.67769041781972	25.8920860333575	44.5
0.689025263711106	25.8988402765819	44.5
0.700423262489498	25.9054873930067	44.5
0.711883401718738	25.9120267921965	44.5
0.723404663442996	25.918457893284	44.5
0.73498602427719	25.9247801250217	44.5
0.746626455497885	25.9309929258323	44.5
0.758324923134673	25.9370957438591	44.5
0.770080388062019	25.9430880370144	44.5
0.781891806091557	25.948969273028	44.5
0.793758128064839	25.9547389294947	44.5
0.805678299946539	25.9603964939201	44.5
0.817651262918066	25.9659414637666	44.5
0.829675953471618	25.9713733464981	44.5
0.841751303504655	25.9766916596231	44.5
0.853876240414764	25.9818959307385	44.5
0.866049687194941	25.9869856975708	44.5
0.878270562529257	25.9919605080174	44.5
0.890537780888901	25.996819920187	44.5
0.902850252628607	26.0015635024384	44.5
0.915206884083446	26.0061908334192	44.5
0.927606577665962	26.0107015021032	44.5
0.940048231963676	26.0150951078266	44.5
0.952530741836914	26.019371260324	44.5
0.965052998516975	26.0235295797629	44.5
0.977613889704614	26.0275696967771	44.5
0.990212299668849	26.0314912525003	44.5
1.00284710934606	26.0352938985971	44.5
1.0155171964394	26.0389772972945	44.5
1.02822143551847	26.0425411214117	44.5
1.04095869811929	26.0459850543893	44.5
1.05372785284457	26.0493087903173	44.5
1.06652776546413	26.0525120339622	44.5
1.07935729901573	26.0555945007933	44.5
1.09221531390603	26.0585559170082	44.5
1.10510066801178	26.0613960195567	44.5
1.11801221678134	26.0641145561645	44.5
1.13094881333629	26.0667112853555	44.5
1.14390930857332	26.0691859764731	44.5
1.1568925512663	26.0715384097011	44.5
1.16989738816855	26.0737683760826	44.5
1.18292266411526	26.0758756775391	44.5
1.1959672221261	26.077860126888	44.5
1.22516290840443	26.0820160002284	44.5
1.24517024023443	26.0848926293685	44.5
1.2651796541459	26.0878127391424	44.5
1.28519115013884	26.09077632955	44.5
1.30520472821325	26.0937834005915	44.5
1.32522038836914	26.0968339522668	44.5
1.34523813060649	26.0999279845759	44.5
1.36525795492532	26.1030654975189	44.5
1.38527986132562	26.1062464910956	44.5
1.40530384980739	26.1094709653061	44.5
1.42532992037064	26.1127389201505	44.5
1.44535807301535	26.1160503556286	44.5
1.46538830774154	26.1194052717406	44.5
1.4854206245492	26.1228036684863	44.5
1.50545502343833	26.1262455458659	44.5
1.52549150440893	26.1297309038793	44.5
1.54553006746101	26.1332597425265	44.5
1.56557071259455	26.1368320618075	44.5
1.58561343980957	26.1404478617223	44.5
1.60565824910606	26.1441071422709	44.5
1.62570514048402	26.1478099034533	44.5
1.64575411394346	26.1515561452695	44.5
1.66580516948436	26.1553458677196	44.5
1.68585830710674	26.1591790708034	44.5
1.70591352681059	26.1630557545211	44.5
1.72597082859591	26.1669759188726	44.5
1.74603021246271	26.1709395638578	44.5
1.76609167841097	26.1749466894769	44.5
1.78615522644071	26.1789972957298	44.5
1.80622085655192	26.1830913826165	44.5
1.8262885687446	26.187228950137	44.5
1.84635836301875	26.1914099982913	44.5
1.86643023937437	26.1956345270794	44.5
1.88650419781147	26.1999025365014	44.5
1.90658023833004	26.2042140265571	44.5
1.92665836093008	26.2085689972467	44.5
1.94673856561159	26.21296744857	44.5
1.96682085237457	26.2174093805272	44.5
1.98690522121903	26.2218947931181	44.5
2.00699167214495	26.2264236863429	44.5
2.02708020515235	26.2309960602015	44.5
2.04717082024122	26.2356119146939	44.5
2.06726351741157	26.2402712498201	44.5
2.08735829666338	26.2449740655801	44.5
2.10745515799667	26.249720361974	44.5
2.12755410141142	26.2545101390016	44.5
2.14765512690765	26.259343396663	44.5
2.16775823448536	26.2642201349583	44.5
2.18786342414453	26.2691403538873	44.5
2.20797069588517	26.2741040534502	44.5
2.22808004970729	26.2791112336469	44.5
2.24819148561088	26.2841618944774	44.5
2.26830500359594	26.2892560359416	44.5
2.28842060366247	26.2943936580397	44.5
2.30853828581048	26.2995747607716	44.5
2.32865805003996	26.3047993441373	44.5
2.3487798963509	26.3100674081369	44.5
2.36890382474332	26.3153789527702	44.5
2.38902983521722	26.3207339780373	44.5
2.40915792777258	26.3261324839383	44.5
2.42928810240942	26.331574470473	44.5
2.44942035912772	26.3370599376416	44.5
2.4695546979275	26.342588885444	44.5
2.48969111880875	26.3481613138801	44.5
2.50982962177148	26.3537772229501	44.5
2.52997020681567	26.3594366126539	44.5
2.55011287394134	26.3651394829915	44.5
2.57025762314848	26.3708858339629	44.5
2.59040445443709	26.3766756655682	44.5
2.61055336780717	26.3825089778072	44.5
2.63070436325872	26.38838577068	44.5
2.65085744079175	26.3943060441867	44.5
2.67101260040625	26.4002697983271	44.5
2.69116984210222	26.4062770331014	44.5
2.71132916587966	26.4123277485095	44.5
2.73149057173857	26.4184219445514	44.5
2.75165405967896	26.424559621227	44.5
2.77181962970081	26.4307407785365	44.5
2.79198728180414	26.4369654164798	44.5
2.81215701598894	26.4432335350569	44.5
2.83232883225521	26.4495451342679	44.5
2.85250273060296	26.4559002141126	44.5
2.87267871103218	26.4622987745911	44.5
2.89285677354286	26.4687408157035	44.5
2.91303691813502	26.4752263374496	44.5
2.93321914480865	26.4817553398296	44.5
2.95340345356376	26.4883278228434	44.5
2.97358984440033	26.4949437864909	44.5
2.99377831731838	26.5016032307723	44.5
3.0139688723179	26.5083061556875	44.5
3.03416150939889	26.5150525612365	44.5
3.05435622856135	26.5218424474193	44.5
3.07455302980529	26.528675814236	44.5
3.09475191313069	26.5355526616864	44.5
3.11495287853757	26.5424729897706	44.5
3.13515592602592	26.5494367984887	44.5
3.15536105559574	26.5564440878405	44.5
3.17556826724704	26.5634948578262	44.5
3.1957775609798	26.5705891084456	44.5
3.21598893679404	26.5777268396989	44.5
3.23620239468975	26.584908051586	44.5
3.25641793466693	26.5921327441069	44.5
3.27663555672558	26.5994009172616	44.5
3.29685526086571	26.6067125710501	44.5
3.31707704708731	26.6140677054724	44.5
3.33730091539037	26.6214663205286	44.5
3.35752686577491	26.6289084162185	44.5
3.37775489824093	26.6363939925422	44.5
3.39798501278841	26.6439230494998	44.5
3.41821720941737	26.6514955870911	44.5
3.43845148812779	26.6591116053163	44.5
3.45868784891969	26.6667711041753	44.5
3.47892629179307	26.6744740836681	44.5
3.49916681674791	26.6822205437947	44.5
3.51940942378422	26.6900104845551	44.5
3.53965411290201	26.6978439059493	44.5
3.55990088410127	26.7057208079773	44.5
3.580149737382	26.7136411906391	44.5
3.6004006727442	26.7216050539348	44.5
3.62065369018788	26.7296123978642	44.5
3.64090878971302	26.7376632224275	44.5
3.66116597131964	26.7457575276245	44.5
3.68142523500773	26.7538953134554	44.5
3.70168658077729	26.7620765799201	44.5
3.72195000862833	26.7703013270185	44.5
3.74221551856083	26.7785695547508	44.5
3.76248311057481	26.7868812631169	44.5
3.78275278467026	26.7952364521168	44.5
3.80302454084718	26.8036351217506	44.5
3.82329837910557	26.8120772720181	44.5
3.84357429944543	26.8205629029194	44.5
3.86385230186677	26.8290920144546	44.5
3.88413238636958	26.8376646066235	44.5
3.90441455295386	26.8462806794263	44.5
3.92469880161961	26.8549402328628	44.5
3.94498513236684	26.8636432669332	44.5
3.96527354519553	26.8723897816374	44.5
3.9855640401057	26.8811797769754	44.5
4.00585661709734	26.8900132529472	44.5
4.02615127617045	26.8988902095528	44.5
4.04644801732503	26.9078106467922	44.5
4.06674684056109	26.9167745646654	44.5
4.08704774587861	26.9257819631725	44.5
4.10735073327761	26.9348328423133	44.5
4.12765580275808	26.943927202088	44.5
4.14796295432002	26.9530650424964	44.5
4.16827218796344	26.9622463635387	44.5
4.18858350368832	26.9714711652148	44.5
4.20889690149468	26.9807394475247	44.5
4.22921238138251	26.9900512104683	44.5
4.24952994335181	26.9994064540458	44.5
4.26984958740259	27.0088051782572	44.5
4.29017131353483	27.0182473831023	44.5
4.31049512174855	27.0277330685812	44.5
4.33082101204374	27.0372622346939	44.5
4.3511489844204	27.0468348814405	44.5
4.37147903887853	27.0564510088208	44.5
4.39181117541813	27.066110616835	44.5
4.41214539403921	27.0758137054829	44.5
4.43248169474176	27.0855602747647	44.5
4.45282007752578	27.0953503246803	44.5
4.47316054239127	27.1051838552297	44.5
4.49350308933823	27.1150608664129	44.5
4.51384771836667	27.1249813582299	44.5
4.53419442947657	27.1349453306807	44.5
4.55454322266795	27.1449527837653	44.5
4.5748940979408	27.1550037174838	44.5
4.59524705529513	27.165098131836	44.5
4.61560209473092	27.1752360268221	44.5
4.63595921624819	27.1854174024419	44.5
4.65631841984692	27.1956422586956	44.5
4.67667970552713	27.2059105955831	44.5
4.69704307328882	27.2162224131043	44.5
4.71740852313197	27.2265777112594	44.5
4.7377760550566	27.2369764900483	44.5
4.75814566906269	27.247418749471	44.5
4.77851736515026	27.2579044895275	44.5
4.7988911433193	27.2684337102179	44.5
4.81926700356982	27.279006411542	44.5
4.8396449459018	27.2896225934999	44.5
4.86002497031526	27.3002822560917	44.5
4.88040707681018	27.3109853993172	44.5
4.90079126538659	27.3217320231766	44.5
4.92117753604446	27.3325221276698	44.5
4.9415658887838	27.3433557127968	44.5
4.96195632360462	27.3542327785575	44.5
4.9823488405069	27.3651533249521	44.5
5.00274343949066	27.3761173519805	44.5
5.0231401205559	27.3871248596428	44.5
5.0435388837026	27.3981758479388	44.5
5.06393972893077	27.4092703168686	44.5
5.08434265624042	27.4204082664323	44.5
5.10474766563154	27.4315896966297	44.5
5.12515475710413	27.442814607461	44.5
5.14556393065819	27.454082998926	44.5
5.16597518629372	27.4653948710249	44.5
5.18638852401073	27.4767502237576	44.5
5.20680394380921	27.4881490571241	44.5
5.22722144568916	27.4995913711244	44.5
5.24764102965058	27.5110771657585	44.5
5.26806269569347	27.5226064410264	44.5
5.28848644381784	27.5341791969281	44.5
5.30891227402368	27.5457954334636	44.5
5.32934018631098	27.557455150633	44.5
5.34977018067977	27.5691583484361	44.5
5.37020225713002	27.5809050268731	44.5
5.39063641566174	27.5926951859438	44.5
5.41107265627494	27.6045288256484	44.5
5.43151097896961	27.6164059459868	44.5
5.45195138374575	27.628326546959	44.5
5.47239387060336	27.640290628565	44.5
5.49283843954244	27.6522981908048	44.5
5.513285090563	27.6643492336784	44.5
5.53373382366502	27.6764437571858	44.5
5.55418463884852	27.688581761327	44.5
5.57463753611349	27.7007632461021	44.5
5.59509251545994	27.7129882115109	44.5
5.61554957688785	27.7252566575536	44.5
5.63600872039724	27.7375685842301	44.5
5.6564699459881	27.7499239915403	44.5
5.67693325366043	27.7623228794844	44.5
5.69739864341423	27.7747652480623	44.5
5.7178661152495	27.787251097274	44.5
5.73833566916625	27.7997804271195	44.5
5.75880730516447	27.8123532375988	44.5
5.77928102324416	27.8249695287119	44.5
5.79975682340532	27.8376293004588	44.5
5.82023470564795	27.8503325528396	44.5
5.84071466997205	27.8630792858541	44.5
5.86119671637763	27.8758694995025	44.5
5.88168084486468	27.8887031937846	44.5
5.9021670554332	27.9015803687006	44.5
5.92265534808319	27.9145010242504	44.5
5.94314572281466	27.927465160434	44.5
5.96363817962759	27.9404727772514	44.5
5.984132718522	27.9535238747026	44.5
6.00462933949788	27.9666184527876	44.5
6.02512804255523	27.9797565115064	44.5
6.04562882769406	27.992938050859	44.5
6.06613169491435	28.0061630708455	44.5
6.08663664421612	28.0194315714657	44.5
6.10714367559936	28.0327435527198	44.5
6.12765278906407	28.0460990146076	44.5
6.14816398461025	28.0594979571293	44.5
6.1686772622379	28.0729403802848	44.5
6.18919262194703	28.0864262840741	44.5
6.20971006373763	28.0999556684972	44.5
6.2302295876097	28.1135285335541	44.5
6.25075119356324	28.1271448792448	44.5
6.27127488159825	28.1408047055693	44.5
6.29180065171474	28.1545080125276	44.5
6.31232850391269	28.1682548001198	44.5
6.33285843819212	28.1820450683457	44.5
6.35339045455302	28.1958788172055	44.5
6.3739245529954	28.209756046699	44.5
6.39446073351924	28.2236767568264	44.5
6.41499899612456	28.2376409475876	44.5
6.43553934081135	28.2516486189825	44.5
6.45608176757961	28.2656997710113	44.5
6.47662627642934	28.2797944036739	44.5
6.49717286736054	28.2939325169703	44.5
6.51772154037322	28.3081141109006	44.5
6.53827229546737	28.3223391854646	44.5
6.55882513264298	28.3366077406624	44.5
6.57938005190008	28.3509197764941	44.5
6.59993705323864	28.3652752929595	44.5
6.62049613665867	28.3796742900588	44.5
6.64105730216018	28.3941167677918	44.5
6.66162054974316	28.4086027261587	44.5
6.68218587940761	28.4231321651594	44.5
6.70275329115353	28.4377050847939	44.5
6.72332278498093	28.4523214850622	44.5
6.74389436088979	28.4669813659643	44.5
6.76446801888013	28.4816847275002	44.5
6.78504375895194	28.49643156967	44.5
6.80562158110522	28.5112218924735	44.5
6.82620148533997	28.5260556959108	44.5
6.8467834716562	28.540932979982	44.5
6.86736754005389	28.555853744687	44.5
6.88795369053306	28.5708179900257	44.5
6.9085419230937	28.5858257159983	44.5
6.92913223773582	28.6008769226047	44.5
6.9497246344594	28.6159716098449	44.5
6.97031911326446	28.6311097777189	44.5
6.99091567415099	28.6462914262267	44.5
7.01151431711898	28.6615165553683	44.5
7.03211504216846	28.6767851651437	44.5
7.0527178492994	28.692097255553	44.5
7.07332273851181	28.707452826596	44.5
7.0939297098057	28.7228518782729	44.5
7.11453876318106	28.7382944105835	44.5
7.13514989863789	28.753780423528	44.5
7.1557631161762	28.7693099171063	44.5
7.17637841579597	28.7848828913183	44.5
7.19699579749722	28.8004993461642	44.5
7.21761526127993	28.8161592816439	44.5
7.23823680714412	28.8318626977574	44.5
7.25886043508979	28.8476095945047	44.5
7.27948614511692	28.8633999718859	44.5
7.30011393722553	28.8792338299008	44.5
7.3207438114156	28.8951111685496	44.5
7.34137576768715	28.9110319878321	44.5
7.36200980604017	28.9269962877485	44.5
7.38264592647467	28.9430040682986	44.5
7.40328412899063	28.9590553294826	44.5
7.42392441358807	28.9751500713004	44.5
7.44456678026698	28.991288293752	44.5
7.46521122902736	29.0074699968374	44.5
7.48585775986921	29.0236951805566	44.5
7.50650637279253	29.0399638449096	44.5
7.52715706779733	29.0562759898964	44.5
7.5478098448836	29.0726316155171	44.5
7.56846470405133	29.0890307217715	44.5
7.58912164530055	29.1054733086598	44.5
7.60978066863123	29.1219593761818	44.5
7.63044177404338	29.1384889243377	44.5
7.65110496153701	29.1550619531273	44.5
7.67177023111211	29.1716784625508	44.5
7.69243758276868	29.1883384526081	44.5
7.71310701650672	29.2050419232992	44.5
7.73377853232624	29.2217888746241	44.5
7.75445213022722	29.2385793065828	44.5
7.77512781020968	29.2554132191754	44.5
7.79580557227361	29.2722906124017	44.5
7.81648541641901	29.2892114862618	44.5
7.83716734264588	29.3061758407558	44.5
7.85785135095423	29.3231836758835	44.5
7.87853744134405	29.3402349916451	44.5
7.89922561381534	29.3573297880405	44.5
7.9199158683681	29.3744680650697	44.5
7.94060820500233	29.3916498227326	44.5
7.96130262371803	29.4088750610295	44.5
7.98199912451521	29.4261437799601	44.5
8.00269770739386	29.4434559795245	44.5
8.02339837235398	29.4608116597227	44.5
8.04410111939557	29.4782108205547	44.5
8.06480594851863	29.4956534620206	44.5
8.08551285972317	29.5131395841202	44.5
8.10622185300918	29.5306691868537	44.5
8.12693292837666	29.5482422702209	44.5
8.14764608582561	29.565858834222	44.5
8.16836132535603	29.5835188788569	44.5
8.18907864696792	29.6012224041256	44.5
8.20979805066129	29.6189694100281	44.5
8.23051953643613	29.6367598965644	44.5
8.25124310429244	29.6545938637345	44.5
8.27196875423022	29.6724713115384	44.5
8.29269648624948	29.6903922399761	44.5
8.3134263003502	29.7083566490477	44.5
8.3341581965324	29.726364538753	44.5
8.35489217479607	29.7444159090922	44.5
8.37562823514121	29.7625107600652	44.5
8.39636637756782	29.7806490916719	44.5
8.41710660207591	29.7988309039125	44.5
8.43784890866547	29.8170561967869	44.5
8.45859329733649	29.8353249702951	44.5
8.47933976808899	29.8536372244371	44.5
8.50008832092297	29.8719929592129	44.5
8.52083895583841	29.8903921746225	44.5
8.54159167283533	29.908834870666	44.5
8.56234647191372	29.9273210473432	44.5
8.58310335307357	29.9458507046543	44.5
8.60386231631491	29.9644238425991	44.5
8.62462336163771	29.9830404611778	44.5
8.64538648904198	30.0017005603902	44.5
8.66615169852773	30.0204041402365	44.5
8.68691899009495	30.0391512007166	44.5
8.70768836374364	30.0579417418305	44.5
8.7284598194738	30.0767757635782	44.5
8.74923335728544	30.0956532659597	44.5
8.77000897717854	30.114574248975	44.5
8.79078667915312	30.1335387126242	44.5
8.81156646320917	30.1525466569071	44.5
8.83234832934669	30.1715980818238	44.5
8.85313227756569	30.1906929873744	44.5
8.87391830786615	30.2098313735588	44.5
8.89470642024809	30.2290132403769	44.5
8.9154966147115	30.2482385878289	44.5
8.93628889125638	30.2675074159147	44.5
8.95708324988273	30.2868197246343	44.5
8.97787969059056	30.3061755139877	44.5
8.99867821337985	30.3255747839749	44.5
9.01947881825062	30.3450175345959	44.5
9.04028150520286	30.3645037658508	44.5
9.06108627423657	30.3840334777394	44.5
9.08189312535176	30.4036066702618	44.5
9.10270205854841	30.4232233434181	44.5
9.12351307382654	30.4428834972082	44.5
9.14432617118614	30.462587131632	44.5
9.16514135062721	30.4823342466897	44.5
9.18595861214975	30.5021248423812	44.5
9.20677795575377	30.5219589187065	44.5
9.22759938143926	30.5418364756656	44.5
9.24842288920621	30.5617575132585	44.5
9.26924847905465	30.5817220314852	44.5
9.29007615098455	30.6017300303458	44.5
9.31090590499592	30.6217815098401	44.5
9.33173774108877	30.6418764699682	44.5
9.35257165926308	30.6620149107302	44.5
9.37340765951888	30.682196832126	44.5
9.39424574185614	30.7024222341555	44.5
9.41508590627487	30.7226911168189	44.5
9.43592815277507	30.7430034801161	44.5
9.45677248135675	30.7633593240471	44.5
9.4776188920199	30.7837586486119	44.5
9.49846738476452	30.8042014538105	44.5
9.51931795959061	30.8246877396429	44.5
9.54017061649818	30.8452175061091	44.5
9.56102535548721	30.8657907532092	44.5
9.58188217655772	30.886407480943	44.5
9.6027410797097	30.9070676893107	44.5
9.62360206494315	30.9277713783121	44.5
9.64446513225808	30.9485185479474	44.5
9.66533028165447	30.9693091982165	44.5
9.68619751313234	30.9901433291194	44.5
9.70706682669168	31.0110209406561	44.5
9.72793822233249	31.0319420328266	44.5
9.74881170005477	31.0529066056309	44.5
9.76968725985853	31.073914659069	44.5
9.79056490174375	31.0949661931409	44.5
9.81144462571045	31.1160612078467	44.5
9.83232643175862	31.1371997031862	44.5
9.85321031988826	31.1583816791596	44.5
9.87409629009938	31.1796071357667	44.5
9.89498434239196	31.2008760730077	44.5
9.91587447676602	31.2221884908824	44.5
9.93676669322155	31.243544389391	44.5
9.95766099175855	31.2649437685334	44.5
9.97855737237702	31.2863866283096	44.5
9.99945583507697	31.3078729687196	44.5
10.0203563798584	31.3294027897635	44.5
10.0412590067213	31.3509760914411	44.5
10.0621637156656	31.3725928737525	44.5
10.0830705066915	31.3942531366978	44.5
10.1039793797988	31.4159568802768	44.5
10.1248903349875	31.4377041044897	44.5
10.1458033722578	31.4594948093363	44.5
10.1667184916095	31.4813289948168	44.5
10.1876356930427	31.5032066609311	44.5
10.2085549765574	31.5251278076792	44.5
10.2294763421535	31.5470924350611	44.5
10.2503997898311	31.5691005430768	44.5
10.2713253195902	31.5911521317263	44.5
10.2922529314307	31.6132472010096	44.5
10.3131826253528	31.6353857509268	44.5
10.3341144013563	31.6575677814777	44.5
10.3550482594412	31.6797932926625	44.5
10.3759841996077	31.702062284481	44.5
10.3969222218556	31.7243747569334	44.5
10.417862326185	31.7467307100196	44.5
10.4388045125958	31.7691301437396	44.5
10.4597487810881	31.7915730580934	44.5
10.4806951316619	31.8140594530809	44.5
10.5016435643172	31.8365893287023	44.5
10.5225940790539	31.8591626849576	44.5
10.5435466758722	31.8817795218466	44.5
10.5645013547718	31.9044398393694	44.5
10.585458115753	31.9271436375261	44.5
10.6064169588156	31.9498909163165	44.5
10.6273778839597	31.9726816757408	44.5
10.6483408911853	31.9955159157988	44.5
10.6693059804923	32.0183936364907	44.5
10.6902731518809	32.0413148378164	44.5
10.7112424053508	32.0642795197759	44.5
10.7322137409023	32.0872876823692	44.5
10.7531871585352	32.1103393255963	44.5
10.7741626582496	32.1334344494572	44.5
10.7951402400455	32.1565730539519	44.5
10.8161199039229	32.1797551390805	44.5
10.8371016498817	32.2029807048428	44.5
10.858085477922	32.226249751239	44.5
10.8790713880437	32.2495622782689	44.5
10.900059380247	32.2729182859327	44.5
10.9210494545317	32.2963177742303	44.5
10.9420416108978	32.3197607431616	44.5
10.9630358493455	32.3432471927268	44.5
10.9840321698746	32.3667771229258	44.5
11.0050305724852	32.3903505337586	44.5
11.0260310571773	32.4139674252253	44.5
11.0470336239508	32.4376277973257	44.5
11.0680382728058	32.4613316500599	44.5
11.0890450037423	32.485078983428	44.5
11.1100538167602	32.5088697974298	44.5
11.1310647118597	32.5327040920655	44.5
11.1520776890406	32.5565818673349	44.5
11.1730927483029	32.5805031232382	44.5
11.1941098896468	32.6044678597753	44.5
11.2151291130721	32.6284760769462	44.5
11.2361504185789	32.6525277747509	44.5
11.2571738061671	32.6766229531894	44.5
11.2781992758369	32.7007616122617	44.5
11.2992268275881	32.7249437519678	44.5
11.3202564614207	32.7491693723077	44.5
11.3412881773349	32.7734384732815	44.5
11.3623219753305	32.797751054889	44.5
11.3833578554076	32.8221071171304	44.5
11.4043958175661	32.8465066600055	44.5
11.4254358618062	32.8709496835145	44.5
11.4464779881277	32.8954361876573	44.5
11.4675221965306	32.9199661724339	44.5
11.4885684870151	32.9445396378443	44.5
11.509616859581	32.9691565838885	44.5
11.5306673142284	32.9938170105665	44.5
11.5517198509572	33.0185209178783	44.5
11.5727744697676	33.043268305824	44.5
11.5938311706594	33.0680591744034	44.5
11.6148899536327	33.0928935236166	44.5
11.6359508186874	33.1177713534637	44.5
11.6570137658236	33.1426926639446	44.5
11.6780787950413	33.1676574550592	44.5
11.6991459063405	33.1926657268077	44.5
11.7202150997211	33.21771747919	44.5
11.7412863751832	33.2428127122061	44.5
11.7623597327268	33.267951425856	44.5
11.7834351723519	33.2931336201397	44.5
11.8045126940584	33.3183592950572	44.5
11.8255922978464	33.3436284506086	44.5
11.8466739837158	33.3689410867937	44.5
11.8677577516668	33.3942972036127	44.5
11.8888436016992	33.4196968010654	44.5
11.9099315338131	33.445139879152	44.5
11.9310215480084	33.4706264378723	44.5
11.9521136442853	33.4961564772265	44.5
11.9732078226436	33.5217299972145	44.5
11.9943040830833	33.5473469978363	44.5
12.0154024256046	33.5730074790919	44.5
12.0365028502073	33.5987114409813	44.5
12.0576053568915	33.6244588835045	44.5
12.0787099456571	33.6502498066616	44.5
12.0998166165042	33.6760842104524	44.5
12.1209253694328	33.7019620948771	44.5
12.1420362044429	33.7278834599355	44.5
12.1631491215345	33.7538483056278	44.5
12.1842641207075	33.7798566319538	44.5
12.205381201962	33.8059084389137	44.5
12.2265003652979	33.8320037265074	44.5
12.2476216107154	33.8581424947349	44.5
12.2687449382143	33.8843247435962	44.5
12.2898703477946	33.9105504730913	44.5
12.3109978394565	33.9368196832202	44.5
12.3321274131998	33.963132373983	44.5
12.3532590690246	33.9894885453795	44.5
12.3743928069309	34.0158881974099	44.5
12.3955286269186	34.042331330074	44.5
12.4166665289878	34.068817943372	44.5
12.4378065131385	34.0953480373037	44.5
12.4589485793706	34.1219216118693	44.5
12.4800927276842	34.1485386670687	44.5
12.5012389580793	34.1751992029019	44.5
12.5223872705559	34.2019032193689	44.5
12.5435376651139	34.2286507164697	44.5
12.5646901417535	34.2554416942043	44.5
12.5858447004744	34.2822761525728	44.5
12.6070013412769	34.309154091575	44.5
12.6281600641608	34.336075511211	44.5
12.6493208691262	34.3630404114809	44.5
12.6704837561731	34.3900487923846	44.5
12.6916487253014	34.417100653922	44.5
12.7128157765112	34.4441959960933	44.5
12.7339849098025	34.4713348188984	44.5
12.7551561251753	34.4985171223373	44.5
12.7763294226295	34.52574290641	44.5
12.7975048021652	34.5530121711165	44.5
12.8186822637824	34.5803249164568	44.5
12.839861807481	34.6076811424309	44.5
12.8610434332611	34.6350808490389	44.5
12.8822271411227	34.6625240362806	44.5
12.9034129310658	34.6900107041562	44.5
12.9246008030903	34.7175408526655	44.5
12.9457907571963	34.7451144818087	44.5
12.9669827933838	34.7727315915857	44.5
12.9881769116527	34.8003921819965	44.5
13.0093731120031	34.8280962530411	44.5
13.030571394435	34.8558438047195	44.5
13.0517717589484	34.8836348370317	44.5
13.0729742055432	34.9114693499777	44.5
13.0941787342195	34.9393473435575	44.5
13.1153853449773	34.9672688177712	44.5
13.1365940378166	34.9952337726186	44.5
13.1578048127373	35.0232422080998	44.5
13.1790176697395	35.0512941242149	44.5
13.2002326088231	35.0793895209638	44.5
13.2214496299883	35.1075283983464	44.5
13.2426687332349	35.1357107563629	44.5
13.263889918563	35.1639365950132	44.5
13.2851131859725	35.1922059142973	44.5
13.3063385354635	35.2205187142152	44.5
13.327565967036	35.248874994767	44.5
13.34879548069	35.2772747559525	44.5
13.3700270764254	35.3057179977718	44.5
13.3912607542424	35.334204720225	44.5
13.4124965141407	35.3627349233119	44.5
13.4337343561206	35.3913086070327	44.5
13.4549742801819	35.4199257713872	44.5
13.4762162863247	35.4485864163756	44.5
13.497460374549	35.4772905419978	44.5
13.5187065448547	35.5060381482538	44.5
13.539954797242	35.5348292351436	44.5
13.5612051317106	35.5636638026672	44.5
13.5824575482608	35.5925418508246	44.5
13.6037120468924	35.6214633796158	44.5
13.6249686276055	35.6504283890409	44.5
13.6462272904001	35.6794368790997	44.5
13.6674880352761	35.7084888497924	44.5
13.6887508622337	35.7375843011188	44.5
13.7100157712726	35.7667232330791	44.5
13.7312827623931	35.7959056456732	44.5
13.752551835595	35.8251315389011	44.5
13.7738229908784	35.8544009127627	44.5
13.7950962282433	35.8837137672582	44.5
13.8163715476897	35.9130701023876	44.5
13.8376489492175	35.9424699181507	44.5
13.8589284328268	35.9719132145476	44.5
13.8802099985175	36.0013999915783	44.5
13.9014936462898	36.0309302492429	44.5
13.9227793761435	36.0605039875412	44.5
13.9440671880787	36.0901212064734	44.5
13.9653570820953	36.1197819060393	44.5
13.9866490581934	36.1494860862391	44.5
14.007943116373	36.1792337470727	44.5
14.0292392566341	36.2090248885401	44.5
14.0505374789766	36.2388595106413	44.5
14.0718377834006	36.2687376133763	44.5
14.0931401699061	36.2986591967451	44.5
14.1144446384931	36.3286242607477	44.5
14.1357511891615	36.3586328053842	44.5
14.1570598219114	36.3886848306544	44.5
14.1783705367428	36.4187803365585	44.5
14.1996833336556	36.4489193230963	44.5
14.2209982126499	36.479101790268	44.5
14.2423151737257	36.5093277380735	44.5
14.263634216883	36.5395971665127	44.5
14.2849553421217	36.5699100755858	44.5
14.3062785494419	36.6002664652927	44.5
14.3276038388436	36.6306663356334	44.5
14.3489312103267	36.661109686608	44.5
14.3702606638913	36.6915965182163	44.5
14.3915921995374	36.7221268304584	44.5
14.412925817265	36.7527006233343	44.5
14.434261517074	36.7833178968441	44.5
14.4555992989645	36.8139786509877	44.5
14.4769391629365	36.844682885765	44.5
14.4982811089899	36.8754306011762	44.5
14.5196251371249	36.9062217972212	44.5
14.5409712473412	36.9370564739	44.5
14.5623194396391	36.9679346312126	44.5
14.5836697140184	36.998856269159	44.5
14.6050220704792	37.0298213877392	44.5
14.6263765090215	37.0608299869532	44.5
14.6477330296453	37.091882066801	44.5
14.6690916323505	37.1229776272827	44.5
14.6904523171372	37.1541166683981	44.5
14.7118150840054	37.1852991901474	44.5
14.733179932955	37.2165251925304	44.5
14.7545468639861	37.2477946755473	44.5
14.7759158770987	37.279107639198	44.5
14.7972869722927	37.3104640834825	44.5
14.8186601495683	37.3418640084008	44.5
14.8400354089253	37.3733074139529	44.5
14.8614127503637	37.4047943001388	44.5
14.8827921738837	37.4363246669585	44.5
14.9041736794851	37.4678985144121	44.5
14.925557267168	37.4995158424994	44.5
14.9469429369323	37.5311766512205	44.5
14.9683306887781	37.5628809405755	44.5
14.9897205227054	37.5946287105643	44.5
15.0111124387142	37.6264199611868	44.5
15.0325064368045	37.6582546924432	44.5
15.0539025169762	37.6901329043334	44.5
15.0753006792294	37.7220545968574	44.5
15.096700923564	37.7540197700152	44.5
15.1181032499801	37.7860284238068	44.5
15.1395076584777	37.8180805582322	44.5
15.1609141490568	37.8501761732915	44.5
15.1823227217174	37.8823152689845	44.5
15.2037333764594	37.9144978453113	44.5
15.2251461132829	37.946723902272	44.5
15.2465609321878	37.9789934398665	44.5
15.2679778331743	38.0113064580947	44.5
15.2893968162422	38.0436629569568	44.5
15.3108178813915	38.0760629364527	44.5
15.3322410286224	38.1085063965824	44.5
15.3536662579347	38.1409933373459	44.5
15.3750935693285	38.1735237587432	44.5
15.3965229628038	38.2060976607743	44.5
15.4179544383605	38.2387150434393	44.5
15.4393879959987	38.271375906738	44.5
15.4608236357184	38.3040802506706	44.5
15.4822613575195	38.3368280752369	44.5
15.5037011614022	38.3696193804371	44.5
15.5251430473663	38.402454166271	44.5
15.5465870154118	38.4353324327388	44.5
15.5680330655389	38.4682541798404	44.5
15.5894811977474	38.5012194075758	44.5
15.6109314120374	38.534228115945	44.5
15.6323837084088	38.567280304948	44.5
15.6538380868618	38.6003759745848	44.5
15.6752945473961	38.6335151248555	44.5
15.696753090012	38.6666977557599	44.5
15.7182137147094	38.6999238672981	44.5
15.7396764214882	38.7331934594702	44.5
15.7611412103485	38.7665065322761	44.5
15.7826080812902	38.7998630857157	44.5
15.8040770343134	38.8332631197892	44.5
15.8255480694181	38.8667066344965	44.5
15.8470211866043	38.9001936298376	44.5
15.868496385872	38.9337241058125	44.5
15.8899736672211	38.9672980624212	44.5
15.9114530306517	39.0009154996637	44.5
15.9329344761637	39.0345764175401	44.5
15.9544180037573	39.0682808160502	44.5
15.9759036134323	39.1020286951941	44.5
15.9973913051887	39.1358200549719	44.5
16.0188810790267	39.1696548953834	44.5
16.0403729349461	39.2035332164288	44.5
16.061866872947	39.237455018108	44.5
16.0833628930294	39.271420300421	44.5
16.1048609951932	39.3054290633678	44.5
16.1263611794385	39.3394813069484	44.5
16.1478634457653	39.3735770311628	44.5
16.1693677941735	39.407716236011	44.5
16.1908742246633	39.441898921493	44.5
16.2123827372344	39.4761250876089	44.5
16.2338933318871	39.5103947343585	44.5
16.2554060086213	39.544707861742	44.5
16.2769207674369	39.5790644697592	44.5
16.2984376083339	39.6134645584103	44.5
16.3199565313125	39.6479081276952	44.5
16.3414775363725	39.6823951776139	44.5
16.363000623514	39.7169257081663	44.5
16.384525792737	39.7514997193527	44.5
16.4060530440414	39.7861172111728	44.5
16.4275823774273	39.8207781836267	44.5
16.4491137928947	39.8554826367144	44.5
16.4706472904436	39.8902305704359	44.5
16.4921828700739	39.9250219847913	44.5
16.5137205317857	39.9598568797804	44.5
16.535260275579	39.9947352554034	44.5
16.5568021014537	40.0296571116602	44.5
16.5783460094099	40.0646224485507	44.5
16.5998919994476	40.0996312660751	44.5
16.6214400715668	40.1346835642333	44.5
16.6429902257674	40.1697793430253	44.5
16.6645424620495	40.2049186024511	44.5
16.6860967804131	40.2401013425107	44.5
16.7076531808581	40.2753275632042	44.5
16.7292116633847	40.3105972645314	44.5
16.7507722279926	40.3459104464925	44.5
16.7723348746821	40.3812671090873	44.5
16.793899603453	40.416667252316	44.5
16.8154664143054	40.4521108761784	44.5
16.8370353072393	40.4875979806747	44.5
16.8586062822547	40.5231285658048	44.5
16.8801793393515	40.5587026315687	44.5
16.9017544785298	40.5943201779664	44.5
16.9233316997896	40.6299812049979	44.5
16.9449110031308	40.6656857126632	44.5
16.9664923885535	40.7014337009623	44.5
16.9880758560577	40.7372251698953	44.5
17.0096614056433	40.773060119462	44.5
17.0312490373105	40.8089385496626	44.5
17.0528387510591	40.8448604604969	44.5
17.0744305468891	40.8808258519651	44.5
17.0960244248007	40.9168347240671	44.5
17.1176203847937	40.9528870768028	44.5
17.1392184268682	40.9889829101724	44.5
17.1608185510241	41.0251222241758	44.5
17.1824207572615	41.061305018813	44.5
17.2040250455804	41.097531294084	44.5
17.2256314159808	41.1338010499889	44.5
17.2472398684626	41.1701142865275	44.5
17.268850403026	41.2064710037	44.5
17.2904630196707	41.2428712015062	44.5
17.312077718397	41.2793148799463	44.5
17.3336944992047	41.3158020390201	44.5
17.3553133620939	41.3523326787278	44.5
17.3769343070646	41.3889067990693	44.5
17.3985573341168	41.4255244000446	44.5
17.4201824432504	41.4621854816537	44.5
17.4418096344655	41.4988900438966	44.5
17.463438907762	41.5356380867733	44.5
17.4850702631401	41.5724296102838	44.5
17.5067037005996	41.6092646144282	44.5
17.5283392201405	41.6461430992063	44.5
17.549976821763	41.6830650646182	44.5
17.5716165054669	41.720030510664	44.5
17.5932582712523	41.7570394373436	44.5
17.6149021191192	41.7940918446569	44.5
17.6365480490675	41.8311877326041	44.5
17.6581960610973	41.8683271011851	44.5
17.6798461552086	41.9055099503999	44.5
17.7014983314013	41.9427362802485	44.5
17.7231525896756	41.9800060907309	44.5
17.7448089300313	42.0173193818472	44.5
17.7664673524684	42.0546761535972	44.5
17.7881278569871	42.092076405981	44.5
17.8097904435872	42.1295201389987	44.5
17.8314551122687	42.1670073526501	44.5
17.8531218630318	42.2045380469354	44.5
17.8747906958763	42.2421122218545	44.5
17.8964616108023	42.2797298774073	44.5
17.9181346078098	42.317391013594	44.5
17.9398096868987	42.3550956304145	44.5
17.9614868480691	42.3928437278689	44.5
17.983166091321	42.430635305957	44.5
18.0048474166544	42.4684703646789	44.5
18.0265308240692	42.5063489040346	44.5
18.0482163135655	42.5442709240241	44.5
18.0699038851433	42.5822364246475	44.5
18.0915935388025	42.6202454059047	44.5
18.1132852745433	42.6582978677956	44.5
18.1349790923654	42.6963938103204	44.5
18.1566749922691	42.734533233479	44.5
18.1783729742542	42.7727161372714	44.5
18.2000730383208	42.8109425216976	44.5
18.2217751844689	42.8492123867576	44.5
18.2434794126985	42.8875257324514	44.5
18.2651857230095	42.925882558779	44.5
18.286894115402	42.9642828657404	44.5
18.3086045898759	43.0027266533357	44.5
18.3303171464314	43.0412139215647	44.5
18.3520317850683	43.0797446704276	44.5
18.3737485057867	43.1183188999242	44.5
18.3954673085865	43.1569366100547	44.5
18.4171881934678	43.195597800819	44.5
18.4389111604306	43.2343024722171	44.5
18.4606362094749	43.273050624249	44.5
18.4823633406006	43.3118422569147	44.5
18.5040925538078	43.3506773702142	44.5
18.5258238490965	43.3895559641475	44.5
18.5475572264667	43.4284780387146	44.5
18.5692926859183	43.4674435939156	44.5
18.5910302274514	43.5064526297503	44.5
18.612769851066	43.5455051462189	44.5
18.634511556762	43.5846011433213	44.5
18.6562553445395	43.6237406210574	44.5
18.6780012143985	43.6629235794274	44.5
18.6997491663389	43.7021500184312	44.5
18.7214992003609	43.7414199380688	44.5
18.7432513164643	43.7807333383402	44.5
18.7650055146491	43.8200902192454	44.5
18.7867617949155	43.8594905807844	44.5
18.8085201572633	43.8989344229572	44.5
18.8302806016926	43.9384217457639	44.5
18.8520431282033	43.9779525492043	44.5
18.8738077367956	44.0175268332786	44.5
18.8955744274693	44.0571445979866	44.5
18.9173432002245	44.0968058433285	44.5
18.9391140550611	44.1365105693042	44.5
18.9608869919792	44.1762587759137	44.5
18.9826620109788	44.216050463157	44.5
19.0044391120599	44.2558856310341	44.5
19.0262182952224	44.295764279545	44.5
19.0479995604664	44.3356864086897	44.5
19.0697829077919	44.3756520184682	44.5
19.0915683371988	44.4156611088806	44.5
19.1133558486873	44.4557136799267	44.5
19.1351454422571	44.4958097316067	44.5
19.1569371179085	44.5359492639204	44.5
19.1787308756413	44.576132276868	44.5
19.2005267154557	44.6163587704494	44.5
19.2223246373514	44.6566287446646	44.5
19.2441246413287	44.6969421995136	44.5
19.2659267273874	44.7372991349964	44.5
19.2877308955276	44.777699551113	44.5
19.3095371457493	44.8181434478634	44.5
19.3313454780524	44.8586308252476	44.5
19.353155892437	44.8991616832657	44.5
19.3749683889031	44.9397360219175	44.5
19.3967829674507	44.9803538412032	44.5
19.4185996280797	45.0210151411226	44.5
19.4404183707902	45.0617199216759	44.5
19.4622391955822	45.102468182863	44.5
19.4840621024556	45.1432599246839	44.5
19.5058870914105	45.1840951471385	44.5
19.5277141624469	45.224973850227	44.5
19.5495433155648	45.2658960339494	44.5
19.5713745507641	45.3068616983055	44.5
19.5932078680449	45.3478708432954	44.5
19.6150432674072	45.3889234689191	44.5
19.6368807488509	45.4300195751767	44.5
19.6587203123761	45.471159162068	44.5
19.6805619579828	45.5123422295932	44.5
19.702405685671	45.5535687777522	44.5
19.7242514954406	45.5948388065449	44.5
19.7460993872917	45.6361523159715	44.5
19.7679493612243	45.6775093060319	44.5
19.7898014172383	45.7189097767261	44.5
19.8116555553339	45.7603537280541	44.5
19.8335117755108	45.801841160016	44.5
19.8553700777693	45.8433720726116	44.5
19.8772304621092	45.884946465841	44.5
19.8990929285306	45.9265643397043	44.5
19.9209574770335	45.9682256942013	44.5
19.9428241076179	46.0099305293322	44.5
19.9646928202837	46.0516788450968	44.5
19.986563615031	46.0934706414953	44.5
20.0084364918598	46.1353059185276	44.5
20.03031145077	46.1771846761937	44.5
20.0521884917617	46.2191069144936	44.5
20.0740676148349	46.2610726334273	44.5
20.0959488199895	46.3030818329948	44.5
20.1178321072257	46.3451345131961	44.5
20.1397174765433	46.3872306740313	44.5
20.1616049279423	46.4293703155002	44.5
20.1834944614229	46.471553437603	44.5
20.2053860769849	46.5137800403395	44.5
20.2272797746284	46.5560501237099	44.5
20.2491755543533	46.5983636877141	44.5
20.2710734161598	46.6407207323521	44.5
20.2929733600477	46.6831212576239	44.5
20.314875386017	46.7255652635294	44.5
20.3367794940679	46.7680527500689	44.5
20.3586856842002	46.8105837172421	44.5
20.380593956414	46.8531581650491	44.5
20.4025043107092	46.8957760934899	44.5
20.424416747086	46.9384375025646	44.5
20.4463312655442	46.981142392273	44.5
20.4682478660838	47.0238907626153	44.5
20.490166548705	47.0666826135914	44.5
20.5120873134076	47.1095179452012	44.5
20.5340101601917	47.1523967574449	44.5
20.5559350890573	47.1953190503224	44.5
20.5778621000043	47.2382848238337	44.5
20.5997911930328	47.2812940779788	44.5
20.6217223681428	47.3243468127577	44.5
20.6436556253342	47.3674430281704	44.5
20.6655909646072	47.410582724217	44.5
20.6875283859615	47.4537659008973	44.5
20.7094678893974	47.4969925582115	44.5
20.7314094749147	47.5402626961594	44.5
20.7533531425136	47.5835763147412	44.5
20.7752988921938	47.6269334139568	44.5
20.7972467239556	47.6703339938062	44.5
20.8191966377988	47.7137780542893	44.5
20.8411486337235	47.7572655954063	44.5
20.8631027117297	47.8007966171571	44.5
20.8850588718173	47.8443711195418	44.5
20.9070171139864	47.8879891025602	44.5
20.928977438237	47.9316505662124	44.5
20.9509398445691	47.9753555104985	44.5
20.9729043329826	48.0191039354183	44.5
20.9948709034776	48.062895840972	44.5
21.0168395560541	48.1067312271594	44.5
21.038810290712	48.1506100939807	44.5
21.0607831074514	48.1945324414358	44.5
21.0827580062723	48.2384982695247	44.5
21.1047349871747	48.2825075782474	44.5
21.1267140501585	48.3265603676039	44.5
21.1486951952238	48.3706566375942	44.5
21.1706784223706	48.4147963882183	44.5
21.1926637315988	48.4589796194763	44.5
21.2146511229085	48.503206331368	44.5
21.2366405962997	48.5474765238935	44.5
21.2586321517724	48.5917901970529	44.5
21.2806257893265	48.6361473508461	44.5
21.3026215089621	48.680547985273	44.5
21.3246193106792	48.7249921003338	44.5
21.3466191944777	48.7694796960284	44.5
21.3686211603578	48.8140107723568	44.5
21.3906252083193	48.858585329319	44.5
21.4126313383622	48.903203366915	44.5
21.4346395504867	48.9478648851449	44.5
21.4566498446926	48.9925698840085	44.5
21.4786622209799	49.0373183635059	44.5
21.5006766793488	49.0821103236372	44.5
21.5226932197991	49.1269457644022	44.5
21.5447118423309	49.1718246858011	44.5
21.5667325469442	49.2167470878338	44.5
21.5887553336389	49.2617129705002	44.5
21.6107802024151	49.3067223338005	44.5
21.6328071532728	49.3517751777346	44.5
21.654836186212	49.3968715023025	44.5
21.6768673012326	49.4420113075042	44.5
21.6989004983347	49.4871945933398	44.5
21.7209357775183	49.5324213598091	44.5
21.7429731387833	49.5776916069122	44.5
21.7650125821298	49.6230053346492	44.5
21.7870541075578	49.6683625430199	44.5
21.8090977150673	49.7137632320245	44.5
21.8311434046582	49.7592074016629	44.5
21.8531911763306	49.8046950519351	44.5
21.8752410300845	49.850226182841	44.5
21.8972929659198	49.8958007943808	44.5
21.9193469838366	49.9414188865544	44.5
21.9414030838349	49.9870804593618	44.5
21.9634612659147	50.0327855128031	44.5
21.9855215300759	50.0785340468781	44.5
22.0075838763186	50.1243260615869	44.5
22.0296483046428	50.1701615569296	44.5
22.0517148150484	50.216040532906	44.5
22.0737834075356	50.2619629895163	44.5
22.0958540821041	50.3079289267604	44.5
22.1179268387542	50.3539383446383	44.5
22.1400016774857	50.3999912431499	44.5
22.1620785982987	50.4460876222954	44.5
22.1841576011932	50.4922274820747	44.5
22.2062386861692	50.5384108224878	44.5
22.2283218532266	50.5846376435348	44.5
22.2331376336012	50.5945224008588	44.5
22.2381080828848	50.6043302957345	44.5
22.2432319746934	50.6140589082104	44.5
22.2485080447833	50.623705837897	44.5
22.2539349913632	50.6332687045588	44.5
22.2595114754153	50.6427451487016	44.5
22.2652361210255	50.6521328321544	44.5
22.2711075157232	50.6614294386469	44.5
22.2771242108296	50.6706326743805	44.5
22.2832847218152	50.6797402685946	44.5
22.2895875286662	50.6887499741266	44.5
22.2960310762591	50.6976595679664	44.5
22.3026137747452	50.706466851805	44.5
22.309333999942	50.715169652577	44.5
22.3161900937345	50.7237658229965	44.5
22.3231803644842	50.732253242087	44.5
22.3303030874463	50.740629815705	44.5
22.3375565051956	50.7488934770562	44.5
22.3449388280597	50.7570421872058	44.5
22.352448234561	50.7650739355815	44.5
22.3600828718658	50.7729867404696	44.5
22.3678408562415	50.7807786495039	44.5
22.3757202735216	50.7884477401475	44.5
22.3837191795777	50.7959921201669	44.5
22.3918356007996	50.8034099280993	44.5
22.4000675345816	50.8106993337116	44.5
22.4084129498174	50.817858538452	44.5
22.4168697874006	50.8248857758938	44.5
22.425435960733	50.8317793121715	44.5
22.4341093562397	50.838537446408	44.5
22.4428878338899	50.8451585111348	44.5
22.4517692277257	50.8516408727034	44.5
22.4607513463961	50.857982931688	44.5
22.4698319736977	50.8641831232803	44.5
22.4790088691215	50.8702399176761	44.5
22.4882797684061	50.8761518204517	44.5
22.4976423840955	50.8819173729338	44.5
22.5070944061047	50.8875351525585	44.5
22.5166335022885	50.8930037732227	44.5
22.5262573190177	50.8983218856261	44.5
22.5359634817595	50.903488177604	44.5
22.5457495956636	50.9085013744513	44.5
22.5556132461527	50.9133602392366	44.5
22.5655519995186	50.9180635731077	44.5
22.5755634035228	50.9226102155874	44.5
22.585644988001	50.9269990448596	44.5
22.5957942654732	50.9312289780465	44.5
22.606008731757	50.9352989714753	44.5
22.6162858665856	50.939208020936	44.5
22.62662313423	50.9429551619291	44.5
22.6370179841238	50.9465394699037	44.5
22.6474678514935	50.9499600604855	44.5
22.6579701579907	50.9532160896948	44.5
22.6685223123283	50.9563067541553	44.5
22.6791217109203	50.9592312912916	44.5
22.6897657385235	50.9619889795181	44.5
22.7004517688835	50.9645791384163	44.5
22.7111771653821	50.9670011289034	44.5
22.7219392816883	50.9692543533895	44.5
22.7327354624109	50.9713382559251	44.5
22.7435630437538	50.9732523223384	44.5
22.7544193541735	50.9749960803622	44.5
22.7653017150376	50.9765690997504	44.5
22.7762074412865	50.9779709923838	44.5
22.7871338420955	50.9792014123665	44.5
22.7980782215387	50.9802600561108	44.5
22.8090378792541	50.9811466624122	44.5
22.8200101111102	50.9818610125137	44.5
22.8309922098731	50.9824029301603	44.5
22.8419814658741	50.9827722816418	44.5
22.8529751676788	50.9829689758263	44.5
22.8639706027557	50.9829929641824	44.5
22.8749650581458	50.9828442407915	44.5
22.8859558211318	50.9825228423487	44.5
22.8969401799073	50.9820288481543	44.5
22.9079154242461	50.981362380094	44.5
22.918878846171	50.9805236026087	44.5
22.9298277406216	50.9795127226544	44.5
22.9407594061221	50.9783299896505	44.5
22.9516711454475	50.9769756954187	44.5
22.9625602662895	50.9754501741107	44.5
22.9734240819204	50.9737538021263	44.5
22.9842599118564	50.9718869980197	44.5
22.9950650825184	50.969850222397	44.5
23.0058369278923	50.967643977802	44.5
23.0165727901865	50.9652688085926	44.5
23.0272700204875	50.9627253008063	44.5
23.0379259794139	50.9600140820155	44.5
23.0485380377673	50.9571358211729	44.5
23.0591035771809	50.9540912284464	44.5
23.0696199907662	50.9508810550435	44.5
23.0800846837553	50.9475060930266	44.5
23.090495074142	50.9439671751171	44.5
23.100848593318	50.9402651744899	44.5
23.1111426867076	50.9364010045584	44.5
23.1213748143971	50.9323756187486	44.5
23.1315424517623	50.9281900102643	44.5
23.1416430900906	50.9238452118417	44.5
23.1516742372007	50.9193422954948	44.5
23.1616334180573	50.9146823722509	44.5
23.1715181753814	50.9098665918763	44.5
23.181326070257	50.9048961425927	44.5
23.1910546827329	50.8997722507841	44.5
23.2007016124196	50.8944961806942	44.5
23.2102644790814	50.8890692341142	44.5
23.2197409232241	50.8834927500622	44.5
23.2291286066769	50.877768104452	44.5
23.2384252131694	50.8718967097543	44.5
23.247628448903	50.8658800146479	44.5
23.2567360431171	50.8597195036623	44.5
23.2657457486491	50.8534166968113	44.5
23.2746553424889	50.8469731492184	44.5
23.2834626263275	50.8403904507323	44.5
23.2921654270995	50.8336702255355	44.5
23.300761597519	50.826814131743	44.5
23.3092490166095	50.8198238609933	44.5
23.3176255902275	50.8127011380312	44.5
23.3258892515787	50.8054477202819	44.5
23.3340379617283	50.7980653974178	44.5
23.342069710104	50.7905559909165	44.5
23.3499825149921	50.7829213536117	44.5
23.3577744240265	50.775163369236	44.5
23.36544351467	50.7672839519559	44.5
23.3729878946894	50.7592850458998	44.5
23.3804057026218	50.7511686246779	44.5
23.3876951082341	50.7429366908958	44.5
23.3948543129745	50.7345912756601	44.5
23.4018815504163	50.7261344380769	44.5
23.408775086694	50.7175682647444	44.5
23.4155332209305	50.7088948692378	44.5
23.4221542856573	50.7001163915876	44.5
23.4286366472259	50.6912349977518	44.5
23.4349787062105	50.6822528790814	44.5
23.4411788978029	50.6731722517798	44.5
23.4472356921986	50.663995356356	44.5
23.4531475949743	50.6547244570714	44.5
23.4589131474563	50.6453618413819	44.5
23.464530927081	50.6359098193728	44.5
23.4699995477452	50.626370723189	44.5
23.4753176601486	50.6167469064598	44.5
23.4804839521266	50.607040743718	44.5
23.4854971489738	50.5972546298139	44.5
23.4903560137591	50.5873909793248	44.5
23.4950593476302	50.5774522259589	44.5
23.4996059901099	50.5674408219547	44.5
23.5039948193821	50.5573592374765	44.5
23.508224752569	50.5472099600043	44.5
23.5122947459978	50.5369954937205	44.5
23.5162037954585	50.5267183588918	44.5
23.5199509364516	50.5163810912475	44.5
23.5235352444262	50.5059862413537	44.5
23.526955835008	50.495536373984	44.5
23.5302118642173	50.4850340674868	44.5
23.5333025286778	50.4744819131491	44.5
23.5362270658141	50.4638825145572	44.5
23.5389847540406	50.453238486954	44.5
23.5415749129388	50.442552456594	44.5
23.543996903426	50.4318270600954	44.5
23.546250127912	50.4210649437892	44.5
23.5483340304476	50.4102687630666	44.5
23.5502480968609	50.3994411817236	44.5
23.5519918548848	50.388584871304	44.5
23.5535648742729	50.3777025104399	44.5
23.5549667669063	50.366796784191	44.5
23.5561971868891	50.355870383382	44.5
23.5572558306333	50.3449260039388	44.5
23.5581424369347	50.3339663462234	44.5
23.5588567870362	50.3229941143673	44.5
23.5593987046828	50.3120120156044	44.5
23.5597680561643	50.3010227596034	44.5
23.5599647503488	50.2900290577987	44.5
23.559988738705	50.2790336227218	44.5
23.559840015314	50.2680391673317	44.5
23.5595186168712	50.2570484043457	44.5
23.5590246226768	50.2460640455702	44.5
23.5583581546165	50.2350888012314	44.5
23.5575193771313	50.2241253793065	44.5
23.5565084971769	50.2131764848559	44.5
23.555325764173	50.2022448193554	44.5
23.5539714699412	50.19133308003	44.5
23.5524459486333	50.180443959188	44.5
23.5507495766488	50.169580143557	44.5
23.5488827725422	50.1587443136211	44.5
23.5468459969195	50.1479391429591	44.5
23.5446397523245	50.1371672975852	44.5
23.5422645831151	50.126431435291	44.5
23.5397210753288	50.11573420499	44.5
23.537009856538	50.1050782460636	44.5
23.5341315956954	50.0944661877102	44.5
23.5310870029689	50.0839006482965	44.5
23.527876829566	50.0733842347113	44.5
23.5245018675491	50.0629195417221	44.5
23.5209629496396	50.0525091513355	44.5
23.5172609490124	50.0421556321594	44.5
23.5133967790809	50.0318615387699	44.5
23.5093713932711	50.0216294110804	44.5
23.5051857847868	50.0114617737152	44.5
23.5008409863642	50.0013611353869	44.5
23.4963380700173	49.9913299882767	44.5
23.4917307821149	49.9814810606485	44.5
23.4869906992762	49.9715499621848	44.5
23.4818665510517	49.9608141962859	44.5
23.4765045468479	49.9495800923742	44.5
23.4711495514857	49.9383606760785	44.5
23.4668310745158	49.9293129044018	44.5
23.4618390800652	49.9188540294504	44.5
23.456107019557	49.9068446252051	44.5
23.4495664299208	49.8931412550476	44.5
23.4421472063558	49.8775970432951	44.5
23.4337778750946	49.8600622467349	44.5
23.4292142763243	49.8505009409588	44.5
23.4243858661669	49.8403848261589	44.5
23.4192834468448	49.8296946324524	44.5
23.4138977861629	49.8184110178985	44.5
23.4082196260328	49.806514586359	44.5
23.4022396909966	49.7939859053589	44.5
23.3959486967507	49.7808055239464	44.5
23.3893373586697	49.7669539905539	44.5
23.3823964003304	49.7524118708582	44.5
23.3751165620351	49.7371597656408	44.5
23.3674886093364	49.7211783286485	44.5
23.3595033415601	49.7044482844542	44.5
23.3511516003297	49.6869504463167	44.5
23.3424242780902	49.6686657340417	44.5
23.3333123266315	49.6495751918419	44.5
23.3238067656127	49.6296600061977	44.5
23.3138986910859	49.6089015237174	44.5
23.3035792840201	49.5872812689982	44.5
23.2928398188246	49.5647809624859	44.5
23.2816716718736	49.5413825383359	44.5
23.2700663300294	49.5170681622734	44.5
23.2580153991667	49.4918202494541	44.5
23.2455106126963	49.4656214823244	44.5
23.2325438400888	49.438454828482	44.5
23.2191070953989	49.4103035585361	44.5
23.2051925457887	49.3811512639686	44.5
23.190792520052	49.3509818749935	44.5
23.175899517138	49.3197796784181	44.5
23.1605062146751	49.2875293355033	44.5
23.1446054774949	49.254215899824	44.5
23.1281903661558	49.2198248351295	44.5
23.1112541454673	49.184342033204	44.5
23.0937902930134	49.1477538317271	44.5
23.0757925076769	49.1100470321342	44.5
23.0572547181627	49.0712089174772	44.5
23.0381710915223	49.0312272702845	44.5
23.0185360416771	48.9900903904217	44.5
22.9983442379428	48.9477871129522	44.5
22.9775906135526	48.9043068259976	44.5
22.9562703741817	48.8596394885978	44.5
22.9343790064707	48.8137756485718	44.5
22.9119122865499	48.7667064603784	44.5
22.8888662885628	48.7184237029759	44.5
22.8652373931898	48.6689197976833	44.5
22.8410222961728	48.6181878260404	44.5
22.8162180168383	48.5662215476682	44.5
22.7908219066215	48.5130154181296	44.5
22.7648316575904	48.4585646067898	44.5
22.7382453109695	48.4028650146764	44.5
22.7110612656566	48.3459132923264	44.5
22.6832782857131	48.2877068554785	44.5
22.6548955015994	48.2282438876597	44.5
22.6259124059041	48.1675233312293	44.5
22.5963288484112	48.1055448770369	44.5
22.5661450311649	48.042308954075	44.5
22.5353615035353	47.9778167191327	44.5
22.5039791572837	47.9120700464494	44.5
22.4719992216277	47.8450715173684	44.5
22.4394232583064	47.7768244099899	44.5
22.4062531566461	47.7073326888251	44.5
22.3724911286253	47.6366009944492	44.5
22.33813970394	47.5646346331553	44.5
22.3032017250691	47.4914395666076	44.5
22.2676803423396	47.417022401495	44.5
22.2315790089922	47.3413903791849	44.5
22.1949014762459	47.264551365376	44.5
22.1576517883643	47.1865138397527	44.5
22.1198342777198	47.1072868856378	44.5
22.0814535598598	47.0268801796465	44.5
22.0425145285715	46.9453039813396	44.5
22.0030223509474	46.8625691228774	44.5
21.9629824624505	46.7786869986727	44.5
21.9224005619795	46.6936695550447	44.5
21.8812826069345	46.6075292798724	44.5
21.8396348082818	46.5202791922477	44.5
21.7974636256195	46.4319328321299	44.5
21.7547757622427	46.3425042499979	44.5
21.7115781602088	46.2520079965048	44.5
21.6678779954028	46.1604591121308	44.5
21.6236826726027	46.067873116837	44.5
21.5789998205445	45.9742659997186	44.5
21.533837286988	45.8796542086586	44.5
21.4882031337815	45.7840546399814	44.5
21.4421056319277	45.6874846281062	44.5
21.3955532566482	45.5899619352004	44.5
21.3485546824499	45.4915047408331	44.5
21.3011187781892	45.3921316316288	44.5
21.2532546021381	45.2918615909209	44.5
21.2049713970489	45.190713988405	44.5
21.15627858522	45.0887085697924	44.5
21.1071857635608	44.9858654464637	44.5
21.0577026986575	44.8822050851226	44.5
21.0078393218375	44.7777482974488	44.5
20.9576057242357	44.6725162297519	44.5
20.9070121518594	44.5665303526249	44.5
20.8560690006532	44.4598124505975	44.5
20.8047868115649	44.3523846117897	44.5
20.7531762656105	44.2442692175656	44.5
20.7012481789396	44.1354889321862	44.5
20.6490134979005	44.0260666924636	44.5
20.5964832941058	43.9160256974142	44.5
20.5436687594975	43.8053893979122	44.5
20.4905812014121	43.6941814863432	44.5
20.4372320376466	43.5824258862574	44.5
20.3836327915229	43.4701467420237	44.5
20.3297950869537	43.3573684084826	44.5
20.2757306435075	43.2441154406	44.5
20.2214512714744	43.1304125831207	44.5
20.1669688669304	43.0162847602217	44.5
20.112295406804	42.9017570651661	44.5
20.0574429439401	42.7868547499562	44.5
20.0024236021666	42.6716032149872	44.5
19.9472495713588	42.5560279987006	44.5
19.891933102505	42.4401547672378	44.5
19.8364865027719	42.3240093040937	44.5
19.7809221305699	42.2076174997698	44.5
19.7252523906179	42.0910053414283	44.5
19.6694897290093	41.974198902545	44.5
19.613646628277	41.8572243325632	44.5
19.5577356024585	41.740107846547	44.5
19.5017691921616	41.6228757148352	44.5
19.4457599596291	41.5055542526941	44.5
19.3897204838049	41.3881698099714	44.5
19.3336633553987	41.27074876075	44.5
19.2776011719514	41.153317493001	44.5
19.2215465329008	41.03590239824	44.5
19.1655120346499	40.9185298611973	44.5
19.1095102656359	40.8012262494997	44.5
19.0535538014009	40.6840179033535	44.5
18.9976551996613	40.5669311252282	44.5
18.941826995378	40.449992169539	44.5
18.8860816958262	40.3332272323304	44.5
18.8304317756657	40.2166624409592	44.5
18.7748896720102	40.1003238437776	44.5
18.7194677794978	39.9842373998165	44.5
18.6641784453608	39.8684289684685	44.5
18.6090339644956	39.7529242991715	44.5
18.5540465745324	39.637749021091	44.5
18.4992284509057	39.5229286328042	44.5
18.4445917019236	39.4084884919824	44.5
18.3901483638384	39.2944538050746	44.5
18.335910395916	39.1808496169908	44.5
18.2818896755061	39.0677008007846	44.5
18.228097993112	38.9550320473367	44.5
18.1745470474608	38.8428678550381	44.5
18.1212484405731	38.7312325194732	44.5
18.068213672833	38.6201501231029	44.5
18.015454138058	38.5096445249478	44.5
17.9629811185691	38.3997393502714	44.5
17.9108057802607	38.2904579802631	44.5
17.8589391676703	38.1818235417217	44.5
17.8073921990488	38.0738588967381	44.5
17.7561756614303	37.9665866323789	44.5
17.7053002057017	37.8600290503692	44.5
17.6547763416734	37.7542081567759	44.5
17.6046144331484	37.649145651691	44.5
17.554824692993	37.5448629189147	44.5
17.505417178206	37.4413810156381	44.5
17.4564017849894	37.3387206621273	44.5
17.4077882438177	37.2369022314055	44.5
17.3595861145083	37.135945738937	44.5
17.3118047812911	37.0358708323099	44.5
17.2644534478787	36.9366967809194	44.5
17.2175411325361	36.8384424656509	44.5
17.171076663151	36.7411263685634	44.5
17.1250686723033	36.6447665625721	44.5
17.0795255923354	36.5493807011323	44.5
17.034455650422	36.4549860079219	44.5
16.9898668636399	36.3615992665251	44.5
16.9457670340384	36.269236810115	44.5
16.9021637437086	36.1779145111373	44.5
16.8590643498539	36.087647770993	44.5
16.8164759798596	35.9984515097221	44.5
16.774405526363	35.910340155686	44.5
16.7328596423233	35.8233276352516	44.5
16.6918447360915	35.7374273624734	44.5
16.6513669664806	35.6526522287777	44.5
16.611432237835	35.569014592645	44.5
16.5720461951009	35.4865262692934	44.5
16.5332142188964	35.4051985203619	44.5
16.4949414205807	35.3250420435935	44.5
16.4572326373247	35.2460669625182	44.5
16.4200924271809	35.1682828161362	44.5
16.3835250641529	35.0916985486013	44.5
16.3475345332658	35.0163224989038	44.5
16.312124525636	34.9421623905537	44.5
16.277298433541	34.8692253212639	44.5
16.2430593454894	34.7975177526335	44.5
16.2094100412911	34.7270454998307	44.5
16.1763529871269	34.6578137212759	44.5
16.1438903306186	34.5898269083255	44.5
16.1120238958989	34.5230888749541	44.5
16.0807551786815	34.4576027474385	44.5
16.0500853413307	34.3933709540404	44.5
16.0200152079316	34.3303952146896	44.5
15.9905452593602	34.2686765306673	44.5
15.9616756283529	34.2082151742891	44.5
15.9334060945767	34.1490106785885	44.5
15.9057360796993	34.0910618269995	44.5
15.8786646424708	34.0343666430658	44.5
15.8521904750699	33.9789223827945	44.5
15.8263119060298	33.9247255407865	44.5
15.8010269082372	33.8717718669857	44.5
15.7763331074446	33.8200563845044	44.5
15.7522277907834	33.7695734074489	44.5
15.7287079152773	33.7203165587463	44.5
15.7057701163551	33.6722787879704	44.5
15.6834107163637	33.6254523891677	44.5
15.6616257330817	33.5798290186843	44.5
15.6404108882318	33.5353997129913	44.5
15.6197616159945	33.4921549065119	44.5
15.5996730715211	33.4500844494466	44.5
15.5801401394464	33.4091776256003	44.5
15.5611574424022	33.369423170208	44.5
15.5427193495303	33.3308092877613	44.5
15.5248199849956	33.2933236698345	44.5
15.5074532364991	33.2569535129107	44.5
15.4906127637911	33.2216855362083	44.5
15.4742920071843	33.1875059995068	44.5
15.4584841960668	33.1544007209736	44.5
15.4431823574155	33.1223550949896	44.5
15.4283793243087	33.0913541099759	44.5
15.4140677444397	33.0613823662197	44.5
15.4002400886294	33.0324240937007	44.5
15.38688865934	33.0044631699171	44.5
15.3740055991876	32.9774831377123	44.5
15.3615828994556	32.9514672231005	44.5
15.3496124086074	32.9263983530933	44.5
15.3380858408001	32.9022591735258	44.5
15.3269947843971	32.8790320668828	44.5
15.3163307104814	32.8566991701252	44.5
15.3060849813688	32.8352423925159	44.5
15.2962488591207	32.8146434334464	44.5
15.2868135140574	32.7948838002625	44.5
15.2777700332713	32.7759448260911	44.5
15.2691094291399	32.757807687666	44.5
15.2608226478386	32.7404534231543	44.5
15.2529005778545	32.7238629499826	44.5
15.2453340584986	32.708017082663	44.5
15.2381138884198	32.6928965506199	44.5
15.2312308341173	32.6784820160154	44.5
15.2246756384542	32.6647540915761	44.5
15.2184390291701	32.6516933584194	44.5
15.2125117273948	32.639280383879	44.5
15.2068844561607	32.627495739332	44.5
15.2015479489168	32.6163200180245	44.5
15.1964929580407	32.6057338528981	44.5
15.1917102633527	32.595717934416	44.5
15.1871906806282	32.5862530283893	44.5
15.1789043450277	32.568899800643	44.5
15.1715615200487	32.5535224805011	44.5
15.1650908946254	32.5399717252494	44.5
15.1594225502353	32.528101109056	44.5
15.1544882333191	32.5177676934107	44.5
15.148318589614	32.5048472692552	44.5
15.1434376070658	32.4946255537	44.5
15.1385890584862	32.4844717633551	44.5
15.1340134536505	32.4748895704356	44.5
15.1296946913696	32.4658452550825	44.5
15.1253382465656	32.4567225017379	44.5
15.1208105684049	32.4472501270426	44.5
15.1155541085525	32.4362752794474	44.5
15.1109187278505	32.4266191827761	44.5
15.1052117095256	32.4147590144281	44.5
15.1001371382213	32.4042386081029	44.5
15.0943078825458	32.3921819621026	44.5
15.087655289118	32.3784578071528	44.5
15.0827280873765	32.3683163947478	44.5
15.0773823858066	32.3573351570217	44.5
15.0715966034875	32.3454742984643	44.5
15.0653488909102	32.3326939678127	44.5
15.0586171555744	32.3189543343924	44.5
15.0513790875856	32.3042156644584	44.5
15.0436121852521	32.288438397536	44.5
15.0352937806818	32.2715832227611	44.5
15.0264010653791	32.2536111552221	44.5
15.0217321814013	32.2441942117956	44.5
15.0169111158422	32.2344836122999	44.5
15.0119349894939	32.2244746092905	44.5
15.00680091916	32.214162490009	44.5
15.001506018456	32.2035425787683	44.5
14.9960473986088	32.1926102393387	44.5
14.9904221692567	32.1813608773333	44.5
14.9846274392494	32.1697899425936	44.5
14.978660317448	32.1578929315754	44.5
14.9725179135244	32.1456653897344	44.5
14.9661973387618	32.1331029139116	44.5
14.9596957068544	32.1202011547192	44.5
14.9530101347072	32.1069558189262	44.5
14.9461377432359	32.093362671844	44.5
14.939075658167	32.0794175397121	44.5
14.9318210108376	32.0651163120837	44.5
14.9243709389952	32.0504549442114	44.5
14.9167225875977	32.0354294594328	44.5
14.9088731096133	32.0200359515564	44.5
14.9008196668206	32.0042705872467	44.5
14.892559430608	31.9881296084105	44.5
14.8840895827742	31.9716093345821	44.5
14.8754073163276	31.9547061653091	44.5
14.8665098362865	31.937416582538	44.5
14.8573943604792	31.9197371530001	44.5
14.8480581203431	31.9016645305968	44.5
14.8384983617257	31.8831954587854	44.5
14.8287123456836	31.8643267729648	44.5
14.8186973492829	31.8450554028612	44.5
14.8084506663988	31.8253783749135	44.5
14.797969608516	31.8052928146592	44.5
14.7872515055279	31.7847959491199	44.5
14.776293706537	31.7638851091872	44.5
14.7650935806549	31.7425577320079	44.5
14.7536485178017	31.7208113633702	44.5
14.7419559295062	31.698643660089	44.5
14.7300132497062	31.6760523923914	44.5
14.7178179355474	31.6530354463029	44.5
14.7053674681844	31.6295908260326	44.5
14.6926593535798	31.6057166563589	44.5
14.6796911233047	31.5814111850153	44.5
14.6664603353381	31.5566727850761	44.5
14.6529645748671	31.5314999573419	44.5
14.6392014550867	31.505891332725	44.5
14.6251686179999	31.4798456746359	44.5
14.6108637352173	31.4533618813678	44.5
14.5962845087571	31.4264389884834	44.5
14.5814286718452	31.3990761711995	44.5
14.5662939897149	31.3712727467735	44.5
14.5508782604069	31.3430281768886	44.5
14.5351793155691	31.3143420700396	44.5
14.5191950212567	31.2852141839184	44.5
14.5029232787318	31.2556444277999	44.5
14.4863620252637	31.2256328649273	44.5
14.4695092349285	31.1951797148983	44.5
14.452362919409	31.1642853560501	44.5
14.4349211287948	31.1329503278455	44.5
14.4171819523822	31.1011753332585	44.5
14.3991435194739	31.0689612411598	44.5
14.380804000179	31.0363090887025	44.5
14.3621616062131	31.0032200837078	44.5
14.3432145916977	30.9696956070507	44.5
14.3239612539609	30.9357372150454	44.5
14.3043999343363	30.9013466418314	44.5
14.284529018964	30.8665258017586	44.5
14.2643469395895	30.8312767917736	44.5
14.2438521743629	30.7956018937949	44.5
14.2230432485405	30.759503576448	44.5
14.2019187347754	30.7229844940662	44.5
14.1804772531435	30.6860474839289	44.5
14.1587174711479	30.6486955633594	44.5
14.136638103723	30.6109319268218	44.5
14.1142379132392	30.5727599430198	44.5
14.0915157095074	30.5341831519931	44.5
14.0684703497831	30.4952052622158	44.5
14.0451007387714	30.4558301476934	44.5
14.0214058286307	30.416061845061	44.5
13.997384618978	30.3759045506803	44.5
13.9730361568925	30.3353626177377	44.5
13.9483595369207	30.2944405533416	44.5
13.9233539010805	30.2531430156201	44.5
13.8980184388656	30.2114748108183	44.5
13.8723523872502	30.1694408903966	44.5
13.8463550306932	30.1270463481273	44.5
13.8200257011427	30.0842964171933	44.5
13.7933637780407	30.0411964672847	44.5
13.766368688327	29.997752001697	44.5
13.7390399064442	29.9539686544286	44.5
13.7113769543417	29.9098521872781	44.5
13.6833794014805	29.8654084869422	44.5
13.6550468648374	29.8206435621134	44.5
13.6263790089095	29.7755635405769	44.5
13.5973755457186	29.7301746663093	44.5
13.5680362348159	29.6844832965751	44.5
13.5383608832861	29.6384958990249	44.5
13.5083493457519	29.592219048793	44.5
13.4780015243785	29.5456594255948	44.5
13.4473173688784	29.4988238108243	44.5
13.416296876515	29.451719084652	44.5
13.3849400921079	29.4043522231223	44.5
13.3532471080368	29.3567302952513	44.5
13.3212180642462	29.3088604601238	44.5
13.2888531482497	29.2607499639918	44.5
13.2561525951346	29.2124061373714	44.5
13.223116687566	29.1638363921404	44.5
13.1897457557918	29.1150482186365	44.5
13.1560401776466	29.0660491827543	44.5
13.1220003785563	29.016846923043	44.5
13.0876268315428	28.9674491478042	44.5
13.0529200572282	28.9178636321894	44.5
13.0178806238391	28.8680982152976	44.5
12.9825091472113	28.8181607972726	44.5
12.9468062907944	28.7680593364012	44.5
12.9107727656556	28.7178018462102	44.5
12.8744093304848	28.6673963925643	44.5
12.8377167915987	28.6168510907638	44.5
12.8006960029454	28.5661741026419	44.5
12.7633478661086	28.5153736336624	44.5
12.7256733303123	28.4644579300173	44.5
12.6876733924251	28.4134352757244	44.5
12.6493490969648	28.3623139897252	44.5
12.6107015361026	28.3111024229817	44.5
12.5717318496675	28.259808955575	44.5
12.5324412251514	28.2084419938019	44.5
12.4928308977124	28.1570099672735	44.5
12.4529021501805	28.1055213260117	44.5
12.4126563130609	28.0539845375479	44.5
12.3720947645393	28.0024080840197	44.5
12.3312189304858	27.950800459269	44.5
12.2900302844597	27.8991701659395	44.5
12.2485303477137	27.847525712574	44.5
12.2067206891984	27.7958756107125	44.5
12.1646029255669	27.7442283719895	44.5
12.1221787211788	27.6925925052315	44.5
12.0794497881053	27.6409765135547	44.5
12.036417886133	27.5893888914627	44.5
11.9930848227688	27.537838121944	44.5
11.9494524532441	27.4863326735696	44.5
11.9055226805193	27.4348809975905	44.5
11.8612974552883	27.3834915250355	44.5
11.8167787759828	27.3321726638087	44.5
11.7719686887767	27.2809327957868	44.5
11.7268692875911	27.2297802739172	44.5
11.6814827140978	27.1787234193155	44.5
11.6358111577245	27.1277705183625	44.5
11.589856855659	27.0769298198028	44.5
11.5436220928536	27.0262095318413	44.5
11.4971092020295	26.9756178192417	44.5
11.4503205636813	26.9251628004236	44.5
11.4032586060815	26.8748525445602	44.5
11.355925805285	26.824695068676	44.5
11.3083246851331	26.7746983347442	44.5
11.2604578172586	26.7248702467844	44.5
11.2123278210897	26.6752186479603	44.5
11.1639373638547	26.6257513176771	44.5
11.1152891605865	26.5764759686792	44.5
11.0663859741267	26.5274002441478	44.5
11.0172306151305	26.4785317147984	44.5
10.9678259420707	26.4298778759786	44.5
10.9181748612425	26.3814461447654	44.5
10.8682803267678	26.333243857063	44.5
10.8181453405994	26.2852782647004	44.5
10.7677729525259	26.2375565325289	44.5
10.7171662601759	26.1900857355196	44.5
10.6663284090223	26.1428728558614	44.5
10.6152625923869	26.095924780058	44.5
10.5639720514451	26.0492482960261	44.5
10.5124600752297	26.0028500901925	44.5
10.4607300006359	25.956736744592	44.5
10.4087852124256	25.9109147339648	44.5
10.3566291432316	25.8653904228543	44.5
10.3042652735623	25.8201700627046	44.5
10.2516971318063	25.7752597889578	44.5
10.1989282942363	25.7306656181522	44.5
10.1459623850139	25.6863934450193	44.5
10.0928030761942	25.6424490395819	44.5
10.0394540877298	25.5988380442512	44.5
9.98591918747554	25.5555659709248	44.5
9.93220219119292	25.5126381980841	44.5
9.87830696255445	25.4700599678919	44.5
9.82423741314812	25.42783638329	44.5
9.76999750248189	25.3859724050969	44.5
9.71559123798805	25.3444728491052	44.5
9.66102267502771	25.3033423831794	44.5
9.60629591689526	25.2625855243533	44.5
9.55141511482274	25.2222066359277	44.5
9.49638446798436	25.1822099245681	44.5
9.44120822350088	25.1425994374021	44.5
9.38589067644407	25.103379059117	44.5
9.33043616984116	25.0645525090575	44.5
9.27484909467927	25.0261233383233	44.5
9.21913388990356	24.9880949268908	44.5
9.16329504219087	24.9504704815948	44.5
9.10733708503424	24.9132530367513	44.5
9.05126459750034	24.876445456033	44.5
8.99508220296999	24.8400504344093	44.5
8.93879456787881	24.8040705000871	44.5
8.88240640045776	24.7685080164506	44.5
8.82592244947374	24.7333651840017	44.5
8.76934750297017	24.6986440423001	44.5
8.71268638700759	24.6643464719036	44.5
8.65594396440422	24.6304741963082	44.5
8.59912513347659	24.5970287838884	44.5
8.54223482678006	24.5640116498374	44.5
8.48527800984947	24.5314240581075	44.5
8.42825967993967	24.4992671233499	44.5
8.37118486476617	24.4675418128552	44.5
8.31405862124565	24.4362489484937	44.5
8.25688603423658	24.4053892086554	44.5
8.19967221527985	24.3749631301901	44.5
8.14242230133925	24.3449711103483	44.5
8.08514145354218	24.3154134087203	44.5
8.02783485592013	24.2862901491776	44.5
7.97050771414932	24.2576013218123	44.5
7.91316525429129	24.2293467848774	44.5
7.85581272153343	24.2015262667276	44.5
7.79845537892965	24.1741393677588	44.5
7.74109850614088	24.1471855623486	44.5
7.68374739817571	24.1206642007968	44.5
7.62640736413097	24.094574511265	44.5
7.56908372593228	24.0689156017175	44.5
7.51178181707468	24.0436864618608	44.5
7.45450698136318	24.0188859650847	44.5
7.39726457165338	23.9945128704014	44.5
7.34005994859201	23.9705658243869	44.5
7.28289847935757	23.9470433631202	44.5
7.22578553640084	23.9239439141241	44.5
7.16872649618557	23.9012657983054	44.5
7.11172673792896	23.8790072318948	44.5
7.0547916423423	23.8571663283875	44.5
6.99792659037157	23.8357411004828	44.5
6.94113696193798	23.8147294620253	44.5
6.88442813467858	23.7941292299441	44.5
6.82780548268685	23.7739381261936	44.5
6.77127437525326	23.7541537796936	44.5
6.71484017560589	23.7347737282694	44.5
6.65850823965099	23.7157954205923	44.5
6.60228391471359	23.6972162181194	44.5
6.54617253827803	23.6790333970342	44.5
6.49017943672862	23.6612441501864	44.5
6.43430992409017	23.6438455890327	44.5
6.37856930076861	23.6268347455764	44.5
6.32296285229154	23.6102085743081	44.5
6.26749584804884	23.5939639541454	44.5
6.21217354003326	23.5780976903739	44.5
6.15700116158098	23.5626065165864	44.5
6.10198392611222	23.5474870966242	44.5
6.04712702587181	23.5327360265162	44.5
5.99243563066977	23.5183498364202	44.5
5.93791488662195	23.5043249925622	44.5
5.88356991489051	23.4906578991773	44.5
5.8294058104246	23.4773449004494	44.5
5.77542764070091	23.4643822824519	44.5
5.72164044446425	23.4517662750874	44.5
5.66804923046815	23.4394930540283	44.5
5.61465897621542	23.4275587426569	44.5
5.56147462669876	23.4159594140055	44.5
5.50850109314136	23.4046910926969	44.5
5.45574325173742	23.3937497568843	44.5
5.40320594239281	23.3831313401916	44.5
5.35089396746561	23.3728317336539	44.5
5.29881209050672	23.3628467876571	44.5
5.24696503500041	23.3531723138789	44.5
5.19535748310494	23.3438040872284	44.5
5.14399407439316	23.3347378477864	44.5
5.09287940459303	23.325969302746	44.5
5.04201802432825	23.3174941283525	44.5
4.99141443785886	23.3093079718435	44.5
4.9410731018218	23.3014064533894	44.5
4.89099842397148	23.2937851680335	44.5
4.8411947619204	23.2864396876322	44.5
4.79166642187973	23.2793655627953	44.5
4.74241765739986	23.272558324826	44.5
4.69345266811104	23.2660134876614	44.5
4.6447755984639	23.2597265498125	44.5
4.59639053647011	23.2536929963044	44.5
4.5483015124429	23.2479083006168	44.5
4.50051249773768	23.2423679266239	44.5
4.45302740349261	23.2370673305348	44.5
4.4058500793692	23.2320019628336	44.5
4.3589843122929	23.2271672702197	44.5
4.31243382519364	23.2225586975478	44.5
4.26620227574647	23.2181716897686	44.5
4.22029325511212	23.2140016938686	44.5
4.17471028667758	23.2100441608102	44.5
4.12945682479671	23.2062945474725	44.5
4.08453625353079	23.2027483185908	44.5
4.03995188538913	23.1994009486976	44.5
3.99570696006965	23.1962479240619	44.5
3.95180464319946	23.1932847446302	44.5
3.90824802507546	23.1905069259664	44.5
3.86504011940491	23.1879100011919	44.5
3.82218386204601	23.1854895229262	44.5
3.7796821097485	23.1832410652265	44.5
3.73753763889426	23.1811602255285	44.5
3.69575314423784	23.1792426265864	44.5
3.65433123764709	23.177483918413	44.5
3.61327444684377	23.1758797802201	44.5
3.57258521414406	23.1744259223587	44.5
3.5322658951992	23.1731180882589	44.5
3.49231875773606	23.1719520563707	44.5
3.45274598029774	23.1709236421036	44.5
3.41354965098412	23.1700286997672	44.5
3.37473176619248	23.1692631245113	44.5
3.33629422935807	23.1686228542663	44.5
3.29823884969471	23.1681038716829	44.5
3.26056734093533	23.167702206073	44.5
3.22328132007262	23.1674139353493	44.5
3.18638230609957	23.1672351879659	44.5
3.14987171875007	23.1671621448584	44.5
3.11375087723949	23.1671910413842	44.5
3.07802099900526	23.1673181692624	44.5
3.0426831984475	23.1675398785145	44.5
3.00773848566953	23.1678525794043	44.5
2.97318776521851	23.168252744378	44.5
2.93903183482601	23.1687369100049	44.5
2.9052713841786	23.1693016788876	44.5
2.87190699432916	23.1699437209492	44.5
2.8389391385419	23.1706597733209	44.5
2.80636818363473	23.1714466397458	44.5
2.77419439133693	23.1723011899673	44.5
2.74241791964704	23.1732203591176	44.5
2.71103882419055	23.174201147106	44.5
2.68005705957775	23.1752406180075	44.5
2.64947248076149	23.1763358994509	44.5
2.61928484439493	23.1774841820078	44.5
2.58949381018939	23.1786827185803	44.5
2.56009894227208	23.17992882379	44.5
2.53109971054389	23.1812198733662	44.5
2.5024954920372	23.1825533035343	44.5
2.47428557227364	23.1839266104044	44.5
2.44646914662188	23.1853373493594	44.5
2.41904532165539	23.1867831344438	44.5
2.39201311651027	23.1882616377519	44.5
2.36537146424299	23.1897705888163	44.5
2.3391192131882	23.1913077739962	44.5
2.31325512831649	23.192871035866	44.5
2.2877778925922	23.1944582726038	44.5
2.26268610833118	23.1960674373795	44.5
2.23797829855857	23.1976965377434	44.5
2.21365290836662	23.1993436350149	44.5
2.18970830627241	23.2010068436703	44.5
2.16614278557571	23.2026843307318	44.5
2.14295456571669	23.2043743151557	44.5
2.12014179363375	23.2060750672209	44.5
2.09770254512128	23.2077849079171	44.5
2.07563482618746	23.2095022083336	44.5
2.05393657441203	23.2112253890473	44.5
2.03260566030408	23.2129529195115	44.5
2.01163988865981	23.2146833174442	44.5
1.99103699992035	23.2164151482163	44.5
1.97079467152953	23.2181470242405	44.5
1.95091051929165	23.2198776043593	44.5
1.93138209872926	23.2216055932336	44.5
1.91220690644098	23.2233297407311	44.5
1.89338238145922	23.2250488413146	44.5
1.87490590660803	23.2267617334309	44.5
1.85677480986084	23.2284672988986	44.5
1.83898636569826	23.2301644622969	44.5
1.82153779646585	23.2318521903539	44.5
1.80442627373192	23.2335294913351	44.5
1.7876489196453	23.2351954144318	44.5
1.77120280829312	23.2368490491494	44.5
1.7550849670586	23.2384895246962	44.5
1.73929237797885	23.2401160093713	44.5
1.72382197910261	23.2417277099535	44.5
1.70867066584808	23.2433238710892	44.5
1.69383529236067	23.2449037746816	44.5
1.67931267287078	23.2464667392783	44.5
1.66509958305163	23.2480121194603	44.5
1.65119276137698	23.2495393052302	44.5
1.63758891047895	23.2510477214006	44.5
1.6242846985058	23.2525368269825	44.5
1.61127676047971	23.254006114574	44.5
1.59856169965455	23.2554551097484	44.5
1.58613608887368	23.2568833704428	44.5
1.57399647192773	23.2582904863464	44.5
1.56213936491237	23.2596760782891	44.5
1.55056125758611	23.2610397976299	44.5
1.53925861472808	23.2623813256452	44.5
1.52822787749579	23.2637003729171	44.5
1.51746546478294	23.2649966787222	44.5
1.50696777457721	23.26627001042	44.5
1.496731185318	23.2675201628408	44.5
1.48675205725425	23.2687469576748	44.5
1.46755154290327	23.271129891971	44.5
1.44933680130211	23.2734179007813	44.5
1.43207819807922	23.2756104621911	44.5
1.41574593816266	23.2777074253284	44.5
1.40031010922918	23.2797089907929	44.5
1.38574072515324	23.2816156910862	44.5
1.37200776945608	23.2834283710413	44.5
1.35908123875479	23.2851481682519	44.5
1.34693118621132	23.2867764935027	44.5
1.33552776498157	23.2883150111982	44.5
1.32484127166441	23.2897656197931	44.5
1.31484218975077	23.2911304322215	44.5
1.30106847344584	23.2930218799384	44.5
1.28867796315072	23.2947340280639	44.5
1.27757473492958	23.2962761236794	44.5
1.26766491079162	23.297658004294	44.5
1.25615044989901	23.2992691002639	44.5
1.24419470091073	23.3009464667794	44.5
1.23291591042141	23.3025310999531	44.5
1.2220913554985	23.3040523833569	44.5
1.21187500938659	23.3054881971671	44.5
