1.20515765865591	-21.5925882055165	19
1.1921002262679	-21.5906903139628	19
1.17906126073989	-21.588669445121	19
1.16604192026819	-21.586525778496	19
1.1530433613059	-21.584259504501	19
1.14006673846019	-21.5818708244393	19
1.12711320438973	-21.5793599504875	19
1.11418390970232	-21.5767271056757	19
1.10128000285266	-21.5739725238686	19
1.08840263004038	-21.571096449744	19
1.07555293510818	-21.5680991387714	19
1.06273205944027	-21.5649808571894	19
1.04994114186096	-21.5617418819817	19
1.03718131853351	-21.5583825008528	19
1.0244537228592	-21.5549030122025	19
1.01175948537667	-21.5513037250989	19
0.999099733661496	-21.5475849592516	19
0.986475592226023	-21.5437470449829	19
0.973888182419488	-21.5397903231985	19
0.961338622328412	-21.5357151453573	19
0.948828026677284	-21.5315218734402	19
0.93635750672955	-21.5272108799179	19
0.923928170188894	-21.5227825477176	19
0.911541121100857	-21.5182372701895	19
0.899197459754763	-21.5135754510714	19
0.886898282585984	-21.5087975044531	19
0.874644682078551	-21.5039038547393	19
0.862437746668113	-21.4988949366124	19
0.850278560645255	-21.4937711949934	19
0.838168204059185	-21.4885330850027	19
0.826107752621798	-21.4831810719195	19
0.814098277612126	-21.4777156311404	19
0.802140845781179	-21.4721372481377	19
0.790236519257192	-21.4664464184155	19
0.778386355451278	-21.4606436474663	19
0.766591406963504	-21.4547294507256	19
0.754852721489397	-21.4487043535266	19
0.743171341726873	-21.4425688910534	19
0.731548305283626	-21.4363236082931	19
0.719984644584959	-21.4299690599879	19
0.708481386782077	-21.4235058105856	19
0.69703955366085	-21.4169344341892	19
0.685660161551056	-21.4102555145065	19
0.674344221236097	-21.4034696447977	19
0.663092737863223	-21.3965774278229	19
0.651906710854243	-21.3895794757889	19
0.640787133816756	-21.382476410294	19
0.629734994455888	-21.3752688622737	19
0.618751274486562	-21.3679574719441	19
0.607836949546295	-21.3605428887451	19
0.596992989108535	-21.3530257712829	19
0.58622035639655	-21.3454067872712	19
0.575520008297866	-21.3376866134724	19
0.56489289527927	-21.3298659356369	19
0.554339961302389	-21.3219454484425	19
0.543862143739837	-21.3139258554328	19
0.533460373291951	-21.3058078689542	19
0.52313557390413	-21.2975922100933	19
0.512888662684753	-21.2892796086125	19
0.502720549823722	-21.280870802885	19
0.492632138511617	-21.2723665398297	19
0.48262432485946	-21.2637675748443	19
0.472697997819128	-21.2550746717386	19
0.462854039104383	-21.2462886026665	19
0.453093323112557	-21.2374101480575	19
0.443416716846881	-21.2284400965473	19
0.433825079839476	-21.2193792449077	19
0.424319264074999	-21.210228397976	19
0.414900113914972	-21.2009883685832	19
0.405568466022772	-21.1916599774822	19
0.396325149289324	-21.1822440532747	19
0.387170984759465	-21.1727414323374	19
0.378106785559018	-21.1631529587482	19
0.369133356822567	-21.1534794842106	19
0.360251495621938	-21.1437218679787	19
0.351461990895397	-21.1338809767803	19
0.342765623377577	-21.1239576847403	19
0.334163165530124	-21.1139528733028	19
0.325655381473085	-21.1038674311531	19
0.317243026917031	-21.0937022541384	19
0.308926849095936	-21.0834582451885	19
0.300707586700799	-21.0731363142356	19
0.29258596981403	-21.0627373781332	19
0.284562719844602	-21.052262360575	19
0.276638549463967	-21.0417121920126	19
0.268814162542757	-21.0310878095729	19
0.261090254088261	-21.0203901569751	19
0.253467510182687	-21.0096201844465	19
0.245946607922224	-20.9987788486384	19
0.238528215356898	-20.9878671125408	19
0.231212991431231	-20.9768859453973	19
0.224001585925709	-20.9658363226186	19
0.216894639399065	-20.9547192256961	19
0.209892783131384	-20.9435356421146	19
0.202996639068025	-20.9322865652647	19
0.196206819764377	-20.9209729943545	19
0.189523928331451	-20.9095959343207	19
0.182948558382305	-20.8981563957396	19
0.176481293979317	-20.8866553947372	19
0.170122709582305	-20.8750939528988	19
0.163873369997502	-20.8634730971785	19
0.157733830327385	-20.851793859808	19
0.151704635921365	-20.8400572782047	19
0.145786322327352	-20.8282643948796	19
0.13997941524418	-20.8164162573448	19
0.13428443047491	-20.8045139180203	19
0.128701873881021	-20.7925584341408	19
0.123232241337467	-20.7805508676615	19
0.117876018688636	-20.7684922851639	19
0.112633681705195	-20.7563837577609	19
0.107505696041827	-20.744226361002	19
0.102492517195868	-20.7320211747775	19
0.0975945904668494	-20.7197692832225	19
0.092812350916945	-20.707471774621	19
0.0881462233323225	-20.6951297413088	19
0.0835966221854134	-20.6827442795765	19
0.0791639515980986	-20.6703164895726	19
0.0748486053058095	-20.6578474752052	19
0.0706509666225552	-20.6453383440443	19
0.0665714084068756	-20.6327902072232	19
0.0626102930287189	-20.6202041793399	19
0.0587679723372567	-20.6075813783584	19
0.0550447876296305	-20.5949229255086	19
0.0514410696206324	-20.5822299451876	19
0.0479571384133337	-20.5695035648594	19
0.0445933034706494	-20.5567449149545	19
0.0413498635878478	-20.5439551287701	19
0.0382271068660136	-20.5311353423688	19
0.0352253106864557	-20.5182866944784	19
0.0323447416860667	-20.5054103263899	19
0.0295856557336409	-20.4925073818568	19
0.0269482979071465	-20.4795790069933	19
0.0244329024719545	-20.4666263501723	19
0.0220396928600322	-20.4536505619238	19
0.0197688816500947	-20.4406527948323	19
0.0176206705487241	-20.4276342034345	19
0.0155952503724512	-20.4145959441172	19
0.0136928010308077	-20.4015391750138	19
0.0119134915103438	-20.3884650559021	19
0.0102574798596196	-20.3753747481009	19
0.00872491317516499	-20.3622694143671	19
0.00731592758841448	-20.3491502187922	19
0.00603064825361477	-20.336018326699	19
0.00486918933670766	-20.322874904538	19
0.00383165400519014	-20.3097211197841	19
0.00291813441894928	-20.2965581408324	19
0.00212871172207718	-20.2833871368949	19
0.00146345603566189	-20.2702092778962	19
0.000922426451560376	-20.2570257343701	19
0.000505671027148269	-20.243837677355	19
0.000213226781052178	-20.2306462782905	19
4.51196898612061e-05	-20.2174527089128	19
1.36468581879434e-06	-20.2042581411512	19
8.19656554977843e-05	-20.1910637470234	19
0.000286915439454027	-20.1778706985317	19
0.000616195832862321	-20.1646801675591	19
0.00106977758713445	-20.1514933257648	19
0.00164762041251598	-20.1383113444802	19
0.00234967298166655	-20.1251353946053	19
0.00317587293421751	-20.111966646504	19
0.00412614688231172	-20.0988062699007	19
0.00520041041712238	-20.0856554337762	19
0.0063985681163512	-20.0725153062637	19
0.0077205135527032	-20.0593870545454	19
0.00916612930334137	-20.0462718447484	19
0.0107352869603157	-20.0331708418416	19
0.0124278471419703	-20.0200852095317	19
0.0142436595053232	-20.0070161101604	19
0.0161825627594212	-19.9939647046005	19
0.0182443846796663	-19.9809321521535	19
0.0204289421231139	-19.9679196104458	19
0.0227360410447399	-19.9549282353268	19
0.0251654765146794	-19.9419591807655	19
0.027717032736426	-19.9290135987483	19
0.0303904830660027	-19.9160926391767	19
0.0331855900320932	-19.9031974497649	19
0.0361021053571353	-19.8903291759384	19
0.0391397699793739	-19.8774889607315	19
0.0422983140758735	-19.8646779446864	19
0.0455774570864844	-19.8518972657516	19
0.0489769077387636	-19.8391480591811	19
0.0524963640738492	-19.8264314574329	19
0.0561355134732786	-19.8137485900692	19
0.0598940326867607	-19.8011005836556	19
0.0637715878608871	-19.7884885616611	19
0.0677678345687862	-19.7759136443585	19
0.0718824178407191	-19.7633769487247	19
0.0761149721956089	-19.7508795883414	19
0.0804651216735039	-19.7384226732965	19
0.0849324798689752	-19.7260073100851	19
0.0895166499654372	-19.7136346015117	19
0.0942172247703952	-19.7013056465917	19
0.0990337867516162	-19.6890215404542	19
0.103965908074216	-19.6767833742445	19
0.109013150638659	-19.6645922350273	19
0.114175066119678	-19.6524492056901	19
0.119451196006093	-19.640355364847	19
0.12484107164154	-19.6283117867428	19
0.130344214266102	-19.6163195411579	19
0.135960135058829	-19.6043796933127	19
0.141688335181166	-19.5924933037736	19
0.147528305821256	-19.5806614283584	19
0.153479528239141	-19.5688851180428	19
0.159541473812834	-19.5571654188667	19
0.165713604085278	-19.5455033718416	19
0.171995370812176	-19.5339000128578	19
0.178386216010683	-19.5223563725929	19
0.184885572008979	-19.5108734764197	19
0.191492861496682	-19.4994523443155	19
0.198207497576137	-19.4880939907712	19
0.205028883814541	-19.4767994247015	19
0.211956414296929	-19.465569649355	19
0.218989473679986	-19.4544056622253	19
0.226127437246711	-19.4433084549624	19
0.23336967096191	-19.4322790132843	19
0.240715531528507	-19.4213183168897	19
0.248164366444694	-19.4104273393712	19
0.255715514061882	-19.3996070481284	19
0.263368303643479	-19.388858404282	19
0.271122055424464	-19.3781823625888	19
0.278976080671773	-19.3675798713565	19
0.286929681745469	-19.3570518723596	19
0.294982152160717	-19.346599300756	19
0.303132776650534	-19.3362230850035	19
0.311380831229325	-19.3259241467776	19
0.319725583257192	-19.3157034008894	19
0.328166291505009	-19.3055617552048	19
0.336702206220264	-19.2955001105634	19
0.345332569193658	-19.2855193606985	19
0.354056613826449	-19.2756203921582	19
0.36287356519855	-19.2658040842261	19
0.371782640137358	-19.2560713088433	19
0.380783047287326	-19.2464229305313	19
0.389873987180249	-19.2368598063148	19
0.399054652306279	-19.2273827856458	19
0.408324227185659	-19.2179927103281	19
0.417681888441149	-19.2086904144425	19
0.42712680487117	-19.1994767242726	19
0.436658137523632	-19.1903524582317	19
0.446275039770459	-19.1813184267899	19
0.455976657382787	-19.172375432402	19
0.465762128606844	-19.1635242694366	19
0.475630584240495	-19.1547657241052	19
0.485581147710451	-19.1461005743923	19
0.495612935150129	-19.1375295899866	19
0.505725055478162	-19.1290535322126	19
0.515916610477557	-19.1206731539627	19
0.526186694875468	-19.1123891996306	19
0.536534396423616	-19.104202405045	19
0.546958795979319	-19.0961134974043	19
0.557458967587131	-19.0881231952121	19
0.568033978561101	-19.0802322082131	19
0.578682889567606	-19.0724412373306	19
0.589404754708796	-19.0647509746036	19
0.600198621606618	-19.0571621031256	19
0.6110635314874	-19.0496752969842	19
0.621998519267024	-19.0422912212007	19
0.63300261363665	-19.0350105316715	19
0.64407483714899	-19.0278338751094	19
0.655214206305128	-19.0207618889867	19
0.666419731641889	-19.013795201478	19
0.67769041781972	-19.0069344314048	19
0.689025263711106	-19.0001801881803	19
0.700423262489498	-18.9935330717555	19
0.711883401718738	-18.9869936725658	19
0.723404663442996	-18.9805625714782	19
0.73498602427719	-18.9742403397406	19
0.746626455497885	-18.9680275389299	19
0.758324923134673	-18.9619247209031	19
0.770080388062019	-18.9559324277479	19
0.781891806091557	-18.9500511917342	19
0.793758128064839	-18.9442815352676	19
0.805678299946539	-18.9386239708422	19
0.817651262918066	-18.9330790009956	19
0.829675953471618	-18.9276471182642	19
0.841751303504655	-18.9223288051391	19
0.853876240414764	-18.9171245340237	19
0.866049687194941	-18.9120347671914	19
0.878270562529257	-18.9070599567448	19
0.890537780888901	-18.9022005445752	19
0.902850252628607	-18.8974569623239	19
0.915206884083446	-18.892829631343	19
0.927606577665962	-18.8883189626591	19
0.940048231963676	-18.8839253569356	19
0.952530741836914	-18.8796492044382	19
0.965052998516975	-18.8754908849994	19
0.977613889704614	-18.8714507679851	19
0.990212299668849	-18.8675292122619	19
1.00284710934606	-18.8637265661652	19
1.0155171964394	-18.8600431674678	19
1.02822143551847	-18.8564793433505	19
1.04095869811929	-18.8530354103729	19
1.05372785284457	-18.8497116744449	19
1.06652776546413	-18.8465084308001	19
1.07935729901573	-18.8434259639689	19
1.09221531390603	-18.8404645477541	19
1.10510066801178	-18.8376244452056	19
1.11801221678134	-18.8349059085977	19
1.13094881333629	-18.8323091794068	19
1.14390930857332	-18.8298344882891	19
1.1568925512663	-18.8274820550612	19
1.16989738816855	-18.8252520886797	19
1.18292266411526	-18.8231447872231	19
1.1959672221261	-18.8211603378742	19
1.23655076730496	-18.8154003855136	19
1.26792302793786	-18.8109156603186	19
1.29927444055461	-18.8063834374551	19
1.3306050051552	-18.8018037169231	19
1.36191472173964	-18.7971764987226	19
1.39320359030793	-18.7925017828536	19
1.42447161086007	-18.7877795693161	19
1.45571878339605	-18.78300985811	19
1.48694510791589	-18.7781926492355	19
1.51815058441957	-18.7733279426925	19
1.54933521290709	-18.7684157384809	19
1.58049899337847	-18.7634560366009	19
1.61164192583369	-18.7584488370523	19
1.64276401027276	-18.7533941398353	19
1.67386524669568	-18.7482919449497	19
1.70494563510245	-18.7431422523957	19
1.73600517549306	-18.7379450621731	19
1.76704386786752	-18.732700374282	19
1.79806171222583	-18.7274081887225	19
1.82905870856799	-18.7220685054944	19
1.86003485689399	-18.7166813245978	19
1.89099015720384	-18.7112466460327	19
1.92192460949754	-18.7057644697991	19
1.95283821377509	-18.700234795897	19
1.98373097003649	-18.6946576243264	19
2.01460287828173	-18.6890329550873	19
2.04545393851082	-18.6833607881797	19
2.07628415072376	-18.6776411236036	19
2.10709351492054	-18.671873961359	19
2.13788203110118	-18.6660593014458	19
2.16864969926566	-18.6601971438642	19
2.19939651941398	-18.6542874886141	19
2.23012249154616	-18.6483303356954	19
2.26082761566218	-18.6423256851083	19
2.29151189176206	-18.6362735368526	19
2.32217531984577	-18.6301738909285	19
2.35281789991334	-18.6240267473358	19
2.38343963196476	-18.6178321060746	19
2.41404051600002	-18.611589967145	19
2.44462055201913	-18.6053003305468	19
2.47517974002208	-18.5989631962801	19
2.50571808000889	-18.5925785643449	19
2.53623557197954	-18.5861464347412	19
2.56673221593404	-18.579666807469	19
2.59720801187239	-18.5731396825283	19
2.62766295979459	-18.5665650599191	19
2.65809705970063	-18.5599429396414	19
2.68851031159052	-18.5532733216952	19
2.71890271546426	-18.5465562060805	19
2.74927427132184	-18.5397915927973	19
2.77962497916328	-18.5329794818455	19
2.80995483898856	-18.5261198732253	19
2.84026385079769	-18.5192127669366	19
2.87055201459066	-18.5122581629793	19
2.90081933036749	-18.5052560613536	19
2.93106579812816	-18.4982064620593	19
2.96129141787268	-18.4911093650966	19
2.99149618960105	-18.4839647704653	19
3.02168011331326	-18.4767726781655	19
3.05184318900932	-18.4695330881973	19
3.08198541668923	-18.4622460005605	19
3.11210679635299	-18.4549114152552	19
3.1422073280006	-18.4475293322814	19
3.17228701163205	-18.4400997516391	19
3.20234584724735	-18.4326226733284	19
3.2323838348465	-18.4250980973491	19
3.2624009744295	-18.4175260237012	19
3.29239726599634	-18.4099064523849	19
3.32237270954703	-18.4022393834001	19
3.35232730508157	-18.3945248167468	19
3.38226105259996	-18.386762752425	19
3.41217395210219	-18.3789531904347	19
3.44206600358827	-18.3710961307758	19
3.4719372070582	-18.3631915734485	19
3.50178756251198	-18.3552395184526	19
3.53161706994961	-18.3472399657883	19
3.56142572937108	-18.3391929154554	19
3.5912135407764	-18.3310983674541	19
3.62098050416557	-18.3229563217842	19
3.65072661953858	-18.3147667784459	19
3.68045188689544	-18.306529737439	19
3.71015630623615	-18.2982451987636	19
3.73983987756071	-18.2899131624197	19
3.76950260086912	-18.2815336284073	19
3.79914447616137	-18.2731065967265	19
3.82876550343747	-18.2646320673771	19
3.85836568269742	-18.2561100403592	19
3.88794501394122	-18.2475405156728	19
3.91750349716886	-18.2389234933178	19
3.94704113238036	-18.2302589732944	19
3.9765579195757	-18.2215469556025	19
4.00605385875488	-18.2127874402421	19
4.03552894991792	-18.2039804272132	19
4.0649831930648	-18.1951259165157	19
4.09441658819553	-18.1862239081498	19
4.12382913531011	-18.1772744021153	19
4.15322083440853	-18.1682773984124	19
4.18259168549081	-18.1592328970409	19
4.21194168855693	-18.150140898001	19
4.2412708436069	-18.1410014012925	19
4.27057915064071	-18.1318144069156	19
4.29986660965838	-18.1225799148701	19
4.32913322065989	-18.1132979251561	19
4.35837898364525	-18.1039684377736	19
4.38760389861445	-18.0945914527226	19
4.41680796556751	-18.0851669700032	19
4.44599118450441	-18.0756949896152	19
4.47515355542516	-18.0661755115587	19
4.50429507832976	-18.0566085358337	19
4.5334157532182	-18.0469940624401	19
4.56251558009049	-18.0373320913781	19
4.59159455894663	-18.0276226226476	19
4.62065268978662	-18.0178656562486	19
4.64968997261046	-18.0080611921811	19
4.67870640741814	-17.998209230445	19
4.70770199420967	-17.9883097710405	19
4.73667673298505	-17.9783628139674	19
4.76563062374428	-17.9683683592259	19
4.79456366648735	-17.9583264068158	19
4.82347586121427	-17.9482369567373	19
4.85236720792504	-17.9381000089902	19
4.88123770661966	-17.9279155635746	19
4.91008735729812	-17.9176836204906	19
4.93891615996043	-17.907404179738	19
4.96772411460659	-17.8970772413169	19
4.9965112212366	-17.8867028052273	19
5.02527747985046	-17.8762808714692	19
5.05402289044816	-17.8658114400426	19
5.08274745302971	-17.8552945109475	19
5.11145116759511	-17.8447300841839	19
5.14013403414435	-17.8341181597518	19
5.16879605267744	-17.8234587376512	19
5.19743722319438	-17.8127518178821	19
5.22605754569517	-17.8019974004445	19
5.25465702017981	-17.7911954853383	19
5.28323564664829	-17.7803460725637	19
5.31179342510062	-17.7694491621206	19
5.3403303555368	-17.7585047540089	19
5.36884643795683	-17.7475128482288	19
5.3973416723607	-17.7364734447801	19
5.42581605874843	-17.725386543663	19
5.45426959712	-17.7142521448773	19
5.48270228747541	-17.7030702484231	19
5.51111412981468	-17.6918408543005	19
5.53950512413779	-17.6805639625093	19
5.56787527044475	-17.6692395730496	19
5.59622456873556	-17.6578676859214	19
5.62455301901021	-17.6464483011247	19
5.65286062126872	-17.6349814186595	19
5.68114737551107	-17.6234670385258	19
5.70941328173727	-17.6119051607236	19
5.73765833994731	-17.6002957852529	19
5.76588255014121	-17.5886389121137	19
5.79408591231895	-17.576934541306	19
5.82226842648054	-17.5651826728298	19
5.85043009262597	-17.553383306685	19
5.87857091075526	-17.5415364428718	19
5.90669088086839	-17.5296420813901	19
5.93479000296537	-17.5177002222398	19
5.9628682770462	-17.5057108654211	19
5.99092570311087	-17.4936740109338	19
6.01896228115939	-17.481589658778	19
6.04697801119176	-17.4694578089538	19
6.07497289320798	-17.457278461461	19
6.10294692720805	-17.4450516162997	19
6.13090011319196	-17.43277727347	19
6.15883245115972	-17.4204554329717	19
6.18674394111133	-17.4080860948049	19
6.21463458304679	-17.3956692589696	19
6.24250437696609	-17.3832049254658	19
6.27035332286924	-17.3706930942935	19
6.29818142075624	-17.3581337654527	19
6.32598867062709	-17.3455269389434	19
6.35377507248178	-17.3328726147656	19
6.38154062632032	-17.3201707929193	19
6.40928533214271	-17.3074214734044	19
6.43700918994895	-17.2946246562211	19
6.46471219973904	-17.2817803413693	19
6.49239436151297	-17.2688885288489	19
6.52005567527075	-17.2559492186601	19
6.54769614101238	-17.2429624108027	19
6.57531575873785	-17.2299281052769	19
6.60291452844718	-17.2168463020825	19
6.63049245014035	-17.2037170012196	19
6.65804952381737	-17.1905402026883	19
6.68558574947823	-17.1773159064884	19
6.71310112712294	-17.16404411262	19
6.74059565675151	-17.1507248210832	19
6.76806933836391	-17.1373580318778	19
6.79552217196017	-17.1239437450039	19
6.82295415754028	-17.1104819604615	19
6.85036529510423	-17.0969726782506	19
6.87775558465203	-17.0834158983712	19
6.90512502618367	-17.0698116208232	19
6.93247361969917	-17.0561598456068	19
6.95980136519851	-17.0424605727219	19
6.9871082626817	-17.0287138021685	19
7.01439431214874	-17.0149195339466	19
7.04165951359962	-17.0010777680561	19
7.06890386703436	-16.9871885044972	19
7.09612737245294	-16.9732517432697	19
7.12333002985537	-16.9592674843738	19
7.15051183924164	-16.9452357278093	19
7.17767280061177	-16.9311564735764	19
7.20481291396574	-16.9170297216749	19
7.23193217930356	-16.9028554721049	19
7.25903059662522	-16.8886337248665	19
7.28610816593074	-16.8743644799595	19
7.3131648872201	-16.860047737384	19
7.34020076049331	-16.84568349714	19
7.36721578575037	-16.8312717592275	19
7.39420996299127	-16.8168125236465	19
7.42118329221603	-16.802305790397	19
7.44813577342463	-16.787751559479	19
7.47506740661707	-16.7731498308925	19
7.50197819179337	-16.7585006046375	19
7.52886812895351	-16.743803880714	19
7.5557372180975	-16.729059659122	19
7.58258545922534	-16.7142679398614	19
7.60941285233703	-16.6994287229324	19
7.63621939743256	-16.6845420083348	19
7.66300509451194	-16.6696077960688	19
7.68976994357517	-16.6546260861342	19
7.71651394462225	-16.6395968785312	19
7.74323709765317	-16.6245201732596	19
7.76993940266795	-16.6093959703196	19
7.79662085966657	-16.594224269711	19
7.82328146864903	-16.5790050714339	19
7.84992122961535	-16.5637383754883	19
7.87654014256551	-16.5484241818743	19
7.90313820749952	-16.5330624905917	19
7.92971542441738	-16.5176533016406	19
7.95627179331908	-16.502196615021	19
7.98280731420464	-16.4866924307329	19
8.00932198707404	-16.4711407487763	19
8.03581581192729	-16.4555415691512	19
8.06228878876438	-16.4398948918576	19
8.08874091758533	-16.4242007168954	19
8.11517219839012	-16.4084590442648	19
8.14158263117876	-16.3926698739657	19
8.16797221595124	-16.376833205998	19
8.19434095270758	-16.3609490403619	19
8.22068884144776	-16.3450173770572	19
8.24701588217179	-16.3290382160841	19
8.27332207487967	-16.3130115574424	19
8.29960741957139	-16.2969374011323	19
8.32587191624696	-16.2808157471536	19
8.35211556490638	-16.2646465955064	19
8.37833836554965	-16.2484299461908	19
8.40454031817677	-16.2321657992066	19
8.43072142278773	-16.2158541545539	19
8.45688167938254	-16.1994950122327	19
8.4830210879612	-16.183088372243	19
8.50913964852371	-16.1666342345848	19
8.53523736107006	-16.1501325992581	19
8.56131422560026	-16.1335834662629	19
8.58737024211431	-16.1169868355992	19
8.61340541061221	-16.100342707267	19
8.63941973109395	-16.0836510812663	19
8.66541320355954	-16.066911957597	19
8.69138582800898	-16.0501253362593	19
8.71733760444227	-16.0332912172531	19
8.74326853285941	-16.0164096005783	19
8.76917861326039	-15.9994804862351	19
8.79506784564522	-15.9825038742233	19
8.8209362300139	-15.9654797645431	19
8.84678376636642	-15.9484081571943	19
8.8726104547028	-15.9312890521771	19
8.89841629502301	-15.9141224494913	19
8.92420128732708	-15.896908349137	19
8.949965431615	-15.8796467511142	19
8.97570872788676	-15.8623376554229	19
9.00143117614238	-15.8449810620632	19
9.02713277638183	-15.8275769710349	19
9.05281352860514	-15.8101253823381	19
9.0784734328123	-15.7926262959728	19
9.1041124890033	-15.775079711939	19
9.12973069717815	-15.7574856302366	19
9.15532805733684	-15.7398440508658	19
9.18090456947939	-15.7221549738265	19
9.20646023360578	-15.7044183991187	19
9.23199504971602	-15.6866343267423	19
9.25750901781011	-15.6688027566975	19
9.28300213788804	-15.6509236889842	19
9.30847440994983	-15.6329971236023	19
9.33392583399546	-15.615023060552	19
9.35935641002494	-15.5970014998331	19
9.38476613803826	-15.5789324414458	19
9.41015501803544	-15.5608158853899	19
9.43552305001646	-15.5426518316655	19
9.46087023398133	-15.5244402802726	19
9.48619656993005	-15.5061812312113	19
9.51150205786261	-15.4878746844814	19
9.53678669777902	-15.469520640083	19
9.56205048967928	-15.4511190980161	19
9.58729343356339	-15.4326700582807	19
9.61251552943134	-15.4141735208768	19
9.63771677728315	-15.3956294858044	19
9.6628971771188	-15.3770379530635	19
9.68805672893829	-15.3583989226541	19
9.71319543274164	-15.3397123945761	19
9.73831328852883	-15.3209783688297	19
9.76341029629987	-15.3021968454148	19
9.78848645605476	-15.2833678243313	19
9.8135417677935	-15.2644913055794	19
9.83857623151608	-15.2455672891589	19
9.86358984722251	-15.22659577507	19
9.88858261491279	-15.2075767633125	19
9.91355453458692	-15.1885102538866	19
9.93850560624489	-15.1693962467921	19
9.96343582988672	-15.1502347420291	19
9.98834520551238	-15.1310257395977	19
10.0132337331219	-15.1117692394977	19
10.0381014127153	-15.0924652417292	19
10.0629482442925	-15.0731137462922	19
10.0877742278535	-15.0537147531867	19
10.1125793633984	-15.0342682624127	19
10.1373636509272	-15.0147742739702	19
10.1621270904398	-14.9952327878592	19
10.1868696819363	-14.9756438040797	19
10.2115914254166	-14.9560073226317	19
10.2362923208807	-14.9363233435151	19
10.2609723683287	-14.9165918667301	19
10.2856315677605	-14.8968128922766	19
10.3102699191762	-14.8769864201546	19
10.3348874225758	-14.857112450364	19
10.3594840779591	-14.837190982905	19
10.3840598853264	-14.8172220177774	19
10.4086148446775	-14.7972055549814	19
10.4331489560124	-14.7771415945168	19
10.4576622193312	-14.7570301363837	19
10.4821546346338	-14.7368711805822	19
10.5066262019203	-14.7166647271121	19
10.5310769211906	-14.6964107759735	19
10.5555067924447	-14.6761093271664	19
10.5799158156828	-14.6557603806908	19
10.6043039909046	-14.6353639365467	19
10.6286713181103	-14.6149199947341	19
10.6530177972999	-14.594428555253	19
10.6773434284733	-14.5738896181034	19
10.7016482116305	-14.5533031832853	19
10.7259321467716	-14.5326692507987	19
10.7501952338966	-14.5119878206436	19
10.7744374730054	-14.4912588928199	19
10.798658864098	-14.4704824673278	19
10.8228594071745	-14.4496585441672	19
10.8470391022348	-14.428787123338	19
10.871197949279	-14.4078682048404	19
10.8953359483071	-14.3869017886742	19
10.9194530993189	-14.3658878748396	19
10.9435494023147	-14.3448264633364	19
10.9676248572942	-14.3237175541647	19
10.9916794642577	-14.3025611473246	19
11.0157132232049	-14.2813572428159	19
11.0397261341361	-14.2601058406387	19
11.063718197051	-14.238806940793	19
11.0876894119498	-14.2174605432788	19
11.1116397788325	-14.1960666480961	19
11.135569297699	-14.1746252552449	19
11.1594779685494	-14.1531363647252	19
11.1833657913836	-14.131599976537	19
11.2072327662016	-14.1100160906803	19
11.2310788930035	-14.0883847071551	19
11.2549041717893	-14.0667058259614	19
11.2787086025589	-14.0449794470991	19
11.3024921853123	-14.0232055705684	19
11.3262549200496	-14.0013841963692	19
11.3499968067707	-13.9795153245014	19
11.3737178454757	-13.9575989549652	19
11.3974180361646	-13.9356350877604	19
11.4210973788372	-13.9136237228872	19
11.4447558734938	-13.8915648603454	19
11.4683935201341	-13.8694585001351	19
11.4920103187584	-13.8473046422564	19
11.5156062693664	-13.8251032867091	19
11.5391813719584	-13.8028544334933	19
11.5627356265341	-13.780558082609	19
11.5862690330937	-13.7582142340562	19
11.6097815916372	-13.7358228878349	19
11.6332733021645	-13.7133840439451	19
11.6567441646757	-13.6908977023868	19
11.6801941791707	-13.66836386316	19
11.7036233456495	-13.6457825262647	19
11.7270316641122	-13.6231536917009	19
11.7504191345588	-13.6004773594686	19
11.7737857569892	-13.5777535295677	19
11.7971315314034	-13.5549822019984	19
11.8204564578015	-13.5321633767606	19
11.8437605361834	-13.5092970538542	19
11.8670437665492	-13.4863832332794	19
11.8903061488989	-13.463421915036	19
11.9135476832323	-13.4404130991242	19
11.9367683695497	-13.4173567855438	19
11.9599682078508	-13.3942529742949	19
11.9831471981359	-13.3711016653776	19
12.0063053404047	-13.3479028587917	19
12.0294426346575	-13.3246565545373	19
12.052559080894	-13.3013627526144	19
12.0756546791144	-13.278021453023	19
12.0987294293187	-13.2546326557631	19
12.1217833315068	-13.2311963608347	19
12.1448163856788	-13.2077125682378	19
12.1678285918346	-13.1841812779724	19
12.1908199499742	-13.1606024900385	19
12.2137904600977	-13.1369762044361	19
12.2367401222051	-13.1133024211652	19
12.2596689362963	-13.0895811402257	19
12.2825769023713	-13.0658123616178	19
12.3054640204302	-13.0419960853414	19
12.3283302904729	-13.0181323113964	19
12.3511757124995	-12.994221039783	19
12.37400028651	-12.970262270501	19
12.3968040125043	-12.9462560035505	19
12.4195868904824	-12.9222022389316	19
12.4423489204444	-12.8981009766441	19
12.4650901023902	-12.8739522166881	19
12.4878104363199	-12.8497559590637	19
12.5105099222334	-12.8255122037707	19
12.5331885601307	-12.8012209508092	19
12.555846350012	-12.7768822001792	19
12.578483291877	-12.7524959518807	19
12.6010993857259	-12.7280622059137	19
12.6236946315587	-12.7035809622782	19
12.6462690293753	-12.6790522209742	19
12.6688225791758	-12.6544759820017	19
12.6913552809601	-12.6298522453607	19
12.7138671347282	-12.6051810110511	19
12.7363581404802	-12.5804622790731	19
12.758828298216	-12.5556960494266	19
12.7812776079357	-12.5308823221115	19
12.8037060696393	-12.506021097128	19
12.8261136833267	-12.4811123744759	19
12.8485004489979	-12.4561561541554	19
12.870866366653	-12.4311524361663	19
12.8932114362919	-12.4061012205088	19
12.9155356579147	-12.3810025071827	19
12.9378390315213	-12.3558562961881	19
12.9601215571118	-12.330662587525	19
12.9823832346861	-12.3054213811935	19
13.0046240642443	-12.2801326771934	19
13.0268440457863	-12.2547964755248	19
13.0490431793122	-12.2294127761877	19
13.0712214648219	-12.2039815791821	19
13.0933789023154	-12.178502884508	19
13.1155154917928	-12.1529766921654	19
13.1376312332541	-12.1274030021543	19
13.1597261266992	-12.1017818144746	19
13.1818001721281	-12.0761131291265	19
13.2038533695409	-12.0503969461099	19
13.2258857189376	-12.0246332654247	19
13.2478972203181	-11.9988220870711	19
13.2698878736824	-11.972963411049	19
13.2918576790306	-11.9470572373583	19
13.3138066363626	-11.9211035659992	19
13.3357347456785	-11.8951023969715	19
13.3576420069783	-11.8690537302753	19
13.3795284202618	-11.8429575659107	19
13.4013939855293	-11.8168139038775	19
13.4232387027805	-11.7906227441758	19
13.4450625720157	-11.7643840868056	19
13.4668655932346	-11.738097931767	19
13.4886477664374	-11.7117642790598	19
13.5104090916241	-11.6853831286841	19
13.5321495687946	-11.6589544806399	19
13.553869197949	-11.6324783349271	19
13.5755679790872	-11.6059546915459	19
13.5972459122092	-11.5793835504962	19
13.6189029973151	-11.552764911778	19
13.6405392344049	-11.5260987753913	19
13.6621546234785	-11.499385141336	19
13.6837491645359	-11.4726240096123	19
13.7053228575772	-11.4458153802201	19
13.7268757026024	-11.4189592531593	19
13.7484076996114	-11.3920556284301	19
13.7699188486042	-11.3651045060323	19
13.7914091495809	-11.3381058859661	19
13.8128786025414	-11.3110597682313	19
13.8343272074858	-11.283966152828	19
13.855754964414	-11.2568250397563	19
13.8771618733261	-11.229636429016	19
13.898547934222	-11.2024003206072	19
13.9199131471018	-11.1751167145299	19
13.9412575119654	-11.1477856107841	19
13.9625810288129	-11.1204070093698	19
13.9838836976442	-11.092980910287	19
14.0051655184593	-11.0655073135357	19
14.0264264912583	-11.0379862191159	19
14.0476666160412	-11.0104176270276	19
14.0688858928079	-10.9828015372708	19
14.0900843215585	-10.9551379498454	19
14.1112619022929	-10.9274268647516	19
14.1324186350111	-10.8996682819893	19
14.1535545197132	-10.8718622015584	19
14.1746695563991	-10.8440086234591	19
14.1957637450689	-10.8161075476912	19
14.2168370857226	-10.7881589742549	19
14.23788957836	-10.76016290315	19
14.2589212229814	-10.7321193343767	19
14.2799320195866	-10.7040282679348	19
14.3009219681756	-10.6758897038244	19
14.3218910687485	-10.6477036420455	19
14.3428393213052	-10.6194700825982	19
14.3637667258458	-10.5911890254823	19
14.3846732823702	-10.5628604706979	19
14.4055589908784	-10.534484418245	19
14.4264238513706	-10.5060608681236	19
14.4472678638465	-10.4775898203337	19
14.4680910283063	-10.4490712748753	19
14.48889334475	-10.4205052317483	19
14.5096748131775	-10.3918916909529	19
14.5304354335888	-10.363230652489	19
14.551175205984	-10.3345221163566	19
14.5718941303631	-10.3057660825556	19
14.592592206726	-10.2769625510862	19
14.6132694350727	-10.2481115219482	19
14.6339258154033	-10.2192129951418	19
14.6545613477177	-10.1902669706668	19
14.675176032016	-10.1612734485234	19
14.6957698682982	-10.1322324287114	19
14.7163428565641	-10.1031439112309	19
14.736894996814	-10.074007896082	19
14.7574262890476	-10.0448243832645	19
14.7779367332652	-10.0155933727785	19
14.7984263294665	-9.98631486462401	19
14.8188950776518	-9.95698885880102	19
14.8393429778208	-9.92761535530952	19
14.8597700299737	-9.89819435414952	19
14.8801762341105	-9.86872585532101	19
14.9005615902311	-9.839209858824	19
14.9209260983356	-9.80964636465847	19
14.9412697584239	-9.78003537282445	19
14.961592570496	-9.75037688332193	19
14.981894534552	-9.7206708961509	19
15.0021756505919	-9.69091741131136	19
15.0224359186156	-9.66111642880332	19
15.0426753386231	-9.63126794862677	19
15.0628939106145	-9.60137197078172	19
15.0830916345897	-9.57142849526817	19
15.1032685105488	-9.54143752208611	19
15.1234245384918	-9.51139905123554	19
15.1435597184185	-9.48131308271647	19
15.1636740503292	-9.4511796165289	19
15.1837675342236	-9.42099865267282	19
15.203840170102	-9.39077019114824	19
15.2238919579641	-9.36049423195515	19
15.2439228978102	-9.33017077509355	19
15.26393298964	-9.29979982056346	19
15.2839222334537	-9.26938136836485	19
15.3038906292513	-9.23891541849774	19
15.3238381770327	-9.20840197096213	19
15.343764876798	-9.17784102575801	19
15.3636707285471	-9.14723258288539	19
15.38355573228	-9.11657664234427	19
15.4034198879968	-9.08587320413463	19
15.4232631956975	-9.05512226825649	19
15.443085655382	-9.02432383470985	19
15.4628872670503	-8.99347790349471	19
15.4826680307025	-8.96258447461106	19
15.5024279463385	-8.9316435480589	19
15.5221670139584	-8.90065512383824	19
15.5418852335622	-8.86961920194907	19
15.5615826051497	-8.83853578239141	19
15.5812591287212	-8.80740486516523	19
15.6009148042764	-8.77622645027055	19
15.6205496318156	-8.74500053770737	19
15.6401636113385	-8.71372712747568	19
15.6597567428454	-8.68240621957548	19
15.679329026336	-8.65103781400679	19
15.6988804618105	-8.61962191076958	19
15.7184110492689	-8.58815850986387	19
15.7379207887111	-8.55664761128966	19
15.7574096801372	-8.52508921504694	19
15.7768777235471	-8.49348332113572	19
15.7963249189408	-8.46182992955599	19
15.8157512663184	-8.43012904030776	19
15.8351567656799	-8.39838065339102	19
15.8545414170252	-8.36658476880578	19
15.8739052203543	-8.33474138655204	19
15.8932481756673	-8.30285050662978	19
15.9125702829642	-8.27091212903903	19
15.9318715422448	-8.23892625377977	19
15.9511519535094	-8.206892880852	19
15.9704115167578	-8.17481201025573	19
15.98965023199	-8.14268364199096	19
16.0088680992061	-8.11050777605768	19
16.028065118406	-8.07828441245589	19
16.0472412895898	-8.04601355118561	19
16.0663966127574	-8.01369519224681	19
16.0855310879089	-7.98132933563951	19
16.1046447150442	-7.9489159813637	19
16.1237374941633	-7.9164551294194	19
16.1428094252663	-7.88394677980658	19
16.1618605083532	-7.85139093252527	19
16.1808907434239	-7.81878758757544	19
16.1999001304785	-7.78613674495712	19
16.2188886695169	-7.75343840467028	19
16.2378563605391	-7.72069256671494	19
16.2568032035452	-7.6878992310911	19
16.2757291985352	-7.65505839779875	19
16.2946343455089	-7.6221700668379	19
16.3135186444666	-7.58923423820855	19
16.3323820954081	-7.55625091191069	19
16.3512246983334	-7.52322008794432	19
16.3700464532426	-7.49014176630945	19
16.3888473601356	-7.45701594700607	19
16.4076274190125	-7.42384263003419	19
16.4263866298732	-7.39062181539381	19
16.4451249927178	-7.35735350308492	19
16.4638425075462	-7.32403769310752	19
16.4825391743585	-7.29067438546162	19
16.5012149931546	-7.25726358014722	19
16.5198699639346	-7.22380527716431	19
16.5385040866984	-7.19029947651289	19
16.557117361446	-7.15674617819298	19
16.5757097881775	-7.12314538220456	19
16.5942813668929	-7.08949708854763	19
16.6128320975921	-7.0558012972222	19
16.6313619802752	-7.02205800822825	19
16.6498710149421	-6.98826722156581	19
16.6683592015928	-6.95442893723487	19
16.6868265402274	-6.92054315523541	19
16.7052730308458	-6.88660987556746	19
16.7236986734481	-6.852629098231	19
16.7421034680343	-6.81860082322603	19
16.7604874146042	-6.78452505055256	19
16.7788505131581	-6.75040178021058	19
16.7971927636957	-6.7162310122001	19
16.8155141662173	-6.68201274652111	19
16.8338147207226	-6.64774698317363	19
16.8520944272119	-6.61343372215763	19
16.8703532856849	-6.57907296347313	19
16.8885912961418	-6.54466470712013	19
16.9068084585826	-6.51020895309862	19
16.9250047730072	-6.4757057014086	19
16.9431802394157	-6.44115495205008	19
16.961334857808	-6.40655670502306	19
16.9794686281842	-6.37191096032753	19
16.9975815505442	-6.3372177179635	19
17.015673624888	-6.30247697793096	19
17.0337448512157	-6.26768874022992	19
17.0517952295272	-6.23285300486037	19
17.0698247598226	-6.19796977182232	19
17.0878334421019	-6.16303904111576	19
17.105821276365	-6.1280608127407	19
17.1237882626119	-6.09303508669713	19
17.1417344008427	-6.05796186298506	19
17.1596596910573	-6.02284114160449	19
17.1775641332558	-5.9876729225554	19
17.1954477274381	-5.95245720583782	19
17.2133104736043	-5.91719399145173	19
17.2311523717543	-5.88188327939713	19
17.2489734218882	-5.84652506967403	19
17.2667736240059	-5.81111936228243	19
17.2845529781075	-5.77566615722232	19
17.3023114841929	-5.7401654544937	19
17.3200491422621	-5.70461725409658	19
17.3377659523153	-5.66902155603096	19
17.3554619143522	-5.63337836029683	19
17.373137028373	-5.5976876668942	19
17.3907912943777	-5.56194947582306	19
17.4084247123662	-5.52616378708342	19
17.4260372823385	-5.49033060067526	19
17.4436290042947	-5.45444991659861	19
17.4611998782347	-5.41852173485346	19
17.4787499041586	-5.3825460554398	19
17.4962790820664	-5.34652287835763	19
17.513787411958	-5.31045220360695	19
17.5312748938334	-5.27433403118778	19
17.5487415276927	-5.23816836110009	19
17.5661873135358	-5.20195519334391	19
17.5836122513628	-5.16569452791922	19
17.6010163411736	-5.12938636482602	19
17.6183995829683	-5.09303070406432	19
17.6357619767468	-5.05662754563412	19
17.6531035225091	-5.02017688953541	19
17.6704242202554	-4.98367873576819	19
17.6877240699854	-4.94713308433247	19
17.7050030716993	-4.91053993522825	19
17.7222612253971	-4.87389928845552	19
17.7394985310787	-4.83721114401428	19
17.7567149887441	-4.80047550190455	19
17.7739105983934	-4.7636923621263	19
17.7910853600266	-4.72686172467956	19
17.8082392736436	-4.6899835895643	19
17.8253723392444	-4.65305795678054	19
17.8424845568291	-4.61608482632828	19
17.8595759263977	-4.57906419820751	19
17.87664644795	-4.54199607241824	19
17.8936961214863	-4.50488044896046	19
17.9107249470064	-4.46771732783419	19
17.9277329245103	-4.4305067090394	19
17.9447200539981	-4.3932485925761	19
17.9616863354697	-4.35594297844431	19
17.9786317689251	-4.31858986664401	19
17.9955563543645	-4.2811892571752	19
18.0124600917876	-4.24374115003789	19
18.0293429811946	-4.20624554523208	19
18.0462050225855	-4.16870244275776	19
18.0630462159602	-4.13111184261493	19
18.0798665613188	-4.0934737448036	19
18.0966660586612	-4.05578814932377	19
18.1134447079874	-4.01805505617543	19
18.1302025092975	-3.98027446535858	19
18.1469394625915	-3.94244637687324	19
18.1636555678693	-3.90457079071938	19
18.1803508251309	-3.86664770689703	19
18.1970252343764	-3.82867712540616	19
18.2136787956057	-3.79065904624679	19
18.2303115088189	-3.75259346941892	19
18.246923374016	-3.71448039492255	19
18.2635143911968	-3.67631982275766	19
18.2800845603616	-3.63811175292427	19
18.2966338815102	-3.59985618542238	19
18.3131623546426	-3.56155312025199	19
18.3296699797588	-3.52320255741309	19
18.346156756859	-3.48480449690568	19
18.3626226859429	-3.44635893872977	19
18.3790677670107	-3.40786588288535	19
18.3954920000624	-3.36932532937243	19
18.4118953850979	-3.33073727819101	19
18.4282779221173	-3.29210172934107	19
18.4446396111205	-3.25341868282264	19
18.4609804521075	-3.2146881386357	19
18.4773004450784	-3.17591009678026	19
18.4935995900332	-3.13708455725631	19
18.5098778869718	-3.09821152006386	19
18.5261353358942	-3.0592909852029	19
18.5423719368005	-3.02032295267343	19
18.5585876896907	-2.98130742247547	19
18.5747825945646	-2.94224439460899	19
18.5909566514225	-2.90313386907401	19
18.6071098602642	-2.86397584587053	19
18.6232422210897	-2.82477032499855	19
18.6393537338991	-2.78551730645805	19
18.6554443986923	-2.74621679024906	19
18.6715142154694	-2.70686877637155	19
18.6875631842303	-2.66747326482555	19
18.703591304975	-2.62803025561104	19
18.7195985777037	-2.58853974872802	19
18.7355850024161	-2.5490017441765	19
18.7515505791124	-2.50941624195647	19
18.7674953077926	-2.46978324206794	19
18.7834191884566	-2.43010274451091	19
18.7993222211044	-2.39037474928537	19
18.8152044057361	-2.35059925639133	19
18.8310657423517	-2.31077626582877	19
18.8469062309511	-2.27090577759772	19
18.8627258715343	-2.23098779169816	19
18.8785246641014	-2.1910223081301	19
18.8943026086524	-2.15100932689353	19
18.9100597051872	-2.11094884798845	19
18.9257959537058	-2.07084087141488	19
18.9415113542083	-2.0306853971728	19
18.9572059066946	-1.99048242526221	19
18.9728796111648	-1.95023195568312	19
18.9885324676188	-1.90993398843552	19
19.0041644760567	-1.86958852351941	19
19.0197756364784	-1.82919556093481	19
19.035365948884	-1.7887551006817	19
19.0509354132734	-1.74826714276008	19
19.0664840296466	-1.70773168716996	19
19.0820117980038	-1.66714873391133	19
19.0975187183447	-1.6265182829842	19
19.1130047906695	-1.58584033438857	19
19.1284700149782	-1.54511488812443	19
19.1439143912707	-1.50434194419178	19
19.159337919547	-1.46352150259063	19
19.1747405998072	-1.42265356332098	19
19.1901224320513	-1.38173812638282	19
19.2054834162792	-1.34077519177615	19
19.2208235524909	-1.29976475950099	19
19.2361428406865	-1.25870682955731	19
19.2514412808659	-1.21760140194513	19
19.2667188730292	-1.17644847666445	19
19.2819756171763	-1.13524805371527	19
19.2972115133073	-1.09400013309757	19
19.3124265614221	-1.05270471481137	19
19.3276207615208	-1.01136179885667	19
19.3427941136033	-0.969971385233464	19
19.3579466176697	-0.928533473941755	19
19.3730782737199	-0.887048064981531	19
19.388189081754	-0.845515158352811	19
19.4032790417719	-0.803934754055586	19
19.4183481537736	-0.762306852089857	19
19.4333964177593	-0.720631452455617	19
19.4484238337287	-0.678908555152876	19
19.463430401682	-0.637138160181635	19
19.4784161216192	-0.595320267541883	19
19.4933809935402	-0.55345487723363	19
19.508325017445	-0.511541989256862	19
19.5232481933337	-0.469581603611601	19
19.5381505212062	-0.427573720297833	19
19.5530320010626	-0.38551833931556	19
19.5678926329029	-0.343415460664783	19
19.5827324167269	-0.301265084345495	19
19.5975513525349	-0.259067210357706	19
19.6123494403267	-0.216821838701414	19
19.6271266801023	-0.17452896937662	19
19.6418830718618	-0.132188602383316	19
19.6566186156051	-0.0898007377215038	19
19.6713333113322	-0.0473653753911947	19
19.6860271590433	-0.00488251539238149	19
19.7007001587381	0.0376478422749429	19
19.7153523104168	0.0802256976107678	19
19.7299836140794	0.122851050615104	19
19.7445940697258	0.165523901287941	19
19.7591836773561	0.208244249629278	19
19.7737524369702	0.251012095639126	19
19.7883003485681	0.293827439317468	19
19.8028274121499	0.336690280664332	19
19.8173336277156	0.379600619679692	19
19.8318189952651	0.422558456363554	19
19.8462835147984	0.465563790715926	19
19.8607271863156	0.508616622736799	19
19.8751500098166	0.55171695242618	19
19.8895519853015	0.594864779784064	19
19.9039331127702	0.63806010481045	19
19.9182933922228	0.681302927505342	19
19.9326328236592	0.724593247868739	19
19.9469514070795	0.767931065900648	19
19.9612491424836	0.811316381601053	19
19.9755260298716	0.854749194969965	19
19.9897820692434	0.898229506007382	19
20.0040172605991	0.941757314713303	19
20.0182316039386	0.985332621087736	19
20.032425099262	1.02895542513067	19
20.0465977465692	1.0726257268421	19
20.0607495458602	1.11634352622204	19
20.0748804971351	1.16010882327048	19
20.0889906003939	1.20392161798744	19
20.1030798556365	1.2477819103729	19
20.1171482628629	1.29168970042685	19
20.1311958220732	1.33564498814932	19
20.1452225332674	1.37964777354029	19
20.1592283964454	1.42369805659977	19
20.1732134116072	1.46779583732775	19
20.1871775787529	1.51194111572423	19
20.2011208978824	1.55613389178922	19
20.2150433689958	1.60037416552271	19
20.228944992093	1.64466193692471	19
20.2428257671741	1.68899720599521	19
20.256685694239	1.73337997273422	19
20.2705247732878	1.77781023714174	19
20.2843430043204	1.82228799921776	19
20.2981403873369	1.86681325896228	19
20.3119169223372	1.9113860163753	19
20.3256726093213	1.95600627145684	19
20.3394074482893	2.00067402420687	19
20.3531214392412	2.04538927462542	19
20.3668145821769	2.09015202271246	19
20.3804868770965	2.13496226846801	19
20.3941383239999	2.17982001189207	19
20.4077689228871	2.22472525298463	19
20.4213786737582	2.2696779917457	19
20.4349675766131	2.31467822817527	19
20.4485356314519	2.35972596227334	19
20.4620828382746	2.40482119403992	19
20.4756091970811	2.449963923475	19
20.4891147078714	2.4951541505786	19
20.5025993706456	2.54039187535069	19
20.5160631854036	2.58567709779129	19
20.5295061521455	2.63100981790039	19
20.5429282708712	2.676390035678	19
20.5563295415808	2.72181775112411	19
20.5697099642742	2.76729296423873	19
20.5830695389515	2.81281567502186	19
20.5964082656126	2.85838588347348	19
20.6097261442575	2.90400358959361	19
20.6230231748863	2.94966879338225	19
20.636299357499	2.99538149483939	19
20.6495546920955	3.04114169396504	19
20.6627891786759	3.08694939075919	19
20.6760028172401	3.13280458522185	19
20.6891956077881	3.17870727735301	19
20.70236755032	3.22465746715267	19
20.7155186448357	3.27065515462085	19
20.7286488913353	3.31670033975752	19
20.7417582898188	3.3627930225627	19
20.7548468402861	3.40893320303639	19
20.7679145427372	3.45512088117858	19
20.7809613971722	3.50135605698927	19
20.793987403591	3.54763873046847	19
20.8069925619937	3.59396890161617	19
20.8199768723802	3.64034657043238	19
20.8329403347506	3.6867717369171	19
20.8458829491048	3.73324440107032	19
20.8588047154429	3.77976456289204	19
20.8717056337648	3.82633222238227	19
20.8845857040705	3.872947379541	19
20.8974449263601	3.91961003436824	19
20.9102833006336	3.96632018686398	19
20.9231008268909	4.01307783702823	19
20.9358975051321	4.05988298486098	19
20.9486733353571	4.10673563036224	19
20.9614283175659	4.153635773532	19
20.9741624517586	4.20058341437026	19
20.9868757379351	4.24757855287703	19
20.9995681760955	4.29462118905231	19
21.0122397662398	4.3417113228961	19
21.0248905083679	4.38884895440838	19
21.0375204024798	4.43603408358917	19
21.0501294485756	4.48326671043846	19
21.0627176466552	4.53054683495626	19
21.0752849967187	4.57787445714257	19
21.087831498766	4.62524957699738	19
21.1003571527972	4.67267219452069	19
21.1128619588122	4.72014230971251	19
21.1253459168111	4.76765992257284	19
21.1378090267938	4.81522503310166	19
21.1502512887603	4.862837641299	19
21.1626727027108	4.91049774716483	19
21.175073268645	4.95820535069917	19
21.1874529865631	5.00596045190203	19
21.1998118564651	5.05376305077338	19
21.2121498783509	5.10161314731323	19
21.2244670522205	5.1495107415216	19
21.236763378074	5.19745583339846	19
21.2490388559114	5.24544842294383	19
21.2612934857326	5.29348851015771	19
21.2735272675376	5.34157609504009	19
21.2857402013265	5.38971117759097	19
21.2979322870992	5.43789375781036	19
21.3101035248558	5.48612383569827	19
21.3222539145962	5.53440141125466	19
21.3343834563205	5.58272648447957	19
21.3464921500286	5.63109905537297	19
21.3585799957206	5.67951912393489	19
21.3706469933964	5.72798669016531	19
21.3826931430561	5.77650175406423	19
21.3947184446996	5.82506431563166	19
21.406722898327	5.87367437486759	19
21.4187065039382	5.92233193177203	19
21.4306692615332	5.97103698634498	19
21.4426111711121	6.01978953858643	19
21.4545322326749	6.06858958849638	19
21.4664324462215	6.11743713607483	19
21.4783118117519	6.1663321813218	19
21.4901703292662	6.21527472423727	19
21.5020079987644	6.26426476482124	19
21.5138248202464	6.31330230307372	19
21.5256207937122	6.36238733899469	19
21.5373959191619	6.41151987258418	19
21.5491501965954	6.46069990384218	19
21.5608836260128	6.50992743276867	19
21.5725962074141	6.55920245936367	19
21.5842879407991	6.60852498362717	19
21.5959588261681	6.65789500555918	19
21.6076088635208	6.7073125251597	19
21.6192380528575	6.75677754242872	19
21.6308463941779	6.80629005736624	19
21.6424338874822	6.85585006997227	19
21.6540005327704	6.9054575802468	19
21.6655463300424	6.95511258818985	19
21.6770712792983	7.00481509380139	19
21.688575380538	7.05456509708144	19
21.7000586337615	7.10436259802999	19
21.7115210389689	7.15420759664704	19
21.7229625961602	7.20410009293261	19
21.7343833053353	7.25404008688668	19
21.7457831664942	7.30402757850925	19
21.757162179637	7.35406256780033	19
21.7685203447637	7.4041450547599	19
21.7798576618742	7.454275039388	19
21.7911741309685	7.50445252168459	19
21.8024697520467	7.55467750164969	19
21.8137445251087	7.60494997928328	19
21.8249984501546	7.65526995458539	19
21.8362315271843	7.705637427556	19
21.8474437561979	7.75605239819512	19
21.8586351371953	7.80651486650273	19
21.8698056701766	7.85702483247886	19
21.8809553551417	7.90758229612349	19
21.8920841920907	7.95818725743663	19
21.9031921810235	8.00883971641827	19
21.9142793219401	8.05953967306841	19
21.9253456148406	8.11028712738705	19
21.936391059725	8.16108207937421	19
21.9474156565932	8.21192452902987	19
21.9584194054452	8.26281447635403	19
21.9694023062811	8.31375192134669	19
21.9803643591009	8.36473686400787	19
21.9913055639045	8.41576930433755	19
22.0022259206919	8.46684924233573	19
22.0131254294632	8.51797667800242	19
22.0240040902183	8.56915161133761	19
22.0348619029573	8.6203740423413	19
22.0456988676802	8.67164397101351	19
22.0565149843868	8.72296139735421	19
22.0673102530774	8.77432632136343	19
22.0780846737517	8.82573874304114	19
22.08883824641	8.87719866238736	19
22.099570971052	8.92870607940208	19
22.110282847678	8.98026099408531	19
22.1209738762877	9.03186340643705	19
22.1316440568813	9.08351331645729	19
22.1422933894588	9.13521072414603	19
22.1529218740201	9.18695562950328	19
22.1635295105653	9.23874803252904	19
22.1741162990943	9.29058793322329	19
22.1763978935147	9.30134407076766	19
22.178848156526	9.31206304362648	19
22.1814664835623	9.32274220705361	19
22.1842522285907	9.33337892612526	19
22.1872047042703	9.34397057639017	19
22.1903231821218	9.35451454451712	19
22.1936068927076	9.36500822893974	19
22.1970550258212	9.37544904049842	19
22.2006667306872	9.38583440307914	19
22.2044411161717	9.39616175424909	19
22.2083772510013	9.40642854588889	19
22.2124741639939	9.41663224482134	19
22.2167308442974	9.42677033343639	19
22.2211462416396	9.4368403103124	19
22.2257192665873	9.44683969083323	19
22.230448790815	9.45676600780137	19
22.2353336473834	9.46661681204665	19
22.2403726310272	9.4763896730305	19
22.2455644984526	9.48608217944574	19
22.2509079686441	9.49569193981141	19
22.2564017231802	9.50521658306295	19
22.2620444065594	9.51465375913716	19
22.2678346265338	9.52400113955206	19
22.2737709544533	9.53325641798138	19
22.2798519256179	9.54241731082367	19
22.2860760396389	9.5514815577657	19
22.2924417608093	9.56044692234016	19
22.2989475184827	9.56931119247751	19
22.3055917074607	9.57807218105172	19
22.3123726883891	9.58672772641995	19
22.3192887881623	9.5952756929559	19
22.3263383003362	9.60371397157674	19
22.3335194855491	9.61204048026347	19
22.3408305719511	9.62025316457468	19
22.3482697556409	9.6283499981534	19
22.3558352011114	9.63632898322709	19
22.363525041702	9.64418815110059	19
22.3713373800596	9.65192556264181	19
22.3792702886067	9.65953930876024	19
22.3873218100168	9.66702751087796	19
22.3954899576974	9.67438832139313	19
22.4037727162803	9.68161992413591	19
22.4121680421189	9.68872053481652	19
22.4206738637919	9.69568840146553	19
22.4292880826153	9.70252180486612	19
22.4380085731595	9.70921905897822	19
22.4468331837738	9.71577851135461	19
22.4557597371177	9.72219854354858	19
22.4647860306976	9.72847757151323	19
22.4739098374108	9.73461404599237	19
22.4831289060944	9.74060645290275	19
22.4924409620812	9.74645331370763	19
22.5018437077607	9.75215318578159	19
22.5113348231461	9.75770466276649	19
22.5209119664467	9.76310637491844	19
22.5305727746457	9.76835698944581	19
22.5403148640832	9.77345521083802	19
22.5501358310444	9.77839978118524	19
22.5600332523528	9.78318948048872	19
22.5700046859676	9.78782312696183	19
22.5800476715869	9.79229957732162	19
22.5901597312542	9.79661772707096	19
22.6003383699701	9.80077651077102	19
22.6105810763078	9.80477490230413	19
22.6208853230328	9.80861191512703	19
22.6312485677264	9.81228660251421	19
22.641668253413	9.81579805779154	19
22.6521418091911	9.81914541455998	19
22.6626666508675	9.82232784690933	19
22.6732401815951	9.82534456962203	19
22.6838597925134	9.8281948383669	19
22.6945228633922	9.83087794988276	19
22.7052267632783	9.833393242152	19
22.7159688511447	9.83574009456389	19
22.7267464765419	9.83791792806771	19
22.7375569802521	9.83992620531563	19
22.7483976949453	9.84176443079531	19
22.7592659458373	9.84343215095209	19
22.7701590513498	9.84492895430099	19
22.7810743237721	9.84625447152818	19
22.792009069924	9.84740837558211	19
22.8029605918206	9.84839038175424	19
22.8139261873376	9.84920024774922	19
22.8249031508784	9.84983777374475	19
22.8358887740417	9.85030280244082	19
22.8468803462891	9.85059521909855	19
22.8578751556148	9.85071495156853	19
22.8688704892141	9.85066197030854	19
22.8798636341528	9.85043628839094	19
22.8908518780371	9.85003796149934	19
22.9018325096821	9.84946708791495	19
22.9128028197813	9.84872380849228	19
22.9237601015748	9.84780830662442	19
22.9347016515173	9.84672080819774	19
22.9456247699451	9.84546158153622	19
22.9565267617421	9.84403093733518	19
22.9674049370051	9.84242922858468	19
22.9782566117069	9.8406568504824	19
22.9890791083594	9.83871424033608	19
22.9998697566733	9.83660187745574	19
23.0106258942177	9.8343202830353	19
23.0213448670765	9.83187002002403	19
23.0320240305036	9.82925169298769	19
23.0426607495753	9.82646594795928	19
23.0532523998402	9.8235134722797	19
23.0637963679671	9.82039499442816	19
23.0742900523897	9.81711128384239	19
23.0847308639484	9.81366315072885	19
23.0951162265291	9.8100514458628	19
23.1054435776991	9.80627706037835	19
23.1157103693389	9.80234092554866	19
23.1259140682713	9.79824401255609	19
23.1360521568864	9.79398733225263	19
23.1461221337624	9.78957193491043	19
23.1561215142832	9.78499890996275	19
23.1660478312514	9.78026938573503	19
23.1758986354966	9.77538452916662	19
23.1856714964805	9.77034554552279	19
23.1953640028957	9.76515367809736	19
23.2049737632614	9.75981020790591	19
23.214498406513	9.75431645336975	19
23.2239355825872	9.74867376999064	19
23.2332829630021	9.74288355001624	19
23.2425382414314	9.7369472220967	19
23.2516991342737	9.7308662509321	19
23.2607633812157	9.72464213691109	19
23.2697287457902	9.71827641574068	19
23.2785930159275	9.71177065806729	19
23.2873540045017	9.7051264690893	19
23.29600954987	9.69834548816092	19
23.3045575164059	9.69142938838772	19
23.3129957950267	9.68437987621384	19
23.3213223037135	9.67719869100091	19
23.3295349880247	9.66988760459894	19
23.3376318216034	9.6624484209091	19
23.3456108066771	9.65488297543865	19
23.3534699745506	9.64719313484805	19
23.3612073860918	9.6393807964904	19
23.3688211322102	9.6314478879433	19
23.376309334328	9.62339636653323	19
23.3836701448431	9.61522821885261	19
23.3909017475859	9.60694546026967	19
23.3980023582665	9.59855013443115	19
23.4049702249155	9.59004431275807	19
23.4118036283161	9.58143009393466	19
23.4185008824282	9.57270960339052	19
23.4250603348046	9.5638849927762	19
23.4314803669986	9.55495843943233	19
23.4377593949632	9.54593214585235	19
23.4438958694424	9.53680833913918	19
23.4498882763527	9.52758927045557	19
23.4557351371576	9.51827721446879	19
23.4614350092316	9.5088744687893	19
23.4669864862165	9.49938335340391	19
23.4723881983684	9.48980621010332	19
23.4776388128958	9.48014540190434	19
23.482737034288	9.47040331246682	19
23.4876816046352	9.46058234550556	19
23.4924713039387	9.45068492419722	19
23.4971049504118	9.4407134905824	19
23.5015814007716	9.43067050496312	19
23.505899550521	9.42055844529583	19
23.510058334221	9.41037980657993	19
23.5140567257541	9.40013710024223	19
23.517893738577	9.38983285351723	19
23.5215684259642	9.37946960882365	19
23.5250798812415	9.36904992313703	19
23.52842723801	9.35857636735891	19
23.5316096703593	9.34805152568245	19
23.534626393072	9.33747799495487	19
23.5374766618169	9.32685838403663	19
23.5401597733328	9.31619531315784	19
23.542675065602	9.30549141327168	19
23.5450219180139	9.29474932540528	19
23.5471997515177	9.28397170000809	19
23.5492080287656	9.2731611962979	19
23.5510462542453	9.26232048160474	19
23.5527139744021	9.25145223071274	19
23.554210777751	9.24055912520021	19
23.5555362949782	9.2296438527779	19
23.5566901990321	9.21870910662599	19
23.5576722052042	9.20775758472944	19
23.5584820711992	9.19679198921242	19
23.5591195971947	9.18581502567155	19
23.5595846258908	9.17482940250832	19
23.5598770425485	9.16383783026087	19
23.5599967750185	9.15284302093519	19
23.5599437937585	9.14184768733594	19
23.5597181118409	9.13085454239717	19
23.5593197849493	9.11986629851292	19
23.5587489113649	9.10888566686791	19
23.5580056319423	9.09791535676872	19
23.5570901300744	9.0869580749752	19
23.5560026316477	9.07601652503268	19
23.5547434049862	9.06509340660489	19
23.5533127607852	9.05419141480785	19
23.5517110520347	9.04331323954491	19
23.5499386739324	9.03246156484305	19
23.5479960637861	9.02163906819061	19
23.5459081023368	9.01096813129511	19
23.5430695937242	8.99703642978758	19
23.538901480474	8.97657891851026	19
23.5355499835289	8.960129483949	19
23.531102122403	8.93829906216483	19
23.5253592393888	8.91011268138385	19
23.5181194502416	8.87457955795857	19
23.5091816918861	8.83071296701868	19
23.4983497701231	8.77755011312177	19
23.4854364073363	8.71417200090406	19
23.4702672901992	8.6397233057312	19
23.452685117382	8.55343224434886	19
23.4325536472578	8.45463044553363	19
23.4097617456099	8.34277282074368	19
23.3842274333386	8.2174574347695	19
23.3559019021088	8.07844521893202	19
23.3247723913574	7.92567409198094	19
23.290861578963	7.75925595826139	19
23.2542253206597	7.57946559593277	19
23.2149503049805	7.38672913032189	19
23.1731517082002	7.18161250727393	19
23.1289708492786	6.96480996650393	19
23.0825728448035	6.73713251494763	19
23.0341442639339	6.49949640011276	19
22.9838907833428	6.25291158342983	19
22.9320348421603	5.99847021360381	19
22.8788132969167	5.7373350999646	19
22.8244750764856	5.47072818581873	19
22.7692788370269	5.19991902180022	19
22.7134906169298	4.92621323922146	19
22.6573814917557	4.65094102342483	19
22.6012252292332	4.37544558753142	19
22.5452959466222	4.10107166448142	19
22.4898657764541	3.8291540637213	19
22.4352025368206	3.56100626299691	19
22.3815674019458	3.29790900234147	19
22.3292125727602	3.0410988780636	19
22.2783789474726	2.79175693673626	19
22.2292937921438	2.55099726918433	19
22.182168411259	2.31985560447386	19
22.1371958183008	2.09927790389938	19
22.0945484063226	1.89010895497307	19
22.0543756185207	1.69308096541248	19
22.0168016188079	1.50880215712931	19
21.9819229623862	1.33774536021754	19
21.9498062663194	1.18023660694159	19
21.9204858801068	1.03644372572505	19
21.8939615695181	0.906365000132986	19
21.8701970101162	0.789821795667947	19
21.8491215932095	0.686467418910375	19
21.8306342914141	0.595806069639977	19
21.8146076802276	0.517212557479976	19
21.8008919596464	0.449952018756033	19
21.789318975783	0.39319963335495	19
21.7797062424838	0.346060341583417	19
21.7718609629461	0.307588561026879	19
21.7655840513356	0.27680790340824	19
21.7606741544039	0.252730891446674	19
21.7569316731058	0.234378675716385	19
21.7541627842167	0.220800751505379	19
21.7508234995748	0.204425783515035	19
21.7487891721387	0.194449988299937	19
21.7467838626253	0.184619823923356	19
21.7445317353324	0.173610989584859	19
21.7424356011957	0.16340248814581	19
21.7401406184964	0.152265017402961	19
21.7378831545629	0.141346668863022	19
21.7351995389454	0.128411087276294	19
21.7328771200924	0.117252139908675	19
21.7302648817465	0.10473733283002	19
21.7273401445223	0.0907685012866359	19
21.7252052037177	0.0805989154654156	19
21.7229139278763	0.0697088049055026	19
21.7204591113023	0.0580679615919024	19
21.7178334266446	0.0456459476902964	19
21.7150294281708	0.0324121242742237	19
21.7120395550414	0.0183356800521537	19
21.7088561345838	0.00338566009468266	19
21.7054713855663	-0.0124690054383976	19
21.701877421472	-0.0292594725709101	19
21.6980662537733	-0.0470169547831887	19
21.6940297952052	-0.065772694284945	19
21.6897598630399	-0.0855579332881042	19
21.6875347619585	-0.0958463712249831	19
21.6852481823607	-0.106403885279711	19
21.6828990760147	-0.117234367936852	19
21.6804863893359	-0.128341706294776	19
21.6780090634896	-0.13972978116794	19
21.6754660344929	-0.151402466189147	19
21.6728562333178	-0.163363626911828	19
21.6701785859924	-0.175617119912346	19
21.6674320137043	-0.188166791892236	19
21.6646154329021	-0.201016478780495	19
21.6617277553982	-0.214170004835879	19
21.6587678884709	-0.227631181749139	19
21.6557347349668	-0.241403807745336	19
21.6526271934031	-0.255491666686098	19
21.6494441580698	-0.269898527171915	19
21.6461845191321	-0.284628141644383	19
21.6428471627328	-0.299684245488528	19
21.6394309710947	-0.315070556135026	19
21.6359348226223	-0.330790772162544	19
21.6323575920049	-0.346848572399956	19
21.6286981503186	-0.363247615028666	19
21.6249553651283	-0.379991536684862	19
21.6211281005907	-0.397083951561786	19
21.6172152175557	-0.414528450512051	19
21.6132155736697	-0.432328600149866	19
21.6091280234773	-0.450487941953348	19
21.6049514185236	-0.469009991366789	19
21.6006846074568	-0.487898236902922	19
21.5963264361304	-0.507156139245232	19
21.5918757477054	-0.526787130350179	19
21.5873313827529	-0.546794612549533	19
21.5826921793559	-0.5671819576526	19
21.5779569732121	-0.587952506048552	19
21.5731245977363	-0.609109565808648	19
21.568193884162	-0.630656411788546	19
21.5631636616446	-0.652596284730592	19
21.5580327573629	-0.674932390366031	19
21.5527999966221	-0.697667898517398	19
21.5474642029557	-0.720805942200652	19
21.5420241982279	-0.74434961672759	19
21.5364788027359	-0.768301978808019	19
21.5308268353126	-0.792666045652108	19
21.525067113428	-0.817444794072628	19
21.5191984532926	-0.842641159587203	19
21.513219669959	-0.868258035520668	19
21.5071295774242	-0.89429827210726	19
21.5009269887324	-0.920764675592949	19
21.494610716077	-0.947660007337682	19
21.4881795709029	-0.974986982917706	19
21.4816323640088	-1.00274827122778	19
21.4749679056497	-1.03094649358351	19
21.468185005639	-1.0595842228236	19
21.461282473451	-1.08866398241211	19
21.4542591183229	-1.1181882455408	19
21.4471137493577	-1.14815943423133	19
21.4398451756257	-1.17857991843757	19
21.4324522062677	-1.20945201514787	19
21.4249336505965	-1.24077798748738	19
21.4172883181998	-1.27256004382026	19
21.4095150190423	-1.30480033685198	19
21.4016125635678	-1.33750096273165	19
21.393579762802	-1.37066396015418	19
21.3854154284544	-1.40429130946271	19
21.3771183730207	-1.43838493175074	19
21.3686874098852	-1.47294668796451	19
21.3601213534233	-1.50797837800521	19
21.3514190191032	-1.54348173983134	19
21.3425792235889	-1.57945844856089	19
21.3336007848421	-1.61591011557364	19
21.3244825222247	-1.65283828761353	19
21.3152232566009	-1.69024444589082	19
21.3058218104398	-1.72813000518441	19
21.2962770079176	-1.76649631294411	19
21.2865876750198	-1.80534464839297	19
21.2767526396436	-1.84467622162948	19
21.2667707317003	-1.8844921727299	19
21.2566407832173	-1.92479357085049	19
21.2463616284409	-1.96558141332984	19
21.2359321039383	-2.00685662479109	19
21.2253510486998	-2.04862005624431	19
21.2146173042415	-2.09087248418863	19
21.2037297147072	-2.13361460971461	19
21.1926871269711	-2.17684705760654	19
21.1814883907398	-2.22057037544463	19
21.1701323586548	-2.26478503270735	19
21.1586178863945	-2.30949141987372	19
21.1469438327772	-2.35468984752552	19
21.1351090598627	-2.4003805454496	19
21.1231124330548	-2.44656366174022	19
21.1109528212039	-2.49323926190119	19
21.098629096709	-2.5404073279483	19
21.0861401356203	-2.58806775751148	19
21.0734848177411	-2.63622036293715	19
21.0606620267305	-2.6848648703904	19
21.0476706502055	-2.73400091895744	19
21.0345095798435	-2.7836280597477	19
21.0211777114844	-2.83374575499618	19
21.0076739452329	-2.88435337716576	19
20.9939971855612	-2.93545020804943	19
20.9801463414107	-2.98703543787257	19
20.9661203262951	-3.03910816439524	19
20.9519180584017	-3.09166739201446	19
20.9375384606948	-3.14471203086648	19
20.9229804610172	-3.19824089592907	19
20.9082429921928	-3.25225270612376	19
20.8933249921289	-3.30674608341816	19
20.8782254039192	-3.36171955196079	19
20.8629431759515	-3.41717153775779	19
20.8474772620277	-3.47310036937504	19
20.8318266214862	-3.52950427893907	19
20.8159902193242	-3.58638140314482	19
20.7999670263211	-3.64372978426326	19
20.7837560191603	-3.70154737114925	19
20.7673561805522	-3.75983202024918	19
20.7507664993571	-3.81858149660872	19
20.7339859707073	-3.87779347488055	19
20.7170135961301	-3.93746554033212	19
20.6998483836703	-3.99759518985332	19
20.6824893480131	-4.05817983296423	19
20.6649355106062	-4.11921679282289	19
20.6471858997828	-4.18070330723297	19
20.6292395508844	-4.24263652965152	19
20.611095506383	-4.3050135301967	19
20.592752816004	-4.36783129665554	19
20.5742105368489	-4.43108673549158	19
20.5554677335176	-4.49477667285272	19
20.5365234782314	-4.55889785557883	19
20.5173768509555	-4.62344695220955	19
20.4980269395217	-4.688420553992	19
20.4784728397508	-4.75381517588853	19
20.4587136555753	-4.81962725758438	19
20.4387484991626	-4.88585316449549	19
20.4185764910367	-4.9524891887762	19
20.3981967602014	-5.01953155032691	19
20.3776084442631	-5.08697639780196	19
20.3568106895529	-5.1548198096172	19
20.3358026512495	-5.22305779495781	19
20.3145834935022	-5.291686294786	19
20.2931523895526	-5.36070118284874	19
20.2715085218585	-5.43009826668549	19
20.2496510822152	-5.49987328863595	19
20.2275792718793	-5.57002192684773	19
20.2052923016904	-5.64053979628414	19
20.1827893921946	-5.7114224497319	19
20.1600697737663	-5.78266537880884	19
20.1371326867314	-5.85426401497166	19
20.1139773814898	-5.92621373052365	19
20.090603118638	-5.99850983962242	19
20.0670091690916	-6.07114759928761	19
20.0431948142082	-6.14412221040866	19
20.0191593459098	-6.21742881875249	19
19.9949020668058	-6.29106251597124	19
19.970422290315	-6.36501834061005	19
19.9457193407888	-6.43929127911468	19
19.9207925536338	-6.51387626683938	19
19.895641275434	-6.58876818905448	19
19.8702648640739	-6.66396188195424	19
19.8446626888608	-6.73945213366444	19
19.8188341306478	-6.81523368525028	19
19.7927785819561	-6.89130123172394	19
19.7664954470978	-6.96764942305241	19
19.7399841422984	-7.04427286516522	19
19.7132440958196	-7.12116612096209	19
19.6862747480819	-7.19832371132076	19
19.6590755517872	-7.27574011610463	19
19.6316459720413	-7.35340977517054	19
19.6039854864768	-7.43132708937646	19
19.5760935853757	-7.50948642158929	19
19.5479697717917	-7.5878820976925	19
19.5196135616733	-7.66650840759392	19
19.491024483986	-7.74535960623342	19
19.4622020808354	-7.8244299145907	19
19.4331459075894	-7.90371352069295	19
19.403855533001	-7.98320458062264	19
19.3743305393311	-8.06289721952519	19
19.3445705224709	-8.14278553261676	19
19.3145750920646	-8.22286358619193	19
19.2843438716322	-8.30312541863143	19
19.2538764986918	-8.38356504140991	19
19.2231726248826	-8.46417644010361	19
19.1922319160872	-8.54495357539816	19
19.1610540525546	-8.62589038409624	19
19.1296387290225	-8.70698078012532	19
19.0979856548402	-8.78821865554544	19
19.0660945540909	-8.86959788155688	19
19.0339651657147	-8.95111230950793	19
19.0015972436311	-9.03275577190258	19
18.9689905568614	-9.11452208340825	19
18.9361448896519	-9.19640504186358	19
18.9030600415959	-9.27839842928608	19
18.8697358277568	-9.36049601287991	19
18.8361720787903	-9.44269154604359	19
18.8023686410677	-9.5249787693777	19
18.7683253767977	-9.60735141169266	19
18.7340421641497	-9.68980319101645	19
18.6995188973762	-9.77232781560228	19
18.6647554869353	-9.8549189849364	19
18.6297518596137	-9.93757039074577	19
18.5945079586488	-10.0202757180058	19
18.5590237438519	-10.1030286459482	19
18.5232991917305	-10.1858228490683	19
18.4873342956108	-10.2686519981334	19
18.4511290657609	-10.35150976119	19
18.4146835295129	-10.4343898045718	19
18.3779977313856	-10.5172857939072	19
18.3410717332075	-10.6001913951272	19
18.303905614239	-10.6831002754731	19
18.2664994712954	-10.7660061045043	19
18.2288534188691	-10.8489025551058	19
18.1909675892526	-10.9317833044961	19
18.1528421326612	-11.0146420352349	19
18.1144772173553	-11.0974724362309	19
18.0758730297632	-11.1802682037494	19
18.0370297746038	-11.2630230424201	19
17.9979476750091	-11.3457306662447	19
17.9586269726469	-11.4283847996049	19
17.9190679278435	-11.5109791782699	19
17.8792708197063	-11.5935075504041	19
17.8392359462464	-11.6759636775751	19
17.7989636245011	-11.7583413357612	19
17.7584541906568	-11.840634316359	19
17.7177080001716	-11.9228364271915	19
17.6767254278977	-12.0049414935157	19
17.6355068682043	-12.0869433590301	19
17.5940527351	-12.1688358868825	19
17.5523634623558	-12.2506129606781	19
17.5104395036271	-12.3322684854868	19
17.4682813325771	-12.4137963888511	19
17.425889442999	-12.4951906217937	19
17.3832643489384	-12.5764451598256	19
17.3404065848167	-12.6575540039532	19
17.2973167055529	-12.7385111816867	19
17.2539952866867	-12.8193107480473	19
17.2104429245012	-12.8999467865754	19
17.1666602361452	-12.9804134103378	19
17.1226478597561	-13.0607047629358	19
17.0784064545823	-13.140815019513	19
17.0339367011063	-13.2207383877625	19
16.9892393011667	-13.3004691089355	19
16.9443149780813	-13.3800014588479	19
16.8991644767695	-13.4593297488892	19
16.8537885638752	-13.5384483270293	19
16.8081880278891	-13.6173515788268	19
16.7623636792716	-13.6960339284364	19
16.7163163505752	-13.7744898396169	19
16.6700468965674	-13.8527138167388	19
16.6235561943531	-13.9307004057917	19
16.5768451434974	-14.0084441953927	19
16.5299146661482	-14.0859398177936	19
16.4827657071587	-14.1631819498889	19
16.4353992342103	-14.2401653142233	19
16.3878162379348	-14.3168846799996	19
16.3400177320377	-14.3933348640864	19
16.2920047534202	-14.4695107320259	19
16.2437783623021	-14.5454071990415	19
16.1953396423444	-14.6210192310453	19
16.1466897007721	-14.6963418456465	19
16.0978296684966	-14.7713701131585	19
16.0487607002384	-14.8460991576068	19
15.9994839746498	-14.920524157737	19
15.9500006944375	-14.9946403480222	19
15.9003120864852	-15.0684430196708	19
15.8504194019762	-15.1419275216342	19
15.8003239165164	-15.2150892616148	19
15.7500269302562	-15.2879237070734	19
15.699529768014	-15.360426386237	19
15.648833779398	-15.4325928891067	19
15.5979403389297	-15.5044188684652	19
15.5468508461657	-15.5759000408846	19
15.4955667258208	-15.6470321877345	19
15.4440894278907	-15.7178111561889	19
15.3924204277743	-15.7882328602348	19
15.3405612263967	-15.8582932816793	19
15.2885133503316	-15.9279884711578	19
15.2362783519238	-15.9973145491412	19
15.1838578094124	-16.0662677069444	19
15.1312533270526	-16.1348442077331	19
15.0784665352392	-16.2030403875322	19
15.0254990906287	-16.2708526562333	19
14.9723526762621	-16.3382774986024	19
14.9190290016872	-16.4053114752878	19
14.8655298030821	-16.4719512238276	19
14.8118568433768	-16.5381934596576	19
14.7580119123765	-16.6040349771188	19
14.703996826884	-16.6694726504654	19
14.6498134308226	-16.7345034348725	19
14.5954635953581	-16.7991243674436	19
14.5409492190221	-16.8633325682185	19
14.4862722278345	-16.9271252411811	19
14.4314345754257	-16.9904996752667	19
14.3764382431354	-17.0534532452896	19
14.3212852399071	-17.1159834121977	19
14.2659776019504	-17.1780877225588	19
14.210517392365	-17.2397638079203	19
14.1549067007644	-17.3010093841668	19
14.099147642899	-17.3618222508789	19
14.0432423602801	-17.4222002906917	19
13.9871930198033	-17.4821414686523	19
13.9310018133718	-17.5416438315793	19
13.8746709575207	-17.60070550742	19
13.8182026930397	-17.6593247046094	19
13.7615992845974	-17.7174997114285	19
13.7048630203643	-17.7752288953624	19
13.6479962116367	-17.8325107024585	19
13.5910011924603	-17.8893436566855	19
13.5338803192535	-17.9457263592909	19
13.4766359704311	-18.0016574881598	19
13.419270546028	-18.0571357971733	19
13.3617864673226	-18.1121601155663	19
13.3041861764605	-18.1667293472866	19
13.2464721360778	-18.2208424703526	19
13.1886468289251	-18.2744985362119	19
13.1307127574906	-18.3276966690995	19
13.0726724436241	-18.3804360653962	19
13.0145284281602	-18.4327159929872	19
12.9562832705421	-18.4845357906198	19
12.8979395484452	-18.5358948672622	19
12.8394998574003	-18.586792701462	19
12.7809668104178	-18.6372288407037	19
12.7223430376106	-18.6872029007682	19
12.6636311858181	-18.73671456509	19
12.6048339182296	-18.7857635841162	19
12.545953914008	-18.8343497746648	19
12.4869938679131	-18.8824730192828	19
12.4279564899256	-18.9301332656045	19
12.3688445048702	-18.97733052571	19
12.3096606520394	-19.0240648754837	19
12.2504076848171	-19.070336453972	19
12.1910883703023	-19.1161454627424	19
12.1317054889321	-19.1614921652413	19
12.072261834106	-19.2063768861524	19
12.0127602118089	-19.2508000107553	19
11.9532034402349	-19.2947619842836	19
11.8935943494111	-19.3382633112832	19
11.8339357808207	-19.3813045549707	19
11.7742305870268	-19.4238863365919	19
11.7144816312961	-19.4660093347796	19
11.6546917872222	-19.5076742849128	19
11.5948639383493	-19.5488819784741	19
11.5350009777959	-19.5896332624085	19
11.4751058078781	-19.629929038482	19
11.4151813397334	-19.6697702626391	19
11.3552304929441	-19.7091579443621	19
11.2952561951609	-19.7480931460287	19
11.2352613817267	-19.7865769822706	19
11.1752489952997	-19.8246106193318	19
11.1152219854776	-19.8621952744272	19
11.0551833084204	-19.8993322151003	19
10.9951359264747	-19.9360227585821	19
10.9350828077968	-19.9722682711493	19
10.8750269259765	-20.0080701674824	19
10.8149712596606	-20.0434299100244	19
10.7549187921762	-20.0783490083385	19
10.6948725111548	-20.1128290184674	19
10.6348354081556	-20.1468715422906	19
10.5748104782889	-20.1804782268835	19
10.5148007198398	-20.2136507638753	19
10.454809133892	-20.2463908888075	19
10.3948387239511	-20.2787003804922	19
10.3348924955679	-20.3105810603703	19
10.2749734559629	-20.34203479187	19
10.2150846136487	-20.3730634797653	19
10.1552289780546	-20.4036690695337	19
10.0954095591492	-20.4338535467152	19
10.035629367065	-20.4636189362704	19
9.97589141172106	-20.4929673019385	19
9.9161987024471	-20.5219007455963	19
9.85655424760689	-20.5504214066158	19
9.79696105422186	-20.578531461223	19
9.73742212759461	-20.6062331218562	19
9.67794047093257	-20.6335286365242	19
9.61851908497149	-20.6604202881644	19
9.55916096759903	-20.6869103940017	19
9.49986911347836	-20.7130013049064	19
9.44064651367168	-20.7386954047527	19
9.38149615526383	-20.7639951097768	19
9.32242102098581	-20.7889028679357	19
9.26342408883839	-20.8134211582648	19
9.20450833171571	-20.8375524902371	19
9.14567671702871	-20.8612994031209	19
9.08693220632887	-20.8846644653381	19
9.02827775493167	-20.9076502738232	19
8.9697163115402	-20.9302594533807	19
8.91125081786869	-20.9524946560443	19
8.85288420826613	-20.9743585604346	19
8.7946194093398	-20.9958538711177	19
8.73645933957886	-21.0169833179634	19
8.67840690897789	-21.0377496555038	19
8.62046501866049	-21.0581556622913	19
8.56263656050284	-21.0782041402572	19
8.50492441675724	-21.0978979140698	19
8.44733145967574	-21.1172398304928	19
8.38986055113363	-21.1362327577437	19
8.33251454225306	-21.1548795848521	19
8.2752962730266	-21.173183221018	19
8.21820857194079	-21.1911465949702	19
8.16125425559976	-21.2087726543245	19
8.10443612834871	-21.226064364942	19
8.04775698189756	-21.2430247102878	19
7.99121959494447	-21.2596566907888	19
7.93482673279943	-21.2759633231924	19
7.87858114700783	-21.2919476399247	19
7.82248557497401	-21.3076126884489	19
7.76654273958484	-21.3229615306234	19
7.71075534883329	-21.3379972420605	19
7.655126095442	-21.3527229114843	19
7.59965765648682	-21.3671416400896	19
7.54435269302044	-21.3812565408995	19
7.48921384969587	-21.3950707381243	19
7.43424375439011	-21.4085873665198	19
7.37944501782762	-21.4218095707451	19
7.32482023320397	-21.4347405047215	19
7.27037197580935	-21.4473833309908	19
7.21610280265216	-21.4597412200731	19
7.16201525208259	-21.4718173498257	19
7.10811184341617	-21.4836149048013	19
7.05439507655735	-21.4951370756059	19
7.00086743162304	-21.5063870582579	19
6.94753136856623	-21.5173680535456	19
6.89438932679951	-21.5280832663862	19
6.84144372481868	-21.5385359051838	19
6.78869695982626	-21.5487291811877	19
6.73615140735513	-21.5586663078508	19
6.68380942089203	-21.568350500188	19
6.63167333150118	-21.5777849741346	19
6.57974544744781	-21.5869729459043	19
6.52802805382177	-21.5959176313478	19
6.47652341216106	-21.6046222453109	19
6.42523376007541	-21.6130900009933	19
6.37416131086984	-21.6213241093064	19
6.32330825316828	-21.6293277782319	19
6.27267675053705	-21.6371042121799	19
6.2222689411085	-21.6446566113478	19
6.17208693720453	-21.6519881710777	19
6.12213282496022	-21.6591020812157	19
6.07240866394732	-21.6660015254695	19
6.02291648679789	-21.6726896807673	19
5.9736582988278	-21.6791697166154	19
5.92463607766036	-21.6854447944574	19
5.87585177284985	-21.6915180670318	19
5.82730730550511	-21.6973926777309	19
5.77900456791309	-21.7030717599586	19
5.73094542316244	-21.708558436489	19
5.68313170476703	-21.713855818825	19
5.63556521628959	-21.7189670065559	19
5.58824773096522	-21.7238950867166	19
5.54118099132498	-21.7286431331452	19
5.49436670881947	-21.7332142058417	19
5.44780656344237	-21.7376113503263	19
5.40150220335404	-21.7418375969976	19
5.35545524450504	-21.7458959604912	19
5.30966727025977	-21.7497894390375	19
5.26413983101996	-21.7535210138207	19
5.21887444384831	-21.7570936483367	19
5.17387259209199	-21.7605102877514	19
5.12913572500627	-21.7637738582593	19
5.08466525737805	-21.7668872664415	19
5.04046256914942	-21.7698533986245	19
4.99652900504129	-21.772675120238	19
4.95286587417686	-21.7753552751735	19
4.9094744497053	-21.7778966851426	19
4.86635596842521	-21.7803021490355	19
4.82351163040827	-21.7825744422788	19
4.78094259862277	-21.7847163161946	19
4.73864999855717	-21.7867304973581	19
4.6966349178437	-21.7886196869563	19
4.65489840588193	-21.7903865601463	19
4.61344147346226	-21.7920337654137	19
4.57226509238962	-21.7935639239306	19
4.53137019510692	-21.7949796289143	19
4.49075767431865	-21.7962834449855	19
4.45042838261453	-21.7974779075265	19
4.41038313209294	-21.7985655220397	19
4.37062269398559	-21.799548763507	19
4.33114779835938	-21.8004300758403	19
4.29195913417542	-21.8012118717503	19
4.2530573495953	-21.8018965329068	19
4.21444305230909	-21.8024864101233	19
4.17611680986344	-21.8029838235425	19
4.13807914998962	-21.8033910628212	19
4.10033056093151	-21.8037103873154	19
4.06287149177371	-21.8039440262658	19
4.02570235276956	-21.8040941789824	19
3.98882351566919	-21.8041630150303	19
3.95223531404753	-21.8041526744141	19
3.91593804363243	-21.8040652677638	19
3.87993196263265	-21.8039028765191	19
3.84421729206591	-21.8036675531155	19
3.80879421608695	-21.8033613211686	19
3.77366288231557	-21.8029861756597	19
3.73882340216469	-21.8025440831208	19
3.70427585116836	-21.8020369818198	19
3.67002026930985	-21.8014667819455	19
3.63605666134967	-21.800835365793	19
3.6023849971536	-21.8001445879485	19
3.56900521202079	-21.7993962754748	19
3.53591720701174	-21.7985922280962	19
3.50312084927641	-21.7977342183835	19
3.47061597238219	-21.7968239919398	19
3.43840237664204	-21.7958632675847	19
3.40647982944244	-21.7948537375402	19
3.37484806557151	-21.7937970676155	19
3.34350678754701	-21.7926948973923	19
3.31245566594442	-21.7915488404096	19
3.28169433972495	-21.7903604843494	19
3.25122241656362	-21.7891313912212	19
3.22103947317727	-21.7878630975478	19
3.19114505565265	-21.7865571145498	19
3.16153867977442	-21.7852149283313	19
3.13221983135323	-21.7838380000646	19
3.10318796655374	-21.7824277661756	19
3.07444251222271	-21.780985638529	19
3.04598286621697	-21.779513004613	19
3.01780839773155	-21.7780112277251	19
2.98991844762766	-21.7764816471566	19
2.96231232876077	-21.7749255783782	19
2.93498932630866	-21.7733443132249	19
2.90794869809944	-21.7717391200813	19
2.88118967493961	-21.7701112440666	19
2.8547114609421	-21.7684619072196	19
2.82851323385435	-21.7667923086844	19
2.80259414538629	-21.7651036248949	19
2.77695332153844	-21.7633970097603	19
2.75158986292994	-21.7616735948501	19
2.72650284512659	-21.7599344895795	19
2.70169131896891	-21.758180781394	19
2.67715431090015	-21.7564135359551	19
2.6528908232944	-21.7546337973252	19
2.62889983478456	-21.7528425881526	19
2.60518030059045	-21.7510409098571	19
2.58173115284681	-21.7492297428145	19
2.55855130093138	-21.7474100465423	19
2.53563963179293	-21.7455827598844	19
2.51299501027929	-21.7437488011968	19
2.49061627946543	-21.7419090685321	19
2.46850226098149	-21.740064439825	19
2.44665175534079	-21.7382157730774	19
2.42506354226796	-21.7363639065436	19
2.4037363810269	-21.7345096589153	19
2.38266901074887	-21.7326538295066	19
2.36186015076053	-21.7307971984397	19
2.34130850091199	-21.7289405268294	19
2.32101274190483	-21.7270845569687	19
2.30097153562018	-21.7252300125136	19
2.28118352544675	-21.7233775986686	19
2.26164733660886	-21.7215280023714	19
2.24236157649453	-21.7196818924784	19
2.22332483498346	-21.7178399199498	19
2.20453568477515	-21.7160027180346	19
2.18599268171688	-21.7141709024557	19
2.16769436513182	-21.7123450715952	19
2.149639258147	-21.7105258066796	19
2.13182586802143	-21.7087136719648	19
2.11425268647409	-21.7069092149211	19
2.09691819001201	-21.7051129664185	19
2.07982084025831	-21.7033254409122	19
2.06295908428022	-21.7015471366269	19
2.04633135491715	-21.6997785357428	19
2.02993607110876	-21.6980201045802	19
2.01377163822294	-21.6962722937848	19
1.99783644838392	-21.6945355385128	19
1.98212888080027	-21.6928102586163	19
1.96664730209297	-21.6910968588281	19
1.95139006662345	-21.6893957289468	19
1.93635551682166	-21.6877072440223	19
1.92154198351405	-21.6860317645408	19
1.90694778625169	-21.6843696366098	19
1.89257123363827	-21.6827211921432	19
1.87841062365817	-21.6810867490468	19
1.86446424400447	-21.679466611403	19
1.85073037240706	-21.6778610696564	19
1.83720727696061	-21.6762704007985	19
1.82389321645267	-21.674694868553	19
1.81078644069171	-21.6731347235611	19
1.79788519083513	-21.6715902035664	19
1.78518769971734	-21.6700615336003	19
1.7726921921778	-21.6685489261669	19
1.76039688538907	-21.6670525814281	19
1.74829998918482	-21.6655726873891	19
1.73639970638793	-21.6641094200832	19
1.7246942331385	-21.6626629437571	19
1.7131817592219	-21.6612334110559	19
1.70186046839682	-21.6598209632085	19
1.69072853872333	-21.6584257302123	19
1.6797841428909	-21.6570478310189	19
1.66902544854647	-21.6556873737189	19
1.65845061862245	-21.6543444557268	19
1.64805781166486	-21.653019163967	19
1.63784518216125	-21.6517115750578	19
1.62781088086886	-21.6504217554974	19
1.6082698492631	-21.6478956409248	19
1.58941986076391	-21.645441156862	19
1.57124602059683	-21.6430584898449	19
1.55373340579405	-21.6407476822566	19
1.5368670756919	-21.6385086382522	19
1.52063208242827	-21.6363411296827	19
1.50501348144013	-21.6342448020205	19
1.48999634196096	-21.6322191802827	19
1.47556575751823	-21.6302636749567	19
1.46170685643086	-21.6283775879239	19
1.44840481230667	-21.6265601183845	19
1.4356448545399	-21.624810368782	19
1.4234122788086	-21.6231273507277	19
1.41169245757217	-21.6215099909251	19
1.40047085056875	-21.6199571370944	19
1.38973301531277	-21.6184675638971	19
1.37946461759232	-21.6170399788604	19
1.36491115517411	-21.6150118526467	19
1.35133455207786	-21.6131153453859	19
1.33868812175246	-21.6113454265202	19
1.32692599149954	-21.6096968755882	19
1.31600318218862	-21.608164327214	19
1.30587568797224	-21.6067423160963	19
1.29353544128864	-21.6050087046681	19
1.28243421302532	-21.6034486972362	19
1.27247727405597	-21.6020493601662	19
1.26150285246881	-21.6005070060864	19
1.25027371196139	-21.5989288533065	19
1.23951436399091	-21.5974167255619	19
1.22880331596771	-21.5959113859322	19
1.2188547433628	-21.5945132052342	19
1.20884668180121	-21.5931066639085	19
